22 0.854688 0.356250 0.846875 0.360417 0.846875 0.408333 0.848437 0.454167 0.850000 0.485417 0.851562 0.500000 0.853125 0.512500 0.854688 0.516667 0.860938 0.520833 0.876563 0.520833 0.882812 0.518750 0.887500 0.512500 0.887500 0.468750 0.885938 0.404167 0.884375 0.364583 0.882812 0.362500 0.882812 0.356250 0.854688 0.356250
1 0.848437 0.310417 0.823438 0.312500 0.798438 0.314583 0.789062 0.316667 0.784375 0.318750 0.779687 0.320833 0.776563 0.322917 0.773438 0.325000 0.770312 0.329167 0.768750 0.329167 0.767188 0.331250 0.765625 0.335417 0.764062 0.341667 0.764062 0.360417 0.767188 0.372917 0.768750 0.385417 0.768750 0.404167 0.770312 0.418750 0.771875 0.433333 0.778125 0.475000 0.779687 0.489583 0.782813 0.520833 0.784375 0.554167 0.789062 0.600000 0.792188 0.614583 0.792188 0.629167 0.793750 0.647917 0.795312 0.654167 0.798438 0.658333 0.803125 0.658333 0.809375 0.656250 0.810937 0.654167 0.837500 0.647917 0.846875 0.643750 0.860938 0.637500 0.870313 0.631250 0.873437 0.629167 0.875000 0.614583 0.870313 0.608333 0.867188 0.600000 0.862500 0.589583 0.862500 0.585417 0.859375 0.581250 0.857812 0.575000 0.856250 0.566667 0.854688 0.558333 0.853125 0.539583 0.853125 0.520833 0.850000 0.508333 0.845313 0.450000 0.840625 0.425000 0.840625 0.410417 0.839063 0.400000 0.834375 0.383333 0.832812 0.372917 0.834375 0.368750 0.835938 0.364583 0.837500 0.362500 0.843750 0.356250 0.846875 0.350000 0.848437 0.343750 0.850000 0.335417 0.851562 0.318750 0.851562 0.314583 0.848437 0.310417
18 0.648438 0.131250 0.643750 0.133333 0.631250 0.141667 0.623437 0.147917 0.609375 0.166667 0.607812 0.170833 0.607812 0.175000 0.604688 0.179167 0.603125 0.185417 0.601562 0.191667 0.601562 0.197917 0.600000 0.204167 0.590625 0.235417 0.589063 0.247917 0.589063 0.270833 0.590625 0.279167 0.595313 0.291667 0.609375 0.310417 0.612500 0.312500 0.615625 0.314583 0.626563 0.316667 0.631250 0.320833 0.640625 0.320833 0.650000 0.318750 0.654687 0.316667 0.665625 0.310417 0.670312 0.306250 0.675000 0.302083 0.692187 0.285417 0.704688 0.268750 0.712500 0.256250 0.715625 0.250000 0.717187 0.245833 0.718750 0.241667 0.720313 0.227083 0.720313 0.193750 0.718750 0.185417 0.714063 0.170833 0.709375 0.160417 0.700000 0.147917 0.693750 0.141667 0.684375 0.135417 0.676562 0.131250 0.648438 0.131250
20 0.845313 0.733333 0.837500 0.735417 0.829688 0.739583 0.825000 0.743750 0.820312 0.747917 0.803125 0.764583 0.776563 0.791667 0.768750 0.800000 0.759375 0.812500 0.754687 0.825000 0.754687 0.850000 0.756250 0.856250 0.757812 0.860417 0.768750 0.875000 0.771875 0.877083 0.776563 0.879167 0.784375 0.881250 0.787500 0.881250 0.796875 0.879167 0.801562 0.877083 0.804688 0.875000 0.812500 0.868750 0.818750 0.862500 0.825000 0.854167 0.831250 0.847917 0.848437 0.831250 0.854688 0.825000 0.859375 0.822917 0.868750 0.812500 0.873437 0.806250 0.876563 0.800000 0.879687 0.793750 0.881250 0.787500 0.882812 0.775000 0.881250 0.764583 0.879687 0.758333 0.875000 0.750000 0.870313 0.743750 0.865625 0.739583 0.862500 0.737500 0.857812 0.735417 0.848437 0.733333 0.845313 0.733333
21 0.478125 0.195833 0.475000 0.197917 0.471875 0.202083 0.467187 0.212500 0.462500 0.225000 0.460938 0.231250 0.460938 0.235417 0.465625 0.241667 0.470313 0.245833 0.475000 0.250000 0.493750 0.262500 0.512500 0.279167 0.529687 0.291667 0.532813 0.293750 0.535937 0.293750 0.545312 0.302083 0.548438 0.302083 0.560937 0.285417 0.559375 0.275000 0.557813 0.275000 0.554688 0.270833 0.554688 0.266667 0.557813 0.262500 0.559375 0.258333 0.553125 0.254167 0.543750 0.243750 0.532813 0.235417 0.521875 0.229167 0.514062 0.220833 0.487500 0.200000 0.484375 0.197917 0.478125 0.195833
24 0.317188 0.266667 0.312500 0.272917 0.307812 0.283333 0.304688 0.291667 0.300000 0.308333 0.295312 0.320833 0.290625 0.327083 0.289062 0.331250 0.289062 0.335417 0.278125 0.362500 0.268750 0.379167 0.265625 0.389583 0.260937 0.400000 0.253125 0.412500 0.248438 0.420833 0.246875 0.425000 0.245312 0.433333 0.243750 0.437500 0.235937 0.456250 0.229687 0.470833 0.225000 0.481250 0.215625 0.497917 0.204687 0.522917 0.195312 0.547917 0.189062 0.562500 0.184375 0.568750 0.179688 0.583333 0.175000 0.593750 0.168750 0.606250 0.160938 0.622917 0.154688 0.631250 0.150000 0.645833 0.146875 0.652083 0.128125 0.685417 0.123438 0.697917 0.114062 0.712500 0.110937 0.718750 0.109375 0.722917 0.109375 0.727083 0.109375 0.733333 0.112500 0.735417 0.114062 0.735417 0.128125 0.747917 0.143750 0.758333 0.157812 0.768750 0.160938 0.770833 0.178125 0.781250 0.181250 0.783333 0.204687 0.795833 0.210938 0.800000 0.217188 0.806250 0.220312 0.808333 0.225000 0.810417 0.229687 0.808333 0.229687 0.804167 0.225000 0.793750 0.218750 0.777083 0.215625 0.766667 0.214062 0.760417 0.212500 0.754167 0.210938 0.745833 0.209375 0.737500 0.207813 0.727083 0.206250 0.704167 0.206250 0.683333 0.207813 0.664583 0.209375 0.652083 0.210938 0.643750 0.212500 0.635417 0.214062 0.629167 0.215625 0.622917 0.220312 0.608333 0.225000 0.595833 0.231250 0.581250 0.234375 0.575000 0.239063 0.566667 0.245312 0.556250 0.260937 0.535417 0.268750 0.527083 0.275000 0.520833 0.279687 0.516667 0.284375 0.512500 0.303125 0.500000 0.318750 0.491667 0.329688 0.487500 0.337500 0.485417 0.346875 0.483333 0.364063 0.481250 0.375000 0.481250 0.401562 0.483333 0.406250 0.475000 0.407813 0.468750 0.410938 0.462500 0.417187 0.454167 0.421875 0.443750 0.425000 0.433333 0.429688 0.422917 0.437500 0.410417 0.439063 0.404167 0.439063 0.383333 0.437500 0.377083 0.435937 0.370833 0.434375 0.366667 0.426563 0.356250 0.421875 0.352083 0.403125 0.337500 0.398438 0.333333 0.379688 0.314583 0.375000 0.310417 0.353125 0.293750 0.348438 0.289583 0.332813 0.272917 0.325000 0.266667 0.317188 0.266667
23 0.728125 0.085417 0.726562 0.087500 0.723437 0.087500 0.723437 0.091667 0.721875 0.093750 0.720313 0.102083 0.718750 0.118750 0.717187 0.125000 0.714063 0.131250 0.714063 0.137500 0.709375 0.147917 0.709375 0.154167 0.710938 0.158333 0.714063 0.162500 0.715625 0.166667 0.718750 0.177083 0.723437 0.195833 0.725000 0.225000 0.729688 0.227083 0.737500 0.229167 0.753125 0.231250 0.775000 0.237500 0.781250 0.241667 0.790625 0.241667 0.798438 0.243750 0.806250 0.245833 0.812500 0.250000 0.820312 0.252083 0.851562 0.260417 0.859375 0.258333 0.860938 0.252083 0.860938 0.245833 0.865625 0.225000 0.870313 0.204167 0.876563 0.183333 0.885938 0.141667 0.885938 0.129167 0.882812 0.127083 0.879687 0.125000 0.871875 0.122917 0.865625 0.120833 0.854688 0.118750 0.845313 0.118750 0.834375 0.116667 0.828125 0.114583 0.821875 0.110417 0.803125 0.104167 0.795312 0.102083 0.787500 0.102083 0.779687 0.100000 0.773438 0.097917 0.768750 0.093750 0.762500 0.091667 0.754687 0.089583 0.746875 0.087500 0.737500 0.087500 0.735938 0.085417 0.728125 0.085417
0 0.251563 0.143750 0.239063 0.145833 0.231250 0.147917 0.223438 0.150000 0.217188 0.152083 0.204687 0.160417 0.201563 0.164583 0.200000 0.164583 0.198437 0.166667 0.198437 0.168750 0.195312 0.172917 0.193750 0.177083 0.193750 0.189583 0.201563 0.200000 0.207813 0.204167 0.217188 0.210417 0.221875 0.212500 0.239063 0.216667 0.243750 0.218750 0.248438 0.222917 0.253125 0.225000 0.264062 0.227083 0.278125 0.229167 0.292187 0.231250 0.307812 0.231250 0.318750 0.235417 0.329688 0.235417 0.339062 0.237500 0.345313 0.239583 0.350000 0.241667 0.357812 0.245833 0.385937 0.264583 0.390625 0.268750 0.398438 0.277083 0.415625 0.300000 0.420312 0.308333 0.426563 0.325000 0.432812 0.354167 0.437500 0.364583 0.439063 0.370833 0.440625 0.377083 0.442188 0.387500 0.442188 0.414583 0.440625 0.420833 0.437500 0.427083 0.437500 0.433333 0.434375 0.439583 0.432812 0.445833 0.432812 0.454167 0.435937 0.458333 0.450000 0.458333 0.453125 0.456250 0.454688 0.454167 0.454688 0.452083 0.457813 0.447917 0.459375 0.441667 0.465625 0.414583 0.471875 0.397917 0.479687 0.383333 0.482812 0.375000 0.487500 0.362500 0.489063 0.352083 0.489063 0.318750 0.487500 0.310417 0.481250 0.285417 0.479687 0.281250 0.476562 0.277083 0.471875 0.260417 0.467187 0.250000 0.462500 0.241667 0.456250 0.231250 0.439063 0.208333 0.431250 0.200000 0.417187 0.187500 0.406250 0.179167 0.395313 0.172917 0.384375 0.166667 0.370312 0.160417 0.351562 0.154167 0.343750 0.152083 0.334375 0.150000 0.323437 0.147917 0.310937 0.145833 0.290625 0.143750 0.251563 0.143750
0 0.543750 0.464583 0.537500 0.468750 0.535937 0.475000 0.535937 0.502083 0.539062 0.527083 0.540625 0.566667 0.542188 0.610417 0.542188 0.618750 0.539062 0.660417 0.539062 0.687500 0.540625 0.702083 0.543750 0.706250 0.546875 0.708333 0.551562 0.710417 0.575000 0.712500 0.585938 0.712500 0.639062 0.712500 0.682813 0.712500 0.685937 0.708333 0.687500 0.704167 0.687500 0.685417 0.689063 0.683333 0.689063 0.666667 0.687500 0.647917 0.684375 0.631250 0.684375 0.587500 0.681250 0.558333 0.681250 0.522917 0.679688 0.497917 0.678125 0.481250 0.676562 0.472917 0.675000 0.468750 0.671875 0.468750 0.670312 0.466667 0.656250 0.464583 0.650000 0.466667 0.637500 0.464583 0.559375 0.464583 0.543750 0.464583
0 0.365625 0.610417 0.342187 0.618750 0.337500 0.620833 0.332813 0.622917 0.329688 0.625000 0.323437 0.631250 0.309375 0.650000 0.304688 0.658333 0.303125 0.662500 0.303125 0.670833 0.298438 0.683333 0.296875 0.689583 0.295312 0.697917 0.293750 0.706250 0.293750 0.745833 0.298438 0.766667 0.300000 0.772917 0.301563 0.777083 0.306250 0.785417 0.315625 0.795833 0.326562 0.812500 0.331250 0.816667 0.334375 0.818750 0.339062 0.820833 0.348438 0.822917 0.356250 0.829167 0.360938 0.831250 0.367188 0.831250 0.381250 0.829167 0.390625 0.827083 0.398438 0.825000 0.404687 0.822917 0.409375 0.820833 0.412500 0.818750 0.415625 0.816667 0.425000 0.806250 0.445312 0.779167 0.448437 0.770833 0.453125 0.758333 0.454688 0.752083 0.456250 0.745833 0.457813 0.737500 0.457813 0.710417 0.456250 0.702083 0.454688 0.695833 0.451562 0.685417 0.450000 0.681250 0.448437 0.677083 0.443750 0.666667 0.440625 0.660417 0.435937 0.652083 0.428125 0.639583 0.423438 0.633333 0.421875 0.633333 0.415625 0.625000 0.410938 0.620833 0.406250 0.618750 0.400000 0.618750 0.389062 0.612500 0.382812 0.610417 0.365625 0.610417
