3 0.228125 0.800000 0.221875 0.804167 0.220312 0.808333 0.220312 0.837500 0.221875 0.845833 0.223438 0.850000 0.226562 0.850000 0.228125 0.852083 0.235937 0.854167 0.251563 0.856250 0.259375 0.860417 0.267188 0.862500 0.282813 0.864583 0.300000 0.864583 0.304688 0.862500 0.307812 0.860417 0.315625 0.852083 0.325000 0.845833 0.331250 0.843750 0.345313 0.843750 0.359375 0.845833 0.384375 0.850000 0.396875 0.852083 0.414062 0.856250 0.421875 0.858333 0.428125 0.862500 0.437500 0.864583 0.460938 0.866667 0.481250 0.866667 0.493750 0.870833 0.553125 0.870833 0.556250 0.866667 0.556250 0.850000 0.553125 0.847917 0.550000 0.845833 0.543750 0.843750 0.537500 0.841667 0.529687 0.839583 0.520312 0.837500 0.510938 0.835417 0.501563 0.835417 0.500000 0.833333 0.492188 0.833333 0.481250 0.835417 0.459375 0.831250 0.425000 0.831250 0.371875 0.825000 0.334375 0.825000 0.328125 0.822917 0.318750 0.816667 0.312500 0.808333 0.309375 0.806250 0.306250 0.804167 0.301563 0.802083 0.259375 0.800000 0.228125 0.800000
6 0.359375 0.625000 0.343750 0.629167 0.317188 0.635417 0.309375 0.637500 0.287500 0.643750 0.281250 0.645833 0.273438 0.647917 0.270313 0.650000 0.262500 0.658333 0.259375 0.660417 0.251563 0.662500 0.243750 0.668750 0.235937 0.670833 0.225000 0.670833 0.193750 0.679167 0.179688 0.681250 0.160938 0.681250 0.156250 0.679167 0.148438 0.668750 0.140625 0.668750 0.139063 0.670833 0.129688 0.670833 0.126562 0.672917 0.126562 0.720833 0.129688 0.781250 0.131250 0.812500 0.132812 0.837500 0.134375 0.856250 0.137500 0.870833 0.137500 0.887500 0.139063 0.893750 0.142187 0.897917 0.150000 0.900000 0.151562 0.904167 0.151562 0.908333 0.153125 0.912500 0.156250 0.912500 0.167187 0.908333 0.176563 0.908333 0.187500 0.902083 0.196875 0.900000 0.237500 0.891667 0.245312 0.889583 0.253125 0.885417 0.260937 0.883333 0.268750 0.881250 0.289062 0.877083 0.301563 0.875000 0.321875 0.875000 0.340625 0.872917 0.375000 0.866667 0.398438 0.864583 0.390625 0.862500 0.389062 0.858333 0.385937 0.856250 0.381250 0.854167 0.373437 0.852083 0.365625 0.850000 0.353125 0.847917 0.337500 0.845833 0.328125 0.847917 0.320312 0.852083 0.317188 0.854167 0.306250 0.864583 0.301563 0.866667 0.275000 0.866667 0.264062 0.864583 0.256250 0.860417 0.237500 0.858333 0.228125 0.856250 0.225000 0.854167 0.221875 0.852083 0.220312 0.850000 0.218750 0.845833 0.217188 0.837500 0.217188 0.814583 0.218750 0.806250 0.223438 0.800000 0.226562 0.797917 0.232813 0.795833 0.256250 0.795833 0.296875 0.797917 0.303125 0.800000 0.307812 0.802083 0.310937 0.804167 0.317188 0.812500 0.326562 0.818750 0.331250 0.820833 0.353125 0.822917 0.364063 0.820833 0.389062 0.822917 0.406250 0.827083 0.439063 0.829167 0.473438 0.831250 0.489063 0.831250 0.490625 0.829167 0.493750 0.829167 0.495312 0.825000 0.493750 0.812500 0.490625 0.800000 0.490625 0.787500 0.485938 0.783333 0.481250 0.789583 0.476562 0.789583 0.464062 0.797917 0.459375 0.800000 0.435937 0.800000 0.426563 0.797917 0.417187 0.795833 0.404687 0.791667 0.398438 0.789583 0.390625 0.785417 0.382812 0.781250 0.364063 0.768750 0.360938 0.766667 0.359375 0.756250 0.362500 0.752083 0.368750 0.750000 0.429688 0.750000 0.478125 0.747917 0.479687 0.745833 0.482812 0.745833 0.482812 0.727083 0.479687 0.720833 0.471875 0.710417 0.468750 0.702083 0.464062 0.695833 0.457813 0.689583 0.446875 0.681250 0.435937 0.672917 0.421875 0.662500 0.404687 0.650000 0.387500 0.637500 0.368750 0.625000 0.359375 0.625000
0 0.767188 0.443750 0.764062 0.445833 0.760938 0.447917 0.756250 0.454167 0.754687 0.460417 0.750000 0.466667 0.748437 0.470833 0.746875 0.475000 0.745313 0.481250 0.746875 0.497917 0.746875 0.502083 0.743750 0.512500 0.743750 0.531250 0.745313 0.537500 0.746875 0.543750 0.748437 0.547917 0.750000 0.552083 0.756250 0.560417 0.771875 0.570833 0.776563 0.575000 0.782813 0.583333 0.785937 0.583333 0.789062 0.587500 0.793750 0.589583 0.798438 0.589583 0.801562 0.587500 0.804688 0.585417 0.809375 0.579167 0.812500 0.572917 0.812500 0.566667 0.807813 0.556250 0.807813 0.552083 0.806250 0.547917 0.814063 0.537500 0.817187 0.529167 0.821875 0.522917 0.828125 0.516667 0.835938 0.512500 0.843750 0.506250 0.846875 0.502083 0.848437 0.495833 0.845313 0.489583 0.845313 0.485417 0.843750 0.481250 0.842187 0.477083 0.834375 0.475000 0.812500 0.479167 0.807813 0.479167 0.790625 0.477083 0.784375 0.475000 0.781250 0.470833 0.781250 0.462500 0.779687 0.456250 0.776563 0.447917 0.773438 0.443750 0.767188 0.443750
0 0.734375 0.531250 0.728125 0.533333 0.723437 0.539583 0.723437 0.562500 0.721875 0.572917 0.720313 0.583333 0.717187 0.593750 0.715625 0.597917 0.712500 0.604167 0.707812 0.610417 0.704688 0.610417 0.703125 0.608333 0.696875 0.606250 0.692187 0.606250 0.690625 0.610417 0.689063 0.614583 0.689063 0.633333 0.690625 0.637500 0.693750 0.643750 0.696875 0.647917 0.700000 0.650000 0.704688 0.652083 0.709375 0.654167 0.714063 0.654167 0.718750 0.656250 0.723437 0.660417 0.728125 0.660417 0.732812 0.664583 0.739062 0.666667 0.745313 0.666667 0.751563 0.664583 0.756250 0.662500 0.764062 0.658333 0.770312 0.652083 0.776563 0.647917 0.781250 0.647917 0.792188 0.633333 0.795312 0.627083 0.801562 0.610417 0.801562 0.591667 0.793750 0.593750 0.787500 0.589583 0.779687 0.583333 0.773438 0.575000 0.770312 0.575000 0.765625 0.568750 0.760938 0.568750 0.751563 0.558333 0.750000 0.556250 0.750000 0.554167 0.746875 0.550000 0.745313 0.545833 0.743750 0.535417 0.740625 0.531250 0.734375 0.531250
5 0.485938 0.752083 0.367188 0.754167 0.360938 0.758333 0.362500 0.764583 0.365625 0.766667 0.384375 0.779167 0.403125 0.787500 0.414062 0.791667 0.421875 0.793750 0.432812 0.795833 0.450000 0.797917 0.454688 0.797917 0.460938 0.795833 0.465625 0.793750 0.485938 0.779167 0.490625 0.777083 0.495312 0.775000 0.539062 0.775000 0.593750 0.777083 0.643750 0.781250 0.657813 0.781250 0.662500 0.779167 0.668750 0.770833 0.667188 0.760417 0.659375 0.758333 0.635938 0.752083 0.629687 0.752083 0.520312 0.752083 0.510938 0.752083 0.498437 0.754167 0.490625 0.752083 0.485938 0.752083
24 0.125000 0.193750 0.121875 0.195833 0.120313 0.202083 0.121875 0.212500 0.126562 0.222917 0.128125 0.229167 0.128125 0.235417 0.137500 0.264583 0.142187 0.283333 0.142187 0.297917 0.142187 0.285417 0.143750 0.283333 0.143750 0.227083 0.142187 0.210417 0.137500 0.202083 0.137500 0.197917 0.135937 0.193750 0.125000 0.193750
24 0.493750 0.050000 0.487500 0.052083 0.482812 0.054167 0.478125 0.060417 0.468750 0.062500 0.465625 0.064583 0.462500 0.066667 0.457813 0.072917 0.454688 0.075000 0.451562 0.075000 0.448437 0.079167 0.440625 0.079167 0.426563 0.085417 0.409375 0.087500 0.403125 0.089583 0.387500 0.097917 0.376563 0.102083 0.368750 0.102083 0.360938 0.108333 0.356250 0.110417 0.351562 0.112500 0.334375 0.118750 0.320312 0.122917 0.312500 0.122917 0.304688 0.129167 0.300000 0.131250 0.295312 0.133333 0.289062 0.133333 0.282813 0.135417 0.278125 0.137500 0.273438 0.139583 0.270313 0.143750 0.262500 0.143750 0.251563 0.150000 0.240625 0.154167 0.234375 0.154167 0.223438 0.158333 0.218750 0.160417 0.215625 0.164583 0.206250 0.164583 0.203125 0.166667 0.200000 0.170833 0.196875 0.170833 0.193750 0.175000 0.192188 0.179167 0.195312 0.193750 0.195312 0.220833 0.196875 0.229167 0.201563 0.237500 0.201563 0.270833 0.204687 0.283333 0.206250 0.289583 0.210938 0.297917 0.210938 0.302083 0.214062 0.310417 0.217188 0.312500 0.217188 0.316667 0.221875 0.322917 0.223438 0.322917 0.229687 0.331250 0.231250 0.331250 0.235937 0.337500 0.240625 0.345833 0.243750 0.356250 0.243750 0.362500 0.245312 0.366667 0.251563 0.368750 0.259375 0.366667 0.276562 0.360417 0.290625 0.354167 0.325000 0.337500 0.356250 0.325000 0.373437 0.320833 0.389062 0.312500 0.395313 0.312500 0.400000 0.310417 0.409375 0.304167 0.418750 0.300000 0.439063 0.291667 0.445312 0.291667 0.456250 0.285417 0.479687 0.279167 0.493750 0.272917 0.496875 0.270833 0.498437 0.258333 0.495312 0.245833 0.493750 0.227083 0.493750 0.216667 0.495312 0.195833 0.496875 0.185417 0.498437 0.177083 0.500000 0.168750 0.506250 0.150000 0.512500 0.141667 0.512500 0.135417 0.515625 0.131250 0.517188 0.122917 0.517188 0.110417 0.512500 0.097917 0.512500 0.089583 0.510938 0.085417 0.506250 0.079167 0.506250 0.066667 0.504687 0.060417 0.501563 0.056250 0.501563 0.050000 0.493750 0.050000
1 0.332813 0.460417 0.329688 0.464583 0.328125 0.468750 0.328125 0.475000 0.326562 0.479167 0.325000 0.483333 0.318750 0.491667 0.317188 0.495833 0.315625 0.504167 0.314063 0.508333 0.310937 0.512500 0.306250 0.525000 0.306250 0.529167 0.300000 0.545833 0.290625 0.562500 0.289062 0.568750 0.285938 0.575000 0.290625 0.581250 0.296875 0.581250 0.301563 0.577083 0.310937 0.577083 0.315625 0.579167 0.318750 0.581250 0.335938 0.593750 0.346875 0.602083 0.368750 0.620833 0.379688 0.629167 0.393750 0.639583 0.407813 0.650000 0.425000 0.660417 0.453125 0.681250 0.460938 0.687500 0.465625 0.691667 0.473438 0.702083 0.475000 0.708333 0.479687 0.710417 0.484375 0.718750 0.490625 0.720833 0.498437 0.722917 0.500000 0.718750 0.503125 0.710417 0.504687 0.697917 0.506250 0.691667 0.512500 0.683333 0.512500 0.679167 0.515625 0.677083 0.517188 0.675000 0.518750 0.670833 0.521875 0.660417 0.535937 0.633333 0.540625 0.620833 0.540625 0.616667 0.532813 0.606250 0.529687 0.606250 0.514062 0.606250 0.507812 0.604167 0.496875 0.597917 0.490625 0.593750 0.481250 0.587500 0.471875 0.577083 0.454688 0.566667 0.448437 0.560417 0.445312 0.556250 0.445312 0.554167 0.439063 0.550000 0.432812 0.550000 0.428125 0.547917 0.418750 0.541667 0.400000 0.529167 0.392188 0.522917 0.387500 0.516667 0.371875 0.506250 0.364063 0.497917 0.354687 0.487500 0.351562 0.483333 0.350000 0.479167 0.348438 0.470833 0.345313 0.466667 0.345313 0.464583 0.343750 0.462500 0.340625 0.460417 0.332813 0.460417
0 0.703125 0.352083 0.698438 0.354167 0.695312 0.356250 0.685937 0.368750 0.684375 0.370833 0.679688 0.377083 0.675000 0.385417 0.673438 0.391667 0.670312 0.395833 0.665625 0.397917 0.657813 0.408333 0.653125 0.416667 0.648438 0.425000 0.646875 0.431250 0.640625 0.439583 0.632812 0.445833 0.625000 0.450000 0.620313 0.454167 0.615625 0.458333 0.596875 0.483333 0.593750 0.489583 0.593750 0.497917 0.592187 0.502083 0.585938 0.512500 0.581250 0.525000 0.579688 0.531250 0.579688 0.537500 0.576562 0.543750 0.576562 0.568750 0.581250 0.575000 0.579688 0.585417 0.579688 0.589583 0.581250 0.591667 0.581250 0.597917 0.582812 0.602083 0.584375 0.606250 0.590625 0.614583 0.600000 0.620833 0.604688 0.627083 0.604688 0.652083 0.606250 0.656250 0.610938 0.662500 0.618750 0.668750 0.626563 0.670833 0.635938 0.672917 0.648438 0.675000 0.659375 0.675000 0.665625 0.670833 0.668750 0.666667 0.673438 0.656250 0.675000 0.650000 0.676562 0.643750 0.676562 0.622917 0.681250 0.616667 0.682813 0.616667 0.687500 0.610417 0.689063 0.606250 0.690625 0.602083 0.690625 0.577083 0.687500 0.570833 0.696875 0.558333 0.698438 0.554167 0.698438 0.531250 0.703125 0.512500 0.707812 0.495833 0.712500 0.485417 0.714063 0.477083 0.714063 0.466667 0.715625 0.460417 0.718750 0.456250 0.726562 0.452083 0.731250 0.445833 0.731250 0.443750 0.735938 0.437500 0.740625 0.435417 0.742188 0.433333 0.743750 0.429167 0.745313 0.425000 0.746875 0.418750 0.745313 0.410417 0.732812 0.397917 0.725000 0.387500 0.732812 0.377083 0.732812 0.368750 0.725000 0.358333 0.721875 0.356250 0.717187 0.354167 0.712500 0.352083 0.703125 0.352083
10 0.150000 0.154167 0.143750 0.156250 0.140625 0.158333 0.137500 0.162500 0.137500 0.175000 0.139063 0.193750 0.140625 0.202083 0.143750 0.208333 0.145313 0.216667 0.146875 0.229167 0.146875 0.239583 0.145313 0.241667 0.145313 0.252083 0.146875 0.302083 0.145313 0.316667 0.143750 0.329167 0.142187 0.333333 0.129688 0.350000 0.125000 0.362500 0.123438 0.368750 0.123438 0.379167 0.128125 0.402083 0.129688 0.416667 0.129688 0.429167 0.131250 0.443750 0.132812 0.454167 0.137500 0.475000 0.137500 0.487500 0.140625 0.497917 0.142187 0.518750 0.142187 0.552083 0.143750 0.568750 0.150000 0.610417 0.151562 0.625000 0.151562 0.662500 0.153125 0.668750 0.154688 0.672917 0.157812 0.675000 0.165625 0.677083 0.178125 0.677083 0.179688 0.675000 0.193750 0.675000 0.221875 0.668750 0.229687 0.666667 0.235937 0.664583 0.242188 0.662500 0.251563 0.658333 0.256250 0.656250 0.260937 0.652083 0.265625 0.643750 0.267188 0.637500 0.265625 0.622917 0.262500 0.612500 0.262500 0.589583 0.260937 0.572917 0.259375 0.560417 0.256250 0.550000 0.254688 0.522917 0.254688 0.487500 0.253125 0.470833 0.251563 0.456250 0.250000 0.447917 0.246875 0.439583 0.245312 0.431250 0.243750 0.414583 0.243750 0.385417 0.242188 0.370833 0.240625 0.362500 0.239063 0.356250 0.234375 0.343750 0.225000 0.331250 0.220312 0.329167 0.212500 0.318750 0.209375 0.310417 0.207813 0.302083 0.204687 0.297917 0.203125 0.291667 0.200000 0.279167 0.198437 0.270833 0.198437 0.250000 0.196875 0.239583 0.195312 0.231250 0.192188 0.216667 0.189062 0.210417 0.189062 0.204167 0.190625 0.187500 0.189062 0.168750 0.187500 0.162500 0.184375 0.158333 0.181250 0.156250 0.178125 0.154167 0.150000 0.154167
0 0.614062 0.116667 0.610938 0.118750 0.607812 0.122917 0.603125 0.125000 0.598437 0.120833 0.590625 0.120833 0.587500 0.122917 0.581250 0.131250 0.578125 0.133333 0.575000 0.133333 0.571875 0.135417 0.570312 0.137500 0.570312 0.139583 0.568750 0.141667 0.565625 0.143750 0.560937 0.143750 0.556250 0.147917 0.554688 0.154167 0.551562 0.158333 0.548438 0.160417 0.545312 0.162500 0.540625 0.162500 0.534375 0.170833 0.532813 0.179167 0.534375 0.204167 0.532813 0.208333 0.531250 0.210417 0.525000 0.216667 0.523438 0.222917 0.523438 0.229167 0.520312 0.233333 0.520312 0.243750 0.521875 0.247917 0.526563 0.256250 0.528125 0.264583 0.529687 0.272917 0.529687 0.285417 0.531250 0.289583 0.535937 0.295833 0.537500 0.295833 0.540625 0.300000 0.551562 0.318750 0.556250 0.325000 0.559375 0.327083 0.568750 0.327083 0.571875 0.329167 0.573438 0.331250 0.573438 0.333333 0.575000 0.335417 0.578125 0.337500 0.585938 0.339583 0.590625 0.345833 0.595313 0.347917 0.603125 0.347917 0.607812 0.343750 0.615625 0.343750 0.621875 0.339583 0.635938 0.339583 0.648438 0.325000 0.651563 0.322917 0.656250 0.322917 0.659375 0.320833 0.665625 0.312500 0.667188 0.308333 0.668750 0.300000 0.675000 0.291667 0.678125 0.285417 0.681250 0.272917 0.685937 0.270833 0.689063 0.266667 0.690625 0.260417 0.687500 0.245833 0.689063 0.233333 0.692187 0.225000 0.692187 0.214583 0.690625 0.210417 0.689063 0.208333 0.687500 0.208333 0.684375 0.204167 0.685937 0.179167 0.685937 0.170833 0.682813 0.162500 0.679688 0.160417 0.675000 0.158333 0.673438 0.152083 0.670312 0.150000 0.662500 0.147917 0.659375 0.143750 0.659375 0.141667 0.657813 0.139583 0.656250 0.139583 0.653125 0.135417 0.646875 0.137500 0.643750 0.133333 0.643750 0.131250 0.642188 0.129167 0.640625 0.129167 0.637500 0.125000 0.634375 0.122917 0.629687 0.122917 0.626563 0.118750 0.623437 0.116667 0.614062 0.116667
15 0.865625 0.735417 0.851562 0.739583 0.837500 0.739583 0.821875 0.741667 0.779687 0.752083 0.764062 0.754167 0.745313 0.754167 0.735938 0.756250 0.728125 0.760417 0.712500 0.762500 0.687500 0.762500 0.671875 0.766667 0.671875 0.779167 0.673438 0.797917 0.676562 0.810417 0.678125 0.825000 0.679688 0.839583 0.681250 0.858333 0.679688 0.875000 0.681250 0.885417 0.684375 0.891667 0.689063 0.897917 0.715625 0.897917 0.726562 0.895833 0.735938 0.891667 0.756250 0.891667 0.773438 0.889583 0.784375 0.887500 0.793750 0.883333 0.806250 0.883333 0.828125 0.877083 0.843750 0.877083 0.854688 0.872917 0.879687 0.872917 0.881250 0.870833 0.887500 0.870833 0.889062 0.866667 0.889062 0.862500 0.887500 0.845833 0.885938 0.833333 0.884375 0.818750 0.881250 0.812500 0.881250 0.797917 0.878125 0.787500 0.878125 0.772917 0.873437 0.754167 0.873437 0.743750 0.871875 0.739583 0.868750 0.735417 0.865625 0.735417
4 0.848437 0.262500 0.843750 0.264583 0.832812 0.279167 0.829688 0.285417 0.826562 0.291667 0.825000 0.295833 0.823438 0.300000 0.821875 0.306250 0.820312 0.314583 0.818750 0.325000 0.818750 0.370833 0.820312 0.377083 0.821875 0.383333 0.826562 0.395833 0.829688 0.402083 0.834375 0.410417 0.840625 0.418750 0.845313 0.427083 0.843750 0.454167 0.843750 0.475000 0.845313 0.481250 0.848437 0.487500 0.848437 0.493750 0.850000 0.495833 0.850000 0.500000 0.845313 0.510417 0.845313 0.579167 0.843750 0.593750 0.842187 0.604167 0.840625 0.614583 0.839063 0.622917 0.832812 0.643750 0.831250 0.656250 0.829688 0.672917 0.828125 0.697917 0.829688 0.735417 0.848437 0.735417 0.851562 0.733333 0.854688 0.718750 0.856250 0.697917 0.857812 0.677083 0.859375 0.643750 0.859375 0.529167 0.856250 0.485417 0.856250 0.445833 0.857812 0.437500 0.859375 0.433333 0.860938 0.429167 0.870313 0.416667 0.878125 0.410417 0.884375 0.402083 0.889062 0.391667 0.890625 0.387500 0.892188 0.383333 0.895312 0.372917 0.896875 0.364583 0.896875 0.327083 0.895312 0.314583 0.892188 0.308333 0.892188 0.302083 0.890625 0.297917 0.889062 0.293750 0.884375 0.283333 0.871875 0.266667 0.868750 0.264583 0.865625 0.262500 0.862500 0.262500 0.848437 0.262500
