0 0.515625 0.589583 0.510938 0.591667 0.506250 0.593750 0.498437 0.600000 0.493750 0.604167 0.487500 0.610417 0.482812 0.616667 0.481250 0.627083 0.481250 0.639583 0.482812 0.645833 0.487500 0.652083 0.492188 0.656250 0.495312 0.658333 0.498437 0.658333 0.501563 0.664583 0.500000 0.668750 0.496875 0.675000 0.496875 0.697917 0.500000 0.706250 0.503125 0.708333 0.509375 0.708333 0.518750 0.693750 0.523438 0.689583 0.525000 0.687500 0.525000 0.685417 0.528125 0.679167 0.532813 0.672917 0.540625 0.675000 0.540625 0.679167 0.543750 0.687500 0.546875 0.691667 0.551562 0.691667 0.556250 0.689583 0.559375 0.687500 0.562500 0.683333 0.564063 0.677083 0.565625 0.658333 0.567187 0.656250 0.567187 0.650000 0.564063 0.641667 0.559375 0.633333 0.557813 0.629167 0.556250 0.620833 0.553125 0.612500 0.548438 0.602083 0.545312 0.597917 0.540625 0.595833 0.529687 0.589583 0.515625 0.589583
0 0.621875 0.529167 0.618750 0.533333 0.618750 0.541667 0.621875 0.545833 0.623437 0.552083 0.625000 0.558333 0.625000 0.581250 0.623437 0.585417 0.620313 0.589583 0.618750 0.593750 0.617188 0.600000 0.617188 0.604167 0.620313 0.608333 0.625000 0.610417 0.642188 0.610417 0.648438 0.604167 0.653125 0.604167 0.656250 0.602083 0.660937 0.597917 0.665625 0.591667 0.665625 0.587500 0.670312 0.579167 0.673438 0.570833 0.673438 0.562500 0.671875 0.558333 0.670312 0.554167 0.665625 0.547917 0.662500 0.547917 0.654687 0.554167 0.651563 0.554167 0.648438 0.556250 0.645312 0.554167 0.637500 0.543750 0.634375 0.537500 0.634375 0.535417 0.632812 0.533333 0.629687 0.531250 0.626563 0.529167 0.621875 0.529167
0 0.582812 0.502083 0.576562 0.504167 0.573438 0.506250 0.571875 0.508333 0.567187 0.516667 0.567187 0.525000 0.568750 0.539583 0.565625 0.543750 0.562500 0.545833 0.554688 0.550000 0.542188 0.556250 0.537500 0.556250 0.534375 0.558333 0.529687 0.562500 0.525000 0.568750 0.523438 0.572917 0.525000 0.585417 0.528125 0.587500 0.532813 0.589583 0.537500 0.591667 0.543750 0.593750 0.557813 0.593750 0.567187 0.595833 0.571875 0.597917 0.575000 0.600000 0.579688 0.606250 0.579688 0.629167 0.581250 0.633333 0.582812 0.635417 0.584375 0.635417 0.587500 0.639583 0.595313 0.639583 0.601562 0.631250 0.606250 0.629167 0.607812 0.627083 0.609375 0.620833 0.614062 0.614583 0.615625 0.610417 0.615625 0.602083 0.617188 0.593750 0.621875 0.587500 0.623437 0.583333 0.623437 0.558333 0.621875 0.552083 0.620313 0.547917 0.618750 0.543750 0.606250 0.527083 0.596875 0.510417 0.592187 0.504167 0.587500 0.502083 0.582812 0.502083
0 0.629687 0.620833 0.625000 0.622917 0.612500 0.631250 0.606250 0.631250 0.603125 0.633333 0.600000 0.635417 0.595313 0.641667 0.590625 0.641667 0.579688 0.633333 0.576562 0.637500 0.573438 0.647917 0.573438 0.652083 0.575000 0.654167 0.575000 0.660417 0.576562 0.666667 0.579688 0.677083 0.581250 0.681250 0.585938 0.689583 0.592187 0.695833 0.595313 0.697917 0.598437 0.700000 0.603125 0.702083 0.610938 0.702083 0.614062 0.700000 0.617188 0.695833 0.618750 0.691667 0.618750 0.683333 0.617188 0.681250 0.618750 0.670833 0.617188 0.662500 0.618750 0.658333 0.625000 0.650000 0.628125 0.639583 0.634375 0.627083 0.629687 0.620833
0 0.523438 0.691667 0.520312 0.693750 0.518750 0.700000 0.525000 0.708333 0.529687 0.716667 0.532813 0.722917 0.532813 0.731250 0.535937 0.741667 0.531250 0.747917 0.526563 0.752083 0.523438 0.754167 0.520312 0.754167 0.517188 0.756250 0.515625 0.760417 0.515625 0.770833 0.517188 0.777083 0.521875 0.783333 0.528125 0.785417 0.531250 0.787500 0.535937 0.793750 0.539062 0.795833 0.542188 0.797917 0.550000 0.800000 0.556250 0.797917 0.560937 0.793750 0.568750 0.793750 0.575000 0.791667 0.579688 0.789583 0.589063 0.779167 0.592187 0.775000 0.593750 0.770833 0.595313 0.758333 0.598437 0.752083 0.600000 0.741667 0.596875 0.727083 0.596875 0.710417 0.593750 0.702083 0.590625 0.697917 0.587500 0.695833 0.582812 0.693750 0.570312 0.693750 0.565625 0.697917 0.560937 0.702083 0.554688 0.708333 0.546875 0.697917 0.543750 0.695833 0.540625 0.693750 0.531250 0.691667 0.523438 0.691667
0 0.623437 0.697917 0.620313 0.700000 0.617188 0.704167 0.617188 0.741667 0.615625 0.754167 0.614062 0.762500 0.612500 0.768750 0.610938 0.772917 0.607812 0.777083 0.600000 0.775000 0.596875 0.775000 0.589063 0.785417 0.587500 0.793750 0.589063 0.804167 0.590625 0.808333 0.596875 0.816667 0.600000 0.818750 0.603125 0.820833 0.614062 0.825000 0.621875 0.825000 0.628125 0.827083 0.639062 0.833333 0.648438 0.831250 0.657813 0.825000 0.665625 0.814583 0.673438 0.808333 0.682813 0.795833 0.687500 0.787500 0.689063 0.783333 0.690625 0.779167 0.689063 0.760417 0.684375 0.760417 0.678125 0.764583 0.671875 0.764583 0.668750 0.762500 0.665625 0.760417 0.659375 0.754167 0.654687 0.747917 0.653125 0.741667 0.648438 0.735417 0.648438 0.733333 0.645312 0.729167 0.643750 0.729167 0.639062 0.722917 0.635938 0.716667 0.631250 0.702083 0.628125 0.697917 0.623437 0.697917
0 0.292187 0.562500 0.287500 0.566667 0.284375 0.568750 0.278125 0.570833 0.262500 0.570833 0.256250 0.572917 0.250000 0.577083 0.246875 0.581250 0.246875 0.583333 0.243750 0.587500 0.229687 0.604167 0.221875 0.610417 0.214062 0.620833 0.207813 0.627083 0.203125 0.629167 0.198437 0.633333 0.192188 0.639583 0.175000 0.662500 0.175000 0.668750 0.176563 0.672917 0.184375 0.691667 0.207813 0.722917 0.214062 0.727083 0.220312 0.735417 0.228125 0.750000 0.234375 0.756250 0.234375 0.758333 0.240625 0.766667 0.240625 0.768750 0.245312 0.775000 0.251563 0.779167 0.253125 0.781250 0.259375 0.793750 0.260937 0.795833 0.293750 0.837500 0.296875 0.839583 0.300000 0.839583 0.304688 0.837500 0.309375 0.833333 0.317188 0.825000 0.340625 0.793750 0.353125 0.781250 0.362500 0.766667 0.364063 0.764583 0.365625 0.764583 0.370312 0.760417 0.379688 0.750000 0.389062 0.737500 0.396875 0.731250 0.401562 0.725000 0.403125 0.720833 0.403125 0.714583 0.401562 0.708333 0.396875 0.697917 0.382812 0.679167 0.362500 0.654167 0.348438 0.633333 0.335938 0.614583 0.329688 0.604167 0.323437 0.593750 0.312500 0.570833 0.303125 0.560417 0.298438 0.556250 0.292187 0.562500
6 0.889062 0.441667 0.875000 0.445833 0.859375 0.447917 0.837500 0.447917 0.820312 0.450000 0.806250 0.452083 0.795312 0.454167 0.784375 0.456250 0.764062 0.460417 0.756250 0.462500 0.748437 0.464583 0.734375 0.468750 0.729688 0.470833 0.723437 0.475000 0.723437 0.529167 0.728125 0.537500 0.735938 0.547917 0.739062 0.554167 0.743750 0.564583 0.751563 0.583333 0.753125 0.587500 0.756250 0.597917 0.757812 0.604167 0.759375 0.610417 0.760938 0.618750 0.762500 0.627083 0.764062 0.637500 0.765625 0.650000 0.765625 0.700000 0.764062 0.712500 0.762500 0.722917 0.760938 0.731250 0.759375 0.739583 0.754687 0.756250 0.751563 0.766667 0.746875 0.779167 0.742188 0.789583 0.739062 0.795833 0.734375 0.804167 0.726562 0.814583 0.723437 0.820833 0.721875 0.825000 0.721875 0.843750 0.725000 0.854167 0.770312 0.852083 0.771875 0.847917 0.773438 0.841667 0.778125 0.814583 0.787500 0.781250 0.792188 0.760417 0.793750 0.745833 0.801562 0.718750 0.804688 0.697917 0.807813 0.683333 0.812500 0.670833 0.814063 0.662500 0.815625 0.654167 0.817187 0.643750 0.818750 0.631250 0.818750 0.552083 0.820312 0.543750 0.821875 0.537500 0.823438 0.531250 0.825000 0.527083 0.829688 0.518750 0.829688 0.514583 0.837500 0.497917 0.845313 0.487500 0.850000 0.485417 0.857812 0.487500 0.864062 0.491667 0.871875 0.493750 0.876563 0.495833 0.879687 0.497917 0.881250 0.510417 0.879687 0.527083 0.878125 0.537500 0.876563 0.547917 0.870313 0.575000 0.868750 0.579167 0.867188 0.583333 0.857812 0.597917 0.845313 0.622917 0.840625 0.635417 0.837500 0.645833 0.832812 0.662500 0.831250 0.668750 0.823438 0.706250 0.818750 0.729167 0.814063 0.760417 0.801562 0.814583 0.798438 0.833333 0.796875 0.843750 0.795312 0.854167 0.801562 0.858333 0.812500 0.860417 0.826562 0.860417 0.840625 0.864583 0.854688 0.866667 0.870313 0.868750 0.884375 0.868750 0.889062 0.866667 0.892188 0.864583 0.895312 0.597917 0.895312 0.441667 0.889062 0.441667
17 0.846875 0.172917 0.839063 0.175000 0.825000 0.179167 0.806250 0.187500 0.770312 0.206250 0.762500 0.206250 0.756250 0.208333 0.751563 0.212500 0.740625 0.214583 0.721875 0.225000 0.710938 0.227083 0.690625 0.235417 0.668750 0.245833 0.660937 0.250000 0.657813 0.254167 0.654687 0.254167 0.650000 0.258333 0.645312 0.262500 0.643750 0.266667 0.643750 0.279167 0.645312 0.289583 0.646875 0.297917 0.651563 0.314583 0.654687 0.339583 0.657813 0.345833 0.659375 0.354167 0.662500 0.377083 0.668750 0.400000 0.670312 0.418750 0.673438 0.427083 0.678125 0.464583 0.679688 0.470833 0.681250 0.475000 0.682813 0.477083 0.685937 0.479167 0.693750 0.479167 0.715625 0.470833 0.723437 0.470833 0.729688 0.466667 0.735938 0.464583 0.743750 0.464583 0.751563 0.460417 0.759375 0.460417 0.767188 0.456250 0.778125 0.454167 0.789062 0.452083 0.826562 0.445833 0.842187 0.443750 0.868750 0.443750 0.876563 0.439583 0.889062 0.439583 0.895312 0.435417 0.895312 0.416667 0.890625 0.400000 0.890625 0.395833 0.893750 0.391667 0.904687 0.387500 0.907813 0.383333 0.909375 0.377083 0.907813 0.368750 0.906250 0.360417 0.903125 0.354167 0.901563 0.341667 0.900000 0.335417 0.884375 0.279167 0.878125 0.262500 0.871875 0.239583 0.870313 0.233333 0.864062 0.202083 0.856250 0.181250 0.854688 0.177083 0.853125 0.175000 0.850000 0.172917 0.846875 0.172917
1 0.606250 0.133333 0.604688 0.204167 0.604688 0.241667 0.606250 0.245833 0.609375 0.245833 0.610938 0.243750 0.615625 0.243750 0.629687 0.233333 0.648438 0.231250 0.679688 0.231250 0.696875 0.229167 0.715625 0.222917 0.735938 0.212500 0.746875 0.210417 0.751563 0.208333 0.760938 0.202083 0.782813 0.195833 0.793750 0.191667 0.798438 0.189583 0.806250 0.183333 0.810937 0.181250 0.815625 0.179167 0.826562 0.175000 0.832812 0.172917 0.839063 0.170833 0.853125 0.170833 0.857812 0.177083 0.860938 0.183333 0.868750 0.206250 0.871875 0.210417 0.871875 0.197917 0.868750 0.185417 0.868750 0.166667 0.864062 0.152083 0.860938 0.147917 0.859375 0.141667 0.857812 0.131250 0.837500 0.131250 0.803125 0.133333 0.776563 0.137500 0.746875 0.137500 0.710938 0.143750 0.671875 0.143750 0.650000 0.147917 0.631250 0.147917 0.626563 0.143750 0.617188 0.135417 0.610938 0.131250 0.606250 0.133333
12 0.403125 0.358333 0.396875 0.360417 0.392188 0.362500 0.387500 0.364583 0.378125 0.370833 0.373437 0.375000 0.362500 0.389583 0.357812 0.397917 0.353125 0.408333 0.351562 0.412500 0.351562 0.420833 0.348438 0.429167 0.348438 0.466667 0.350000 0.475000 0.351562 0.481250 0.353125 0.485417 0.357812 0.495833 0.360938 0.502083 0.368750 0.514583 0.376563 0.520833 0.382812 0.529167 0.390625 0.533333 0.395313 0.535417 0.401562 0.537500 0.409375 0.539583 0.420312 0.539583 0.431250 0.537500 0.442188 0.533333 0.445312 0.531250 0.448437 0.529167 0.453125 0.525000 0.457813 0.520833 0.470313 0.504167 0.473438 0.495833 0.478125 0.483333 0.479687 0.477083 0.481250 0.470833 0.482812 0.456250 0.482812 0.441667 0.481250 0.427083 0.478125 0.414583 0.476562 0.408333 0.473438 0.402083 0.467187 0.389583 0.459375 0.379167 0.453125 0.372917 0.448437 0.368750 0.445312 0.366667 0.442188 0.364583 0.437500 0.362500 0.432812 0.360417 0.426563 0.358333 0.403125 0.358333
14 0.348438 0.114583 0.337500 0.116667 0.328125 0.120833 0.323437 0.122917 0.318750 0.127083 0.314063 0.131250 0.306250 0.139583 0.304688 0.141667 0.300000 0.150000 0.293750 0.164583 0.293750 0.168750 0.289062 0.175000 0.287500 0.181250 0.284375 0.193750 0.282813 0.222917 0.282813 0.245833 0.284375 0.252083 0.289062 0.266667 0.293750 0.277083 0.296875 0.283333 0.300000 0.289583 0.303125 0.293750 0.306250 0.295833 0.309375 0.297917 0.314063 0.297917 0.317188 0.300000 0.320312 0.302083 0.321875 0.304167 0.321875 0.306250 0.323437 0.308333 0.332813 0.316667 0.337500 0.318750 0.345313 0.320833 0.353125 0.322917 0.371875 0.322917 0.381250 0.320833 0.387500 0.318750 0.392188 0.316667 0.396875 0.314583 0.406250 0.308333 0.410938 0.304167 0.417187 0.297917 0.420312 0.291667 0.423438 0.285417 0.428125 0.272917 0.429688 0.266667 0.431250 0.258333 0.432812 0.247917 0.434375 0.235417 0.434375 0.206250 0.432812 0.195833 0.431250 0.189583 0.429688 0.183333 0.428125 0.179167 0.420312 0.162500 0.417187 0.156250 0.410938 0.145833 0.400000 0.131250 0.389062 0.122917 0.385937 0.120833 0.381250 0.118750 0.367188 0.114583 0.348438 0.114583
0 0.643750 0.629167 0.639062 0.631250 0.635938 0.633333 0.632812 0.637500 0.629687 0.643750 0.625000 0.658333 0.628125 0.664583 0.629687 0.672917 0.629687 0.687500 0.631250 0.700000 0.634375 0.710417 0.637500 0.716667 0.640625 0.722917 0.643750 0.727083 0.656250 0.739583 0.657813 0.741667 0.659375 0.743750 0.660937 0.745833 0.665625 0.754167 0.670312 0.756250 0.679688 0.758333 0.696875 0.758333 0.700000 0.756250 0.703125 0.752083 0.704688 0.747917 0.704688 0.739583 0.703125 0.735417 0.692187 0.720833 0.692187 0.718750 0.689063 0.714583 0.693750 0.708333 0.701562 0.691667 0.707812 0.685417 0.709375 0.683333 0.712500 0.677083 0.715625 0.672917 0.717187 0.672917 0.720313 0.668750 0.721875 0.664583 0.723437 0.660417 0.723437 0.652083 0.720313 0.641667 0.715625 0.635417 0.707812 0.635417 0.700000 0.641667 0.695312 0.643750 0.690625 0.645833 0.684375 0.647917 0.676562 0.650000 0.665625 0.650000 0.660937 0.647917 0.654687 0.639583 0.653125 0.633333 0.651563 0.631250 0.648438 0.629167 0.643750 0.629167
0 0.215625 0.212500 0.200000 0.214583 0.193750 0.216667 0.189062 0.218750 0.185938 0.220833 0.178125 0.227083 0.168750 0.235417 0.165625 0.239583 0.160938 0.245833 0.159375 0.252083 0.154688 0.258333 0.153125 0.262500 0.151562 0.268750 0.150000 0.275000 0.148438 0.283333 0.146875 0.297917 0.146875 0.312500 0.148438 0.322917 0.150000 0.331250 0.154688 0.343750 0.157812 0.350000 0.162500 0.356250 0.164062 0.362500 0.165625 0.364583 0.173437 0.372917 0.179688 0.379167 0.190625 0.387500 0.200000 0.393750 0.204687 0.395833 0.210938 0.397917 0.223438 0.400000 0.243750 0.400000 0.250000 0.397917 0.256250 0.395833 0.259375 0.393750 0.262500 0.391667 0.267188 0.385417 0.271875 0.383333 0.285938 0.364583 0.292187 0.350000 0.293750 0.343750 0.296875 0.331250 0.296875 0.304167 0.293750 0.289583 0.292187 0.283333 0.282813 0.258333 0.276562 0.245833 0.273438 0.241667 0.271875 0.239583 0.267188 0.235417 0.257812 0.227083 0.245312 0.218750 0.240625 0.216667 0.234375 0.214583 0.221875 0.212500 0.215625 0.212500
3 0.843750 0.491667 0.839063 0.500000 0.831250 0.516667 0.825000 0.533333 0.823438 0.539583 0.821875 0.545833 0.820312 0.556250 0.820312 0.585417 0.821875 0.622917 0.820312 0.637500 0.818750 0.647917 0.814063 0.672917 0.807813 0.693750 0.804688 0.714583 0.798438 0.735417 0.792188 0.770833 0.778125 0.825000 0.775000 0.839583 0.773438 0.847917 0.771875 0.856250 0.771875 0.877083 0.775000 0.883333 0.778125 0.885417 0.781250 0.885417 0.784375 0.883333 0.785937 0.881250 0.785937 0.879167 0.789062 0.875000 0.790625 0.868750 0.793750 0.856250 0.795312 0.837500 0.798438 0.829167 0.798438 0.820833 0.801562 0.812500 0.801562 0.804167 0.806250 0.781250 0.814063 0.750000 0.818750 0.718750 0.828125 0.672917 0.829688 0.666667 0.831250 0.660417 0.839063 0.633333 0.840625 0.629167 0.842187 0.625000 0.850000 0.608333 0.856250 0.600000 0.865625 0.581250 0.867188 0.577083 0.868750 0.572917 0.870313 0.566667 0.875000 0.545833 0.876563 0.537500 0.878125 0.527083 0.879687 0.510417 0.879687 0.500000 0.875000 0.500000 0.871875 0.504167 0.864062 0.495833 0.860938 0.491667 0.853125 0.493750 0.850000 0.489583 0.843750 0.491667
8 0.531250 0.081250 0.525000 0.089583 0.521875 0.091667 0.509375 0.091667 0.503125 0.093750 0.496875 0.100000 0.492188 0.100000 0.476562 0.114583 0.467187 0.127083 0.460938 0.141667 0.454688 0.162500 0.453125 0.170833 0.453125 0.210417 0.454688 0.216667 0.459375 0.225000 0.459375 0.231250 0.460938 0.235417 0.465625 0.241667 0.465625 0.247917 0.467187 0.252083 0.468750 0.256250 0.475000 0.264583 0.476562 0.270833 0.481250 0.279167 0.485938 0.285417 0.492188 0.289583 0.493750 0.293750 0.496875 0.295833 0.500000 0.297917 0.504687 0.300000 0.509375 0.302083 0.515625 0.304167 0.532813 0.304167 0.543750 0.300000 0.548438 0.297917 0.551562 0.295833 0.557813 0.289583 0.570312 0.272917 0.573438 0.266667 0.575000 0.262500 0.575000 0.258333 0.581250 0.247917 0.584375 0.237500 0.589063 0.220833 0.589063 0.210417 0.592187 0.200000 0.592187 0.158333 0.590625 0.154167 0.589063 0.150000 0.581250 0.139583 0.578125 0.129167 0.568750 0.116667 0.568750 0.112500 0.573438 0.106250 0.573438 0.100000 0.571875 0.091667 0.567187 0.085417 0.562500 0.083333 0.539062 0.081250 0.531250 0.081250
0 0.287500 0.387500 0.282813 0.391667 0.278125 0.391667 0.273438 0.395833 0.257812 0.397917 0.248438 0.404167 0.242188 0.406250 0.235937 0.406250 0.228125 0.408333 0.218750 0.414583 0.214062 0.416667 0.207813 0.418750 0.201563 0.418750 0.165625 0.433333 0.157812 0.437500 0.151562 0.441667 0.151562 0.443750 0.145313 0.454167 0.142187 0.460417 0.139063 0.470833 0.137500 0.479167 0.137500 0.491667 0.139063 0.510417 0.143750 0.531250 0.145313 0.537500 0.154688 0.562500 0.171875 0.585417 0.184375 0.593750 0.189062 0.595833 0.207813 0.595833 0.214062 0.600000 0.221875 0.597917 0.223438 0.593750 0.225000 0.585417 0.228125 0.581250 0.231250 0.579167 0.237500 0.579167 0.243750 0.577083 0.246875 0.575000 0.250000 0.570833 0.254688 0.568750 0.260937 0.566667 0.267188 0.564583 0.282813 0.564583 0.285938 0.562500 0.289062 0.560417 0.290625 0.558333 0.300000 0.543750 0.304688 0.543750 0.309375 0.539583 0.314063 0.533333 0.318750 0.531250 0.325000 0.522917 0.329688 0.514583 0.334375 0.506250 0.337500 0.500000 0.339062 0.495833 0.340625 0.491667 0.340625 0.483333 0.343750 0.477083 0.345313 0.470833 0.345313 0.464583 0.343750 0.445833 0.342187 0.435417 0.337500 0.420833 0.332813 0.408333 0.323437 0.395833 0.318750 0.391667 0.314063 0.389583 0.307812 0.387500 0.296875 0.385417 0.287500 0.387500
