0 0.243750 0.512500 0.240625 0.516667 0.240625 0.520833 0.243750 0.527083 0.239063 0.533333 0.235937 0.535417 0.232813 0.537500 0.228125 0.539583 0.218750 0.541667 0.190625 0.541667 0.181250 0.543750 0.176563 0.550000 0.175000 0.558333 0.175000 0.564583 0.176563 0.568750 0.181250 0.575000 0.185938 0.575000 0.189062 0.577083 0.192188 0.579167 0.195312 0.583333 0.196875 0.583333 0.198437 0.585417 0.200000 0.589583 0.201563 0.597917 0.201563 0.610417 0.204687 0.614583 0.210938 0.616667 0.210938 0.633333 0.214062 0.637500 0.218750 0.641667 0.223438 0.641667 0.229687 0.639583 0.240625 0.635417 0.250000 0.629167 0.251563 0.622917 0.253125 0.618750 0.254688 0.614583 0.256250 0.612500 0.264062 0.606250 0.271875 0.595833 0.276562 0.583333 0.278125 0.575000 0.278125 0.568750 0.273438 0.554167 0.273438 0.545833 0.271875 0.537500 0.270313 0.531250 0.265625 0.518750 0.262500 0.514583 0.259375 0.512500 0.243750 0.512500
0 0.435937 0.372917 0.432812 0.372917 0.428125 0.377083 0.423438 0.383333 0.418750 0.385417 0.407813 0.397917 0.387500 0.414583 0.378125 0.427083 0.376563 0.429167 0.371875 0.433333 0.367188 0.435417 0.362500 0.439583 0.346875 0.454167 0.340625 0.462500 0.334375 0.466667 0.325000 0.477083 0.315625 0.487500 0.301563 0.506250 0.295312 0.510417 0.287500 0.520833 0.285938 0.525000 0.285938 0.535417 0.287500 0.547917 0.289062 0.556250 0.293750 0.568750 0.298438 0.579167 0.301563 0.585417 0.304688 0.591667 0.318750 0.610417 0.321875 0.614583 0.326562 0.618750 0.329688 0.620833 0.332813 0.622917 0.337500 0.622917 0.342187 0.625000 0.348438 0.631250 0.357812 0.633333 0.384375 0.633333 0.401562 0.631250 0.407813 0.629167 0.414062 0.625000 0.423438 0.618750 0.431250 0.612500 0.435937 0.608333 0.440625 0.604167 0.445312 0.597917 0.448437 0.591667 0.448437 0.585417 0.450000 0.581250 0.456250 0.572917 0.460938 0.570833 0.467187 0.564583 0.473438 0.558333 0.478125 0.564583 0.478125 0.566667 0.481250 0.570833 0.487500 0.570833 0.493750 0.562500 0.496875 0.556250 0.498437 0.552083 0.498437 0.543750 0.495312 0.533333 0.495312 0.506250 0.496875 0.462500 0.495312 0.445833 0.493750 0.437500 0.487500 0.429167 0.484375 0.414583 0.479687 0.404167 0.476562 0.400000 0.475000 0.400000 0.470313 0.393750 0.467187 0.393750 0.459375 0.385417 0.448437 0.379167 0.445312 0.375000 0.439063 0.370833 0.435937 0.372917
2 0.307812 0.291667 0.289062 0.293750 0.276562 0.297917 0.264062 0.300000 0.243750 0.302083 0.223438 0.304167 0.200000 0.304167 0.189062 0.308333 0.170313 0.310417 0.170313 0.341667 0.173437 0.364583 0.175000 0.389583 0.175000 0.414583 0.176563 0.416667 0.176563 0.433333 0.179688 0.433333 0.181250 0.435417 0.184375 0.435417 0.206250 0.433333 0.228125 0.429167 0.256250 0.429167 0.293750 0.422917 0.314063 0.422917 0.329688 0.418750 0.334375 0.418750 0.334375 0.406250 0.332813 0.381250 0.329688 0.366667 0.328125 0.345833 0.328125 0.302083 0.326562 0.297917 0.325000 0.295833 0.321875 0.293750 0.318750 0.291667 0.307812 0.291667
10 0.129688 0.018750 0.115625 0.020833 0.109375 0.025000 0.101562 0.025000 0.085938 0.022917 0.079687 0.025000 0.076563 0.027083 0.068750 0.035417 0.067187 0.035417 0.065625 0.037500 0.060937 0.045833 0.059375 0.050000 0.057813 0.054167 0.056250 0.060417 0.056250 0.083333 0.057813 0.089583 0.062500 0.100000 0.062500 0.106250 0.060937 0.127083 0.064062 0.141667 0.067187 0.152083 0.071875 0.164583 0.075000 0.170833 0.079687 0.179167 0.095312 0.200000 0.103125 0.208333 0.115625 0.216667 0.118750 0.216667 0.128125 0.222917 0.132812 0.227083 0.137500 0.233333 0.148438 0.239583 0.159375 0.254167 0.162500 0.256250 0.170313 0.256250 0.176563 0.258333 0.200000 0.272917 0.206250 0.275000 0.237500 0.275000 0.242188 0.272917 0.248438 0.268750 0.254688 0.262500 0.257812 0.262500 0.264062 0.254167 0.267188 0.247917 0.268750 0.241667 0.270313 0.235417 0.273438 0.216667 0.275000 0.197917 0.276562 0.195833 0.276562 0.189583 0.275000 0.181250 0.273438 0.175000 0.268750 0.162500 0.264062 0.154167 0.251563 0.139583 0.251563 0.137500 0.250000 0.135417 0.240625 0.127083 0.234375 0.118750 0.231250 0.110417 0.220312 0.093750 0.210938 0.079167 0.198437 0.062500 0.198437 0.060417 0.187500 0.045833 0.182812 0.041667 0.178125 0.037500 0.171875 0.033333 0.162500 0.027083 0.157812 0.025000 0.153125 0.022917 0.146875 0.020833 0.134375 0.018750 0.129688 0.018750
18 0.698438 0.058333 0.692187 0.060417 0.687500 0.062500 0.682813 0.064583 0.679688 0.066667 0.676562 0.068750 0.671875 0.072917 0.657813 0.091667 0.654687 0.097917 0.650000 0.110417 0.646875 0.127083 0.642188 0.139583 0.629687 0.170833 0.625000 0.189583 0.625000 0.206250 0.626563 0.216667 0.628125 0.222917 0.629687 0.227083 0.631250 0.231250 0.637500 0.239583 0.637500 0.241667 0.642188 0.247917 0.646875 0.252083 0.650000 0.254167 0.653125 0.256250 0.657813 0.258333 0.664062 0.260417 0.676562 0.260417 0.684375 0.258333 0.689063 0.256250 0.693750 0.254167 0.696875 0.252083 0.703125 0.245833 0.710938 0.237500 0.720313 0.227083 0.721875 0.225000 0.725000 0.216667 0.728125 0.212500 0.732812 0.208333 0.739062 0.204167 0.753125 0.185417 0.756250 0.179167 0.760938 0.166667 0.762500 0.160417 0.764062 0.154167 0.765625 0.143750 0.765625 0.125000 0.764062 0.116667 0.762500 0.110417 0.760938 0.104167 0.759375 0.100000 0.754687 0.089583 0.742188 0.072917 0.737500 0.068750 0.734375 0.066667 0.731250 0.064583 0.723437 0.060417 0.714063 0.058333 0.698438 0.058333
15 0.754687 0.295833 0.695312 0.297917 0.653125 0.300000 0.625000 0.302083 0.615625 0.304167 0.612500 0.308333 0.612500 0.312500 0.614062 0.331250 0.609375 0.343750 0.609375 0.350000 0.607812 0.356250 0.601562 0.370833 0.600000 0.381250 0.600000 0.391667 0.601562 0.431250 0.604688 0.431250 0.606250 0.433333 0.639062 0.435417 0.718750 0.433333 0.723437 0.435417 0.770312 0.431250 0.784375 0.433333 0.787500 0.431250 0.789062 0.427083 0.790625 0.420833 0.790625 0.404167 0.792188 0.389583 0.793750 0.381250 0.795312 0.377083 0.800000 0.370833 0.804688 0.366667 0.812500 0.362500 0.815625 0.360417 0.817187 0.358333 0.818750 0.354167 0.818750 0.333333 0.817187 0.327083 0.815625 0.322917 0.809375 0.320833 0.803125 0.325000 0.793750 0.327083 0.790625 0.322917 0.789062 0.312500 0.789062 0.302083 0.787500 0.297917 0.784375 0.297917 0.782813 0.295833 0.754687 0.295833
0 0.496875 0.150000 0.478125 0.152083 0.475000 0.154167 0.465625 0.168750 0.464062 0.170833 0.459375 0.175000 0.457813 0.175000 0.456250 0.187500 0.457813 0.189583 0.457813 0.202083 0.462500 0.227083 0.462500 0.241667 0.465625 0.266667 0.467187 0.279167 0.470313 0.287500 0.471875 0.300000 0.471875 0.312500 0.473438 0.322917 0.475000 0.333333 0.479687 0.352083 0.479687 0.362500 0.482812 0.370833 0.482812 0.379167 0.485938 0.387500 0.487500 0.406250 0.489063 0.414583 0.490625 0.422917 0.492188 0.427083 0.496875 0.433333 0.507812 0.441667 0.512500 0.443750 0.520312 0.445833 0.529687 0.445833 0.537500 0.443750 0.543750 0.439583 0.550000 0.439583 0.553125 0.437500 0.567187 0.425000 0.571875 0.418750 0.584375 0.400000 0.589063 0.391667 0.595313 0.381250 0.596875 0.370833 0.598437 0.366667 0.601562 0.362500 0.603125 0.358333 0.604688 0.354167 0.604688 0.345833 0.606250 0.339583 0.610938 0.329167 0.610938 0.318750 0.609375 0.281250 0.603125 0.264583 0.596875 0.254167 0.593750 0.245833 0.593750 0.241667 0.600000 0.233333 0.603125 0.227083 0.604688 0.222917 0.606250 0.210417 0.609375 0.206250 0.609375 0.189583 0.606250 0.187500 0.601562 0.187500 0.596875 0.185417 0.593750 0.183333 0.585938 0.175000 0.582812 0.172917 0.579688 0.170833 0.575000 0.168750 0.568750 0.168750 0.565625 0.166667 0.560937 0.162500 0.556250 0.156250 0.553125 0.154167 0.548438 0.152083 0.535937 0.150000 0.496875 0.150000
0 0.223438 0.706250 0.218750 0.708333 0.215625 0.710417 0.214062 0.712500 0.206250 0.725000 0.204687 0.731250 0.203125 0.733333 0.190625 0.745833 0.187500 0.747917 0.184375 0.747917 0.175000 0.756250 0.176563 0.762500 0.190625 0.760417 0.196875 0.760417 0.203125 0.768750 0.206250 0.777083 0.210938 0.789583 0.212500 0.795833 0.214062 0.802083 0.214062 0.810417 0.215625 0.818750 0.220312 0.829167 0.223438 0.833333 0.228125 0.835417 0.231250 0.835417 0.235937 0.833333 0.243750 0.822917 0.245312 0.818750 0.246875 0.812500 0.246875 0.789583 0.251563 0.777083 0.254688 0.772917 0.259375 0.772917 0.264062 0.779167 0.270313 0.777083 0.276562 0.768750 0.279687 0.762500 0.281250 0.758333 0.281250 0.750000 0.278125 0.737500 0.270313 0.729167 0.267188 0.727083 0.264062 0.727083 0.251563 0.712500 0.246875 0.710417 0.237500 0.706250 0.223438 0.706250
0 0.284375 0.735417 0.281250 0.739583 0.281250 0.743750 0.282813 0.760417 0.278125 0.772917 0.278125 0.789583 0.273438 0.793750 0.268750 0.789583 0.259375 0.789583 0.256250 0.791667 0.253125 0.797917 0.251563 0.802083 0.251563 0.810417 0.254688 0.818750 0.259375 0.831250 0.262500 0.837500 0.267188 0.843750 0.271875 0.845833 0.278125 0.850000 0.285938 0.854167 0.290625 0.856250 0.303125 0.856250 0.314063 0.854167 0.320312 0.852083 0.323437 0.850000 0.334375 0.835417 0.337500 0.829167 0.340625 0.820833 0.345313 0.808333 0.345313 0.802083 0.348438 0.795833 0.348438 0.783333 0.346875 0.779167 0.345313 0.775000 0.340625 0.768750 0.335938 0.764583 0.331250 0.762500 0.323437 0.762500 0.317188 0.768750 0.314063 0.768750 0.309375 0.762500 0.306250 0.750000 0.303125 0.745833 0.298438 0.741667 0.289062 0.735417 0.284375 0.735417
0 0.335938 0.645833 0.328125 0.650000 0.325000 0.654167 0.320312 0.654167 0.307812 0.662500 0.300000 0.670833 0.298438 0.675000 0.298438 0.679167 0.295312 0.685417 0.295312 0.693750 0.296875 0.697917 0.303125 0.706250 0.306250 0.708333 0.309375 0.710417 0.321875 0.712500 0.325000 0.710417 0.329688 0.716667 0.332813 0.727083 0.334375 0.733333 0.335938 0.739583 0.335938 0.758333 0.337500 0.762500 0.339062 0.764583 0.342187 0.766667 0.348438 0.770833 0.351562 0.770833 0.357812 0.762500 0.360938 0.756250 0.364063 0.745833 0.365625 0.733333 0.368750 0.729167 0.375000 0.727083 0.384375 0.729167 0.389062 0.722917 0.392188 0.716667 0.393750 0.712500 0.395313 0.702083 0.395313 0.693750 0.392188 0.683333 0.385937 0.675000 0.382812 0.675000 0.379688 0.672917 0.378125 0.670833 0.376563 0.664583 0.368750 0.652083 0.359375 0.650000 0.350000 0.645833 0.335938 0.645833
0 0.290625 0.589583 0.287500 0.593750 0.287500 0.595833 0.284375 0.600000 0.271875 0.600000 0.270313 0.604167 0.270313 0.616667 0.276562 0.625000 0.279687 0.625000 0.281250 0.622917 0.284375 0.622917 0.287500 0.627083 0.289062 0.631250 0.290625 0.637500 0.290625 0.647917 0.284375 0.656250 0.284375 0.662500 0.290625 0.670833 0.296875 0.670833 0.310937 0.658333 0.317188 0.650000 0.318750 0.645833 0.320312 0.639583 0.320312 0.618750 0.317188 0.612500 0.309375 0.602083 0.301563 0.593750 0.296875 0.589583 0.290625 0.589583
6 0.556250 0.541667 0.554688 0.545833 0.551562 0.554167 0.550000 0.562500 0.545312 0.572917 0.539062 0.583333 0.531250 0.593750 0.526563 0.602083 0.521875 0.610417 0.518750 0.616667 0.509375 0.641667 0.504687 0.656250 0.496875 0.689583 0.490625 0.706250 0.487500 0.716667 0.487500 0.722917 0.482812 0.739583 0.476562 0.756250 0.468750 0.785417 0.460938 0.820833 0.456250 0.837500 0.453125 0.845833 0.448437 0.858333 0.442188 0.866667 0.439063 0.868750 0.435937 0.866667 0.431250 0.860417 0.431250 0.839583 0.432812 0.831250 0.437500 0.816667 0.448437 0.785417 0.453125 0.764583 0.457813 0.754167 0.460938 0.743750 0.462500 0.733333 0.467187 0.722917 0.473438 0.695833 0.478125 0.685417 0.479687 0.675000 0.484375 0.664583 0.493750 0.631250 0.498437 0.608333 0.500000 0.595833 0.500000 0.566667 0.496875 0.566667 0.490625 0.575000 0.489063 0.575000 0.485938 0.579167 0.482812 0.577083 0.479687 0.575000 0.475000 0.566667 0.471875 0.564583 0.468750 0.566667 0.465625 0.570833 0.457813 0.575000 0.454688 0.579167 0.453125 0.583333 0.451562 0.591667 0.446875 0.600000 0.437500 0.612500 0.429688 0.618750 0.415625 0.627083 0.412500 0.631250 0.412500 0.643750 0.415625 0.660417 0.415625 0.712500 0.414062 0.727083 0.412500 0.737500 0.410938 0.745833 0.407813 0.754167 0.406250 0.762500 0.404687 0.772917 0.406250 0.791667 0.409375 0.829167 0.410938 0.845833 0.412500 0.864583 0.415625 0.875000 0.418750 0.877083 0.428125 0.877083 0.448437 0.870833 0.462500 0.868750 0.476562 0.866667 0.523438 0.860417 0.542188 0.858333 0.570312 0.858333 0.571875 0.856250 0.579688 0.856250 0.581250 0.852083 0.581250 0.835417 0.584375 0.831250 0.592187 0.829167 0.592187 0.822917 0.590625 0.814583 0.587500 0.808333 0.587500 0.800000 0.585938 0.795833 0.584375 0.791667 0.579688 0.785417 0.578125 0.779167 0.576562 0.768750 0.575000 0.758333 0.573438 0.741667 0.573438 0.681250 0.570312 0.670833 0.567187 0.670833 0.564063 0.675000 0.560937 0.683333 0.554688 0.697917 0.543750 0.729167 0.529687 0.760417 0.529687 0.764583 0.521875 0.783333 0.503125 0.827083 0.498437 0.833333 0.498437 0.837500 0.495312 0.841667 0.487500 0.839583 0.485938 0.835417 0.485938 0.831250 0.489063 0.818750 0.495312 0.800000 0.504687 0.777083 0.510938 0.754167 0.520312 0.729167 0.539062 0.679167 0.551562 0.652083 0.551562 0.647917 0.562500 0.622917 0.562500 0.589583 0.560937 0.572917 0.559375 0.556250 0.557813 0.545833 0.556250 0.541667
6 0.496875 0.441667 0.496875 0.450000 0.500000 0.462500 0.498437 0.506250 0.498437 0.529167 0.500000 0.531250 0.501563 0.541667 0.503125 0.537500 0.506250 0.529167 0.506250 0.525000 0.512500 0.508333 0.517188 0.497917 0.520312 0.491667 0.526563 0.483333 0.526563 0.481250 0.531250 0.475000 0.534375 0.475000 0.537500 0.479167 0.545312 0.479167 0.548438 0.483333 0.553125 0.481250 0.553125 0.470833 0.551562 0.452083 0.546875 0.443750 0.539062 0.447917 0.529687 0.450000 0.518750 0.450000 0.510938 0.447917 0.507812 0.445833 0.501563 0.439583 0.496875 0.441667
4 0.612500 0.500000 0.604688 0.502083 0.592187 0.510417 0.585938 0.516667 0.579688 0.525000 0.573438 0.535417 0.567187 0.552083 0.567187 0.612500 0.565625 0.622917 0.564063 0.627083 0.559375 0.637500 0.550000 0.658333 0.539062 0.685417 0.537500 0.689583 0.537500 0.693750 0.532813 0.706250 0.526563 0.718750 0.525000 0.727083 0.523438 0.731250 0.520312 0.735417 0.518750 0.739583 0.517188 0.743750 0.507812 0.770833 0.503125 0.789583 0.495312 0.808333 0.490625 0.822917 0.489063 0.829167 0.489063 0.837500 0.493750 0.837500 0.496875 0.833333 0.500000 0.827083 0.504687 0.816667 0.523438 0.772917 0.532813 0.745833 0.543750 0.722917 0.559375 0.679167 0.576562 0.635417 0.579688 0.629167 0.587500 0.618750 0.592187 0.614583 0.595313 0.614583 0.598437 0.612500 0.601562 0.608333 0.601562 0.606250 0.612500 0.587500 0.620313 0.575000 0.623437 0.570833 0.625000 0.570833 0.629687 0.564583 0.631250 0.560417 0.632812 0.554167 0.632812 0.527083 0.631250 0.520833 0.629687 0.514583 0.628125 0.510417 0.623437 0.504167 0.620313 0.502083 0.615625 0.500000 0.612500 0.500000
3 0.532813 0.477083 0.526563 0.485417 0.521875 0.493750 0.518750 0.500000 0.514062 0.510417 0.509375 0.522917 0.506250 0.533333 0.504687 0.541667 0.503125 0.550000 0.503125 0.585417 0.501563 0.602083 0.496875 0.627083 0.495312 0.633333 0.493750 0.639583 0.481250 0.683333 0.476562 0.693750 0.473438 0.704167 0.470313 0.720833 0.460938 0.752083 0.454688 0.766667 0.450000 0.787500 0.442188 0.808333 0.435937 0.829167 0.434375 0.835417 0.432812 0.843750 0.432812 0.858333 0.434375 0.862500 0.440625 0.864583 0.446875 0.856250 0.450000 0.850000 0.451562 0.845833 0.454688 0.835417 0.454688 0.829167 0.460938 0.812500 0.470313 0.770833 0.476562 0.747917 0.482812 0.731250 0.485938 0.714583 0.492188 0.697917 0.495312 0.681250 0.503125 0.654167 0.507812 0.639583 0.510938 0.631250 0.515625 0.618750 0.525000 0.600000 0.539062 0.579167 0.543750 0.570833 0.546875 0.564583 0.548438 0.560417 0.553125 0.545833 0.557813 0.527083 0.559375 0.516667 0.560937 0.506250 0.560937 0.493750 0.554688 0.500000 0.554688 0.502083 0.551562 0.506250 0.550000 0.497917 0.553125 0.491667 0.551562 0.485417 0.545312 0.487500 0.543750 0.483333 0.540625 0.483333 0.537500 0.487500 0.535937 0.491667 0.532813 0.487500 0.532813 0.477083
27 0.776563 0.114583 0.768750 0.118750 0.767188 0.125000 0.767188 0.154167 0.762500 0.170833 0.760938 0.175000 0.757812 0.181250 0.754687 0.187500 0.748437 0.195833 0.746875 0.202083 0.743750 0.206250 0.740625 0.206250 0.734375 0.212500 0.732812 0.214583 0.731250 0.218750 0.729688 0.225000 0.729688 0.258333 0.731250 0.260417 0.731250 0.289583 0.737500 0.289583 0.739062 0.291667 0.787500 0.291667 0.790625 0.295833 0.792188 0.312500 0.793750 0.316667 0.795312 0.320833 0.800000 0.322917 0.807813 0.316667 0.810937 0.316667 0.814063 0.314583 0.817187 0.318750 0.823438 0.329167 0.823438 0.335417 0.821875 0.354167 0.820312 0.358333 0.817187 0.362500 0.809375 0.368750 0.801562 0.372917 0.796875 0.377083 0.796875 0.381250 0.795312 0.383333 0.795312 0.397917 0.793750 0.410417 0.792188 0.412500 0.792188 0.422917 0.790625 0.429167 0.785937 0.435417 0.782813 0.437500 0.778125 0.437500 0.746875 0.435417 0.731250 0.437500 0.728125 0.439583 0.726562 0.441667 0.725000 0.445833 0.725000 0.454167 0.728125 0.464583 0.729688 0.468750 0.731250 0.470833 0.734375 0.472917 0.748437 0.475000 0.826562 0.472917 0.826562 0.466667 0.829688 0.460417 0.831250 0.452083 0.831250 0.435417 0.832812 0.402083 0.832812 0.314583 0.835938 0.277083 0.834375 0.266667 0.837500 0.187500 0.837500 0.135417 0.835938 0.131250 0.831250 0.125000 0.829688 0.125000 0.823438 0.116667 0.812500 0.116667 0.810937 0.114583 0.800000 0.116667 0.795312 0.116667 0.776563 0.114583
0 0.181250 0.577083 0.178125 0.587500 0.176563 0.593750 0.175000 0.606250 0.171875 0.610417 0.168750 0.612500 0.165625 0.614583 0.160938 0.616667 0.160938 0.620833 0.157812 0.622917 0.157812 0.629167 0.159375 0.633333 0.160938 0.637500 0.164062 0.643750 0.167187 0.647917 0.175000 0.647917 0.192188 0.656250 0.201563 0.656250 0.206250 0.654167 0.209375 0.652083 0.212500 0.645833 0.210938 0.637500 0.207813 0.627083 0.210938 0.616667 0.203125 0.616667 0.198437 0.608333 0.198437 0.595833 0.196875 0.589583 0.195312 0.585417 0.192188 0.581250 0.189062 0.579167 0.185938 0.577083 0.181250 0.577083
0 0.281250 0.625000 0.279687 0.627083 0.275000 0.627083 0.270313 0.631250 0.256250 0.629167 0.253125 0.629167 0.250000 0.631250 0.245312 0.637500 0.240625 0.639583 0.235937 0.639583 0.232813 0.641667 0.231250 0.658333 0.232813 0.664583 0.234375 0.670833 0.240625 0.687500 0.250000 0.700000 0.254688 0.702083 0.264062 0.702083 0.271875 0.700000 0.275000 0.695833 0.278125 0.689583 0.278125 0.683333 0.275000 0.679167 0.275000 0.672917 0.276562 0.668750 0.282813 0.660417 0.282813 0.656250 0.289062 0.647917 0.290625 0.641667 0.289062 0.635417 0.287500 0.631250 0.285938 0.627083 0.281250 0.625000
0 0.737500 0.570833 0.710938 0.572917 0.707812 0.575000 0.706250 0.577083 0.703125 0.587500 0.687500 0.587500 0.684375 0.591667 0.684375 0.600000 0.681250 0.604167 0.676562 0.608333 0.673438 0.610417 0.665625 0.608333 0.659375 0.604167 0.654687 0.604167 0.651563 0.606250 0.648438 0.610417 0.643750 0.622917 0.642188 0.629167 0.637500 0.631250 0.632812 0.637500 0.631250 0.643750 0.631250 0.658333 0.629687 0.668750 0.626563 0.670833 0.626563 0.675000 0.625000 0.677083 0.626563 0.687500 0.626563 0.691667 0.621875 0.697917 0.621875 0.710417 0.618750 0.714583 0.618750 0.729167 0.625000 0.737500 0.625000 0.743750 0.623437 0.750000 0.620313 0.754167 0.620313 0.764583 0.621875 0.768750 0.626563 0.772917 0.629687 0.772917 0.632812 0.777083 0.637500 0.795833 0.637500 0.806250 0.640625 0.810417 0.643750 0.812500 0.648438 0.812500 0.651563 0.816667 0.651563 0.818750 0.654687 0.822917 0.656250 0.822917 0.659375 0.827083 0.660937 0.837500 0.664062 0.841667 0.664062 0.843750 0.665625 0.845833 0.667188 0.845833 0.670312 0.850000 0.675000 0.852083 0.682813 0.852083 0.687500 0.858333 0.689063 0.858333 0.692187 0.862500 0.692187 0.866667 0.696875 0.872917 0.701562 0.875000 0.704688 0.875000 0.710938 0.870833 0.712500 0.864583 0.715625 0.862500 0.718750 0.864583 0.725000 0.868750 0.729688 0.868750 0.735938 0.864583 0.745313 0.866667 0.748437 0.864583 0.750000 0.862500 0.751563 0.858333 0.751563 0.854167 0.750000 0.852083 0.750000 0.847917 0.753125 0.843750 0.756250 0.841667 0.760938 0.841667 0.762500 0.843750 0.765625 0.843750 0.771875 0.839583 0.773438 0.835417 0.787500 0.837500 0.792188 0.845833 0.801562 0.845833 0.806250 0.839583 0.806250 0.833333 0.804688 0.831250 0.804688 0.825000 0.807813 0.820833 0.812500 0.820833 0.815625 0.825000 0.825000 0.825000 0.829688 0.818750 0.829688 0.812500 0.837500 0.800000 0.839063 0.795833 0.839063 0.785417 0.848437 0.772917 0.848437 0.760417 0.843750 0.754167 0.842187 0.754167 0.837500 0.745833 0.843750 0.735417 0.843750 0.727083 0.842187 0.722917 0.839063 0.718750 0.835938 0.718750 0.834375 0.710417 0.842187 0.710417 0.846875 0.704167 0.846875 0.695833 0.845313 0.691667 0.840625 0.685417 0.840625 0.668750 0.839063 0.666667 0.839063 0.662500 0.835938 0.660417 0.832812 0.658333 0.828125 0.658333 0.820312 0.650000 0.817187 0.631250 0.814063 0.629167 0.806250 0.629167 0.801562 0.622917 0.801562 0.620833 0.798438 0.616667 0.796875 0.616667 0.792188 0.610417 0.792188 0.604167 0.789062 0.600000 0.785937 0.597917 0.781250 0.597917 0.771875 0.602083 0.768750 0.602083 0.765625 0.597917 0.765625 0.589583 0.760938 0.583333 0.757812 0.581250 0.753125 0.579167 0.750000 0.572917 0.746875 0.570833 0.737500 0.570833
0 0.165625 0.652083 0.162500 0.654167 0.162500 0.666667 0.164062 0.666667 0.167187 0.670833 0.167187 0.675000 0.160938 0.683333 0.157812 0.685417 0.148438 0.687500 0.142187 0.689583 0.137500 0.693750 0.129688 0.700000 0.125000 0.706250 0.126562 0.714583 0.131250 0.718750 0.131250 0.745833 0.132812 0.752083 0.137500 0.758333 0.142187 0.760417 0.146875 0.758333 0.153125 0.762500 0.160938 0.762500 0.164062 0.760417 0.170313 0.754167 0.173437 0.752083 0.182812 0.747917 0.192188 0.741667 0.196875 0.737500 0.204687 0.727083 0.212500 0.714583 0.214062 0.710417 0.215625 0.706250 0.217188 0.700000 0.217188 0.695833 0.215625 0.685417 0.210938 0.675000 0.207813 0.670833 0.203125 0.668750 0.195312 0.660417 0.192188 0.658333 0.189062 0.656250 0.178125 0.652083 0.165625 0.652083
