0 0.212500 0.664583 0.201563 0.677083 0.198437 0.681250 0.196875 0.685417 0.196875 0.702083 0.198437 0.714583 0.201563 0.725000 0.201563 0.737500 0.203125 0.745833 0.204687 0.754167 0.206250 0.758333 0.212500 0.772917 0.217188 0.779167 0.221875 0.781250 0.226562 0.783333 0.232813 0.785417 0.237500 0.785417 0.239063 0.783333 0.245312 0.783333 0.250000 0.781250 0.254688 0.777083 0.262500 0.768750 0.264062 0.766667 0.264062 0.764583 0.267188 0.760417 0.270313 0.750000 0.270313 0.735417 0.264062 0.727083 0.260937 0.720833 0.260937 0.718750 0.259375 0.716667 0.257812 0.716667 0.256250 0.714583 0.254688 0.708333 0.240625 0.691667 0.234375 0.679167 0.226562 0.668750 0.221875 0.666667 0.217188 0.664583 0.212500 0.664583
0 0.246875 0.612500 0.243750 0.614583 0.240625 0.616667 0.235937 0.622917 0.231250 0.631250 0.229687 0.635417 0.228125 0.639583 0.228125 0.666667 0.231250 0.670833 0.235937 0.672917 0.246875 0.687500 0.254688 0.700000 0.259375 0.708333 0.260937 0.714583 0.265625 0.720833 0.268750 0.722917 0.273438 0.725000 0.284375 0.722917 0.285938 0.718750 0.289062 0.708333 0.295312 0.687500 0.295312 0.668750 0.293750 0.660417 0.292187 0.654167 0.290625 0.647917 0.285938 0.635417 0.282813 0.637500 0.278125 0.641667 0.273438 0.643750 0.260937 0.643750 0.257812 0.641667 0.251563 0.633333 0.251563 0.622917 0.250000 0.620833 0.250000 0.612500 0.246875 0.612500
0 0.253125 0.518750 0.251563 0.529167 0.251563 0.618750 0.253125 0.633333 0.257812 0.639583 0.260937 0.641667 0.273438 0.641667 0.278125 0.639583 0.281250 0.637500 0.284375 0.635417 0.290625 0.627083 0.292187 0.627083 0.296875 0.620833 0.301563 0.610417 0.304688 0.600000 0.304688 0.579167 0.303125 0.572917 0.298438 0.558333 0.296875 0.554167 0.295312 0.550000 0.285938 0.529167 0.278125 0.518750 0.275000 0.516667 0.253125 0.518750
0 0.310937 0.575000 0.307812 0.577083 0.306250 0.595833 0.309375 0.610417 0.310937 0.616667 0.314063 0.627083 0.318750 0.641667 0.323437 0.647917 0.326562 0.650000 0.329688 0.652083 0.345313 0.658333 0.357812 0.654167 0.368750 0.654167 0.368750 0.650000 0.367188 0.639583 0.364063 0.631250 0.360938 0.633333 0.354687 0.631250 0.348438 0.622917 0.343750 0.614583 0.340625 0.606250 0.335938 0.593750 0.334375 0.587500 0.334375 0.581250 0.332813 0.577083 0.310937 0.575000
0 0.403125 0.581250 0.396875 0.583333 0.389062 0.587500 0.385937 0.589583 0.379688 0.595833 0.376563 0.600000 0.373437 0.606250 0.368750 0.618750 0.367188 0.627083 0.367188 0.635417 0.368750 0.645833 0.370312 0.654167 0.371875 0.660417 0.373437 0.666667 0.378125 0.672917 0.382812 0.677083 0.385937 0.679167 0.389062 0.679167 0.392188 0.681250 0.395313 0.679167 0.410938 0.658333 0.421875 0.647917 0.423438 0.645833 0.428125 0.637500 0.431250 0.629167 0.432812 0.620833 0.435937 0.616667 0.437500 0.612500 0.437500 0.597917 0.432812 0.589583 0.428125 0.587500 0.423438 0.583333 0.414062 0.581250 0.403125 0.581250
0 0.350000 0.504167 0.345313 0.510417 0.343750 0.514583 0.340625 0.529167 0.337500 0.547917 0.335938 0.558333 0.334375 0.570833 0.334375 0.581250 0.337500 0.587500 0.337500 0.593750 0.342187 0.608333 0.343750 0.612500 0.350000 0.620833 0.350000 0.622917 0.354687 0.629167 0.357812 0.629167 0.360938 0.631250 0.364063 0.629167 0.367188 0.625000 0.367188 0.618750 0.371875 0.606250 0.375000 0.600000 0.382812 0.589583 0.382812 0.543750 0.381250 0.535417 0.378125 0.520833 0.375000 0.512500 0.370312 0.508333 0.367188 0.506250 0.359375 0.504167 0.350000 0.504167
0 0.671875 0.068750 0.660937 0.070833 0.656250 0.072917 0.651563 0.075000 0.643750 0.079167 0.640625 0.081250 0.632812 0.089583 0.629687 0.093750 0.621875 0.106250 0.618750 0.112500 0.615625 0.118750 0.614062 0.122917 0.612500 0.127083 0.607812 0.145833 0.606250 0.160417 0.606250 0.172917 0.607812 0.187500 0.609375 0.193750 0.610938 0.200000 0.617188 0.216667 0.620313 0.222917 0.634375 0.241667 0.639062 0.245833 0.643750 0.250000 0.653125 0.256250 0.659375 0.258333 0.665625 0.260417 0.690625 0.260417 0.696875 0.258333 0.703125 0.256250 0.710938 0.252083 0.718750 0.245833 0.723437 0.241667 0.728125 0.237500 0.735938 0.227083 0.739062 0.220833 0.742188 0.214583 0.745313 0.206250 0.750000 0.193750 0.751563 0.185417 0.751563 0.141667 0.750000 0.133333 0.746875 0.125000 0.740625 0.108333 0.735938 0.102083 0.735938 0.100000 0.732812 0.095833 0.725000 0.087500 0.718750 0.081250 0.709375 0.075000 0.704688 0.072917 0.700000 0.070833 0.692187 0.068750 0.671875 0.068750
0 0.632812 0.552083 0.628125 0.554167 0.625000 0.558333 0.623437 0.558333 0.620313 0.568750 0.620313 0.575000 0.621875 0.608333 0.620313 0.616667 0.618750 0.622917 0.615625 0.627083 0.615625 0.629167 0.598437 0.631250 0.595313 0.633333 0.593750 0.645833 0.595313 0.652083 0.596875 0.656250 0.601562 0.660417 0.601562 0.662500 0.606250 0.668750 0.614062 0.675000 0.617188 0.677083 0.620313 0.677083 0.628125 0.675000 0.632812 0.677083 0.637500 0.681250 0.643750 0.681250 0.645312 0.683333 0.650000 0.683333 0.660937 0.681250 0.665625 0.679167 0.673438 0.668750 0.690625 0.643750 0.692187 0.639583 0.693750 0.635417 0.693750 0.616667 0.692187 0.612500 0.690625 0.608333 0.684375 0.604167 0.678125 0.606250 0.668750 0.612500 0.665625 0.608333 0.665625 0.606250 0.660937 0.600000 0.657813 0.593750 0.654687 0.587500 0.650000 0.575000 0.648438 0.566667 0.646875 0.562500 0.645312 0.558333 0.640625 0.552083 0.632812 0.552083
0 0.785937 0.254167 0.778125 0.256250 0.773438 0.258333 0.765625 0.262500 0.757812 0.268750 0.748437 0.277083 0.734375 0.289583 0.725000 0.302083 0.718750 0.318750 0.717187 0.325000 0.715625 0.337500 0.715625 0.354167 0.717187 0.368750 0.718750 0.377083 0.720313 0.383333 0.721875 0.389583 0.723437 0.393750 0.725000 0.397917 0.728125 0.404167 0.734375 0.414583 0.743750 0.427083 0.751563 0.433333 0.760938 0.439583 0.765625 0.441667 0.770312 0.443750 0.793750 0.443750 0.800000 0.441667 0.804688 0.439583 0.809375 0.437500 0.821875 0.431250 0.825000 0.429167 0.831250 0.420833 0.839063 0.418750 0.843750 0.414583 0.853125 0.402083 0.856250 0.395833 0.862500 0.379167 0.864062 0.372917 0.865625 0.364583 0.865625 0.329167 0.864062 0.320833 0.862500 0.314583 0.860938 0.310417 0.856250 0.300000 0.851562 0.293750 0.850000 0.287500 0.845313 0.279167 0.840625 0.272917 0.834375 0.266667 0.828125 0.262500 0.818750 0.256250 0.812500 0.254167 0.785937 0.254167
4 0.375000 0.068750 0.375000 0.079167 0.379688 0.093750 0.387500 0.114583 0.414062 0.185417 0.426563 0.212500 0.450000 0.270833 0.454688 0.283333 0.456250 0.289583 0.456250 0.302083 0.453125 0.316667 0.453125 0.345833 0.456250 0.350000 0.460938 0.347917 0.460938 0.343750 0.462500 0.339583 0.464062 0.335417 0.465625 0.333333 0.468750 0.331250 0.471875 0.331250 0.476562 0.327083 0.481250 0.322917 0.484375 0.318750 0.484375 0.316667 0.487500 0.312500 0.495312 0.312500 0.501563 0.320833 0.507812 0.318750 0.507812 0.316667 0.509375 0.312500 0.507812 0.308333 0.506250 0.304167 0.501563 0.295833 0.496875 0.293750 0.489063 0.287500 0.479687 0.285417 0.476562 0.283333 0.473438 0.281250 0.468750 0.275000 0.465625 0.266667 0.454688 0.239583 0.440625 0.200000 0.431250 0.181250 0.425000 0.162500 0.418750 0.147917 0.400000 0.110417 0.396875 0.100000 0.389062 0.087500 0.387500 0.081250 0.384375 0.075000 0.381250 0.070833 0.378125 0.068750 0.375000 0.068750
1 0.621875 0.333333 0.617188 0.343750 0.617188 0.352083 0.621875 0.379167 0.625000 0.387500 0.625000 0.408333 0.621875 0.433333 0.620313 0.435417 0.620313 0.443750 0.623437 0.447917 0.631250 0.454167 0.634375 0.454167 0.648438 0.464583 0.654687 0.472917 0.662500 0.479167 0.678125 0.489583 0.685937 0.495833 0.690625 0.502083 0.698438 0.508333 0.706250 0.512500 0.714063 0.518750 0.734375 0.535417 0.746875 0.547917 0.759375 0.558333 0.775000 0.568750 0.781250 0.575000 0.798438 0.597917 0.801562 0.597917 0.804688 0.595833 0.809375 0.589583 0.812500 0.583333 0.817187 0.572917 0.820312 0.564583 0.825000 0.552083 0.826562 0.545833 0.826562 0.525000 0.828125 0.520833 0.829688 0.518750 0.834375 0.516667 0.829688 0.510417 0.825000 0.506250 0.821875 0.504167 0.815625 0.502083 0.804688 0.493750 0.796875 0.485417 0.789062 0.481250 0.781250 0.475000 0.776563 0.468750 0.771875 0.464583 0.750000 0.450000 0.729688 0.431250 0.710938 0.416667 0.689063 0.402083 0.684375 0.397917 0.679688 0.391667 0.675000 0.387500 0.654687 0.375000 0.646875 0.366667 0.642188 0.366667 0.639062 0.362500 0.637500 0.356250 0.635938 0.347917 0.631250 0.335417 0.626563 0.329167 0.621875 0.333333
1 0.256250 0.218750 0.250000 0.225000 0.245312 0.233333 0.239063 0.254167 0.235937 0.258333 0.228125 0.262500 0.220312 0.268750 0.207813 0.281250 0.196875 0.289583 0.193750 0.291667 0.187500 0.293750 0.182812 0.300000 0.171875 0.308333 0.165625 0.310417 0.160938 0.314583 0.143750 0.329167 0.139063 0.333333 0.129688 0.343750 0.125000 0.347917 0.104688 0.364583 0.085938 0.379167 0.079687 0.383333 0.075000 0.385417 0.067187 0.381250 0.056250 0.381250 0.051562 0.383333 0.046875 0.387500 0.042188 0.393750 0.042188 0.397917 0.046875 0.406250 0.053125 0.416667 0.067187 0.437500 0.075000 0.454167 0.084375 0.464583 0.087500 0.468750 0.090625 0.475000 0.095312 0.495833 0.096875 0.500000 0.109375 0.502083 0.118750 0.495833 0.126562 0.485417 0.126562 0.477083 0.135937 0.464583 0.146875 0.458333 0.151562 0.452083 0.159375 0.445833 0.167187 0.439583 0.178125 0.431250 0.192188 0.422917 0.200000 0.416667 0.212500 0.404167 0.220312 0.400000 0.242188 0.379167 0.250000 0.375000 0.262500 0.364583 0.275000 0.352083 0.282813 0.345833 0.287500 0.343750 0.303125 0.345833 0.306250 0.345833 0.310937 0.343750 0.317188 0.339583 0.320312 0.335417 0.320312 0.331250 0.317188 0.325000 0.310937 0.316667 0.298438 0.291667 0.293750 0.281250 0.285938 0.260417 0.281250 0.250000 0.276562 0.241667 0.271875 0.233333 0.270313 0.231250 0.267188 0.227083 0.260937 0.218750 0.256250 0.218750
18 0.293750 0.043750 0.284375 0.045833 0.279687 0.047917 0.275000 0.050000 0.271875 0.052083 0.268750 0.054167 0.264062 0.058333 0.248438 0.079167 0.246875 0.083333 0.245312 0.087500 0.242188 0.097917 0.240625 0.106250 0.240625 0.139583 0.243750 0.147917 0.243750 0.156250 0.245312 0.160417 0.248438 0.164583 0.248438 0.168750 0.250000 0.172917 0.254688 0.181250 0.268750 0.200000 0.278125 0.210417 0.289062 0.222917 0.295312 0.229167 0.300000 0.233333 0.304688 0.237500 0.315625 0.245833 0.323437 0.250000 0.329688 0.252083 0.348438 0.252083 0.353125 0.250000 0.357812 0.247917 0.360938 0.245833 0.365625 0.241667 0.371875 0.235417 0.378125 0.227083 0.382812 0.214583 0.384375 0.208333 0.385937 0.197917 0.385937 0.187500 0.384375 0.175000 0.381250 0.164583 0.379688 0.160417 0.376563 0.156250 0.375000 0.152083 0.373437 0.147917 0.371875 0.141667 0.371875 0.135417 0.370312 0.129167 0.364063 0.114583 0.362500 0.104167 0.356250 0.089583 0.350000 0.081250 0.345313 0.070833 0.343750 0.068750 0.334375 0.058333 0.326562 0.052083 0.318750 0.047917 0.314063 0.045833 0.304688 0.043750 0.293750 0.043750
3 0.839063 0.547917 0.837500 0.552083 0.831250 0.568750 0.826562 0.587500 0.825000 0.595833 0.823438 0.608333 0.823438 0.620833 0.825000 0.633333 0.826562 0.641667 0.831250 0.656250 0.832812 0.664583 0.834375 0.672917 0.835938 0.683333 0.837500 0.700000 0.837500 0.760417 0.835938 0.822917 0.834375 0.864583 0.831250 0.904167 0.831250 0.939583 0.832812 0.954167 0.837500 0.966667 0.840625 0.968750 0.845313 0.968750 0.846875 0.964583 0.846875 0.933333 0.850000 0.914583 0.850000 0.806250 0.851562 0.720833 0.853125 0.700000 0.854688 0.687500 0.856250 0.679167 0.860938 0.660417 0.864062 0.654167 0.868750 0.635417 0.870313 0.625000 0.871875 0.610417 0.873437 0.591667 0.873437 0.572917 0.875000 0.570833 0.875000 0.554167 0.873437 0.552083 0.871875 0.547917 0.865625 0.554167 0.862500 0.547917 0.859375 0.547917 0.856250 0.552083 0.853125 0.547917 0.851562 0.545833 0.839063 0.547917
0 0.701562 0.591667 0.698438 0.606250 0.696875 0.606250 0.693750 0.612500 0.695312 0.637500 0.693750 0.650000 0.690625 0.656250 0.689063 0.662500 0.690625 0.670833 0.693750 0.672917 0.704688 0.672917 0.707812 0.670833 0.712500 0.666667 0.718750 0.658333 0.721875 0.652083 0.723437 0.645833 0.725000 0.639583 0.725000 0.606250 0.720313 0.595833 0.717187 0.591667 0.712500 0.589583 0.701562 0.591667
0 0.720313 0.691667 0.714063 0.693750 0.709375 0.697917 0.704688 0.700000 0.703125 0.704167 0.703125 0.714583 0.709375 0.725000 0.710938 0.729167 0.710938 0.735417 0.715625 0.739583 0.715625 0.766667 0.715625 0.777083 0.718750 0.781250 0.721875 0.783333 0.726562 0.783333 0.729688 0.781250 0.731250 0.775000 0.732812 0.772917 0.735938 0.766667 0.740625 0.752083 0.745313 0.743750 0.750000 0.741667 0.754687 0.743750 0.757812 0.745833 0.762500 0.739583 0.762500 0.727083 0.760938 0.716667 0.751563 0.704167 0.746875 0.702083 0.740625 0.693750 0.735938 0.691667 0.720313 0.691667
0 0.671875 0.677083 0.670312 0.681250 0.668750 0.689583 0.668750 0.697917 0.667188 0.704167 0.664062 0.714583 0.660937 0.718750 0.660937 0.722917 0.657813 0.727083 0.653125 0.727083 0.650000 0.731250 0.650000 0.741667 0.651563 0.745833 0.653125 0.750000 0.654687 0.752083 0.657813 0.754167 0.660937 0.756250 0.670312 0.758333 0.673438 0.762500 0.679688 0.764583 0.685937 0.764583 0.693750 0.762500 0.698438 0.760417 0.703125 0.754167 0.704688 0.754167 0.707812 0.750000 0.707812 0.733333 0.706250 0.729167 0.701562 0.729167 0.695312 0.725000 0.692187 0.720833 0.690625 0.716667 0.689063 0.708333 0.689063 0.681250 0.685937 0.677083 0.681250 0.675000 0.671875 0.677083
0 0.620313 0.725000 0.615625 0.727083 0.610938 0.733333 0.607812 0.739583 0.604688 0.745833 0.603125 0.750000 0.603125 0.772917 0.600000 0.781250 0.598437 0.791667 0.600000 0.812500 0.601562 0.818750 0.603125 0.822917 0.625000 0.854167 0.632812 0.864583 0.635938 0.866667 0.640625 0.868750 0.646875 0.868750 0.648438 0.866667 0.656250 0.866667 0.660937 0.864583 0.664062 0.862500 0.670312 0.854167 0.675000 0.841667 0.676562 0.816667 0.681250 0.814583 0.684375 0.810417 0.685937 0.810417 0.687500 0.789583 0.681250 0.781250 0.665625 0.779167 0.660937 0.777083 0.657813 0.775000 0.653125 0.768750 0.651563 0.764583 0.651563 0.750000 0.650000 0.745833 0.643750 0.733333 0.637500 0.725000 0.620313 0.725000
0 0.560937 0.697917 0.557813 0.700000 0.550000 0.710417 0.546875 0.712500 0.540625 0.714583 0.529687 0.714583 0.525000 0.716667 0.521875 0.718750 0.515625 0.729167 0.514062 0.733333 0.512500 0.739583 0.510938 0.745833 0.509375 0.756250 0.507812 0.779167 0.507812 0.789583 0.509375 0.797917 0.512500 0.806250 0.518750 0.822917 0.523438 0.829167 0.526563 0.831250 0.529687 0.833333 0.537500 0.833333 0.543750 0.827083 0.546875 0.827083 0.550000 0.825000 0.554688 0.818750 0.556250 0.812500 0.554688 0.804167 0.553125 0.802083 0.554688 0.795833 0.559375 0.793750 0.582812 0.795833 0.589063 0.793750 0.596875 0.783333 0.596875 0.768750 0.581250 0.750000 0.581250 0.743750 0.585938 0.729167 0.585938 0.718750 0.584375 0.714583 0.582812 0.710417 0.578125 0.704167 0.575000 0.702083 0.571875 0.700000 0.567187 0.697917 0.560937 0.697917
0 0.567187 0.579167 0.560937 0.585417 0.551562 0.593750 0.543750 0.604167 0.534375 0.602083 0.528125 0.602083 0.518750 0.614583 0.518750 0.625000 0.520312 0.629167 0.523438 0.633333 0.525000 0.637500 0.525000 0.650000 0.523438 0.654167 0.518750 0.662500 0.517188 0.668750 0.515625 0.675000 0.515625 0.693750 0.517188 0.697917 0.526563 0.710417 0.529687 0.712500 0.542188 0.712500 0.546875 0.710417 0.556250 0.697917 0.559375 0.695833 0.567187 0.693750 0.582812 0.675000 0.585938 0.668750 0.587500 0.664583 0.589063 0.658333 0.590625 0.652083 0.590625 0.635417 0.593750 0.627083 0.593750 0.616667 0.592187 0.608333 0.590625 0.602083 0.587500 0.595833 0.584375 0.591667 0.579688 0.587500 0.571875 0.581250 0.567187 0.579167
0 0.509375 0.289583 0.506250 0.293750 0.506250 0.300000 0.507812 0.304167 0.510938 0.308333 0.510938 0.316667 0.506250 0.322917 0.500000 0.322917 0.495312 0.316667 0.490625 0.314583 0.485938 0.318750 0.482812 0.325000 0.478125 0.327083 0.473438 0.333333 0.470313 0.333333 0.467187 0.335417 0.465625 0.337500 0.464062 0.341667 0.464062 0.347917 0.459375 0.354167 0.453125 0.352083 0.453125 0.350000 0.446875 0.347917 0.443750 0.350000 0.434375 0.360417 0.429688 0.366667 0.428125 0.366667 0.425000 0.368750 0.421875 0.377083 0.421875 0.387500 0.425000 0.393750 0.425000 0.406250 0.421875 0.412500 0.421875 0.425000 0.423438 0.431250 0.428125 0.437500 0.429688 0.441667 0.429688 0.447917 0.432812 0.454167 0.432812 0.460417 0.434375 0.464583 0.435937 0.468750 0.437500 0.470833 0.440625 0.472917 0.445312 0.475000 0.453125 0.477083 0.453125 0.485417 0.457813 0.491667 0.459375 0.491667 0.462500 0.495833 0.462500 0.502083 0.467187 0.508333 0.470313 0.510417 0.481250 0.508333 0.487500 0.512500 0.498437 0.512500 0.504687 0.516667 0.507812 0.516667 0.512500 0.512500 0.521875 0.510417 0.535937 0.510417 0.539062 0.508333 0.553125 0.489583 0.556250 0.489583 0.559375 0.487500 0.564063 0.472917 0.573438 0.472917 0.578125 0.466667 0.579688 0.460417 0.578125 0.454167 0.581250 0.441667 0.584375 0.437500 0.585938 0.437500 0.587500 0.435417 0.589063 0.431250 0.587500 0.414583 0.587500 0.410417 0.590625 0.404167 0.590625 0.391667 0.593750 0.385417 0.593750 0.375000 0.592187 0.370833 0.589063 0.366667 0.587500 0.358333 0.579688 0.347917 0.578125 0.341667 0.573438 0.335417 0.565625 0.331250 0.565625 0.325000 0.564063 0.320833 0.559375 0.314583 0.557813 0.314583 0.554688 0.310417 0.553125 0.304167 0.551562 0.302083 0.548438 0.300000 0.539062 0.300000 0.537500 0.302083 0.528125 0.302083 0.520312 0.291667 0.517188 0.289583 0.509375 0.289583
0 0.364063 0.656250 0.351562 0.658333 0.343750 0.662500 0.334375 0.662500 0.325000 0.664583 0.318750 0.668750 0.315625 0.672917 0.315625 0.687500 0.317188 0.695833 0.323437 0.712500 0.329688 0.720833 0.332813 0.722917 0.335938 0.725000 0.343750 0.725000 0.350000 0.727083 0.356250 0.731250 0.362500 0.731250 0.368750 0.735417 0.381250 0.735417 0.395313 0.729167 0.401562 0.725000 0.403125 0.720833 0.403125 0.716667 0.401562 0.714583 0.401562 0.708333 0.396875 0.697917 0.395313 0.687500 0.392188 0.683333 0.389062 0.681250 0.385937 0.681250 0.382812 0.679167 0.378125 0.675000 0.370312 0.664583 0.368750 0.658333 0.364063 0.656250
0 0.309375 0.683333 0.301563 0.685417 0.298438 0.687500 0.296875 0.689583 0.295312 0.693750 0.290625 0.706250 0.285938 0.725000 0.284375 0.733333 0.282813 0.741667 0.281250 0.758333 0.281250 0.762500 0.282813 0.772917 0.287500 0.791667 0.289062 0.795833 0.293750 0.802083 0.298438 0.806250 0.303125 0.808333 0.312500 0.808333 0.321875 0.806250 0.334375 0.797917 0.342187 0.787500 0.346875 0.777083 0.346875 0.762500 0.345313 0.758333 0.340625 0.750000 0.334375 0.729167 0.325000 0.718750 0.323437 0.716667 0.323437 0.714583 0.320312 0.710417 0.315625 0.695833 0.315625 0.691667 0.314063 0.687500 0.312500 0.685417 0.309375 0.683333
