0 0.471875 0.591667 0.465625 0.593750 0.459375 0.602083 0.457813 0.606250 0.456250 0.610417 0.454688 0.618750 0.453125 0.650000 0.451562 0.683333 0.453125 0.706250 0.453125 0.710417 0.450000 0.720833 0.451562 0.743750 0.451562 0.750000 0.448437 0.770833 0.450000 0.797917 0.451562 0.804167 0.453125 0.808333 0.454688 0.812500 0.459375 0.818750 0.462500 0.820833 0.471875 0.820833 0.475000 0.818750 0.481250 0.810417 0.484375 0.804167 0.485938 0.800000 0.487500 0.793750 0.489063 0.787500 0.489063 0.775000 0.492188 0.768750 0.493750 0.762500 0.495312 0.731250 0.495312 0.687500 0.498437 0.662500 0.498437 0.616667 0.496875 0.608333 0.495312 0.602083 0.490625 0.595833 0.485938 0.593750 0.479687 0.591667 0.471875 0.591667
28 0.671875 0.064583 0.662500 0.068750 0.651563 0.068750 0.642188 0.075000 0.634375 0.081250 0.620313 0.100000 0.617188 0.106250 0.609375 0.125000 0.607812 0.135417 0.604688 0.139583 0.603125 0.143750 0.603125 0.150000 0.598437 0.160417 0.596875 0.175000 0.585938 0.212500 0.585938 0.252083 0.587500 0.260417 0.593750 0.277083 0.603125 0.289583 0.607812 0.293750 0.612500 0.295833 0.621875 0.308333 0.625000 0.310417 0.629687 0.312500 0.634375 0.314583 0.650000 0.314583 0.656250 0.310417 0.664062 0.310417 0.676562 0.304167 0.679688 0.302083 0.684375 0.297917 0.690625 0.291667 0.704688 0.275000 0.707812 0.270833 0.710938 0.262500 0.721875 0.243750 0.734375 0.225000 0.739062 0.216667 0.740625 0.212500 0.742188 0.208333 0.742188 0.204167 0.743750 0.200000 0.745313 0.195833 0.750000 0.189583 0.751563 0.181250 0.753125 0.170833 0.753125 0.143750 0.751563 0.133333 0.750000 0.125000 0.746875 0.116667 0.742188 0.104167 0.737500 0.095833 0.728125 0.083333 0.721875 0.077083 0.715625 0.072917 0.706250 0.066667 0.700000 0.064583 0.671875 0.064583
0 0.664062 0.635417 0.657813 0.637500 0.654687 0.639583 0.651563 0.641667 0.643750 0.654167 0.642188 0.656250 0.639062 0.658333 0.631250 0.662500 0.626563 0.668750 0.621875 0.677083 0.617188 0.693750 0.614062 0.700000 0.615625 0.714583 0.618750 0.720833 0.618750 0.725000 0.617188 0.727083 0.615625 0.735417 0.615625 0.741667 0.617188 0.745833 0.620313 0.750000 0.621875 0.756250 0.623437 0.758333 0.625000 0.758333 0.628125 0.762500 0.631250 0.764583 0.637500 0.764583 0.640625 0.762500 0.646875 0.754167 0.656250 0.754167 0.659375 0.750000 0.659375 0.747917 0.665625 0.743750 0.671875 0.743750 0.676562 0.745833 0.684375 0.750000 0.687500 0.754167 0.690625 0.754167 0.695312 0.747917 0.700000 0.739583 0.701562 0.735417 0.701562 0.729167 0.682813 0.704167 0.679688 0.697917 0.678125 0.693750 0.678125 0.687500 0.682813 0.681250 0.684375 0.675000 0.684375 0.650000 0.678125 0.641667 0.673438 0.637500 0.670312 0.635417 0.664062 0.635417
20 0.262500 0.143750 0.242188 0.145833 0.226562 0.147917 0.214062 0.150000 0.201563 0.152083 0.195312 0.154167 0.192188 0.156250 0.187500 0.160417 0.182812 0.166667 0.178125 0.179167 0.176563 0.187500 0.176563 0.208333 0.178125 0.231250 0.179688 0.252083 0.184375 0.275000 0.184375 0.283333 0.200000 0.283333 0.212500 0.279167 0.226562 0.277083 0.242188 0.275000 0.260937 0.272917 0.284375 0.272917 0.301563 0.268750 0.309375 0.266667 0.314063 0.264583 0.320312 0.260417 0.320312 0.231250 0.317188 0.210417 0.317188 0.189583 0.315625 0.179167 0.314063 0.172917 0.312500 0.166667 0.309375 0.160417 0.301563 0.150000 0.296875 0.145833 0.293750 0.143750 0.262500 0.143750
22 0.343750 0.166667 0.343750 0.175000 0.345313 0.189583 0.343750 0.204167 0.337500 0.254167 0.335938 0.270833 0.335938 0.289583 0.334375 0.302083 0.331250 0.314583 0.329688 0.327083 0.329688 0.331250 0.331250 0.335417 0.335938 0.337500 0.340625 0.339583 0.353125 0.337500 0.354687 0.329167 0.357812 0.300000 0.359375 0.291667 0.365625 0.270833 0.371875 0.231250 0.378125 0.200000 0.379688 0.191667 0.384375 0.183333 0.384375 0.175000 0.381250 0.175000 0.379688 0.172917 0.373437 0.172917 0.353125 0.164583 0.343750 0.166667
0 0.409375 0.597917 0.404687 0.600000 0.401562 0.602083 0.398438 0.608333 0.396875 0.612500 0.395313 0.616667 0.393750 0.625000 0.392188 0.650000 0.392188 0.672917 0.395313 0.706250 0.393750 0.752083 0.393750 0.766667 0.395313 0.793750 0.396875 0.802083 0.398438 0.808333 0.403125 0.814583 0.406250 0.816667 0.409375 0.818750 0.414062 0.820833 0.423438 0.820833 0.429688 0.818750 0.437500 0.808333 0.439063 0.804167 0.440625 0.797917 0.442188 0.791667 0.443750 0.762500 0.443750 0.718750 0.442188 0.677083 0.439063 0.660417 0.439063 0.639583 0.437500 0.631250 0.434375 0.622917 0.432812 0.616667 0.421875 0.602083 0.417187 0.597917 0.409375 0.597917
0 0.715625 0.697917 0.710938 0.700000 0.706250 0.702083 0.703125 0.704167 0.700000 0.706250 0.693750 0.714583 0.695312 0.718750 0.703125 0.729167 0.703125 0.735417 0.701562 0.739583 0.696875 0.745833 0.696875 0.747917 0.693750 0.752083 0.695312 0.756250 0.709375 0.758333 0.712500 0.756250 0.715625 0.750000 0.718750 0.752083 0.720313 0.754167 0.731250 0.770833 0.735938 0.772917 0.739062 0.770833 0.742188 0.768750 0.743750 0.756250 0.742188 0.750000 0.740625 0.743750 0.737500 0.737500 0.735938 0.731250 0.737500 0.712500 0.737500 0.706250 0.731250 0.697917 0.715625 0.697917
6 0.735938 0.316667 0.725000 0.320833 0.721875 0.325000 0.721875 0.333333 0.723437 0.341667 0.728125 0.360417 0.737500 0.389583 0.743750 0.420833 0.750000 0.443750 0.754687 0.454167 0.760938 0.485417 0.764062 0.495833 0.765625 0.500000 0.768750 0.504167 0.770312 0.504167 0.775000 0.510417 0.781250 0.514583 0.804688 0.545833 0.810937 0.558333 0.817187 0.568750 0.820312 0.570833 0.820312 0.564583 0.818750 0.562500 0.817187 0.552083 0.815625 0.533333 0.814063 0.525000 0.809375 0.510417 0.807813 0.502083 0.801562 0.454167 0.800000 0.445833 0.792188 0.408333 0.790625 0.402083 0.789062 0.397917 0.785937 0.391667 0.784375 0.397917 0.785937 0.406250 0.789062 0.422917 0.793750 0.439583 0.795312 0.447917 0.796875 0.470833 0.801562 0.487500 0.803125 0.497917 0.801562 0.516667 0.798438 0.518750 0.793750 0.518750 0.789062 0.512500 0.785937 0.502083 0.781250 0.479167 0.773438 0.456250 0.773438 0.447917 0.770312 0.433333 0.765625 0.412500 0.760938 0.400000 0.757812 0.387500 0.757812 0.379167 0.754687 0.364583 0.750000 0.350000 0.750000 0.341667 0.745313 0.329167 0.745313 0.325000 0.742188 0.316667 0.735938 0.316667
6 0.840625 0.262500 0.832812 0.268750 0.828125 0.268750 0.817187 0.275000 0.814063 0.277083 0.810937 0.281250 0.810937 0.306250 0.814063 0.316667 0.814063 0.345833 0.810937 0.364583 0.810937 0.391667 0.812500 0.404167 0.815625 0.412500 0.815625 0.422917 0.818750 0.433333 0.818750 0.443750 0.826562 0.477083 0.826562 0.487500 0.828125 0.495833 0.832812 0.512500 0.834375 0.529167 0.839063 0.543750 0.840625 0.552083 0.842187 0.560417 0.842187 0.570833 0.846875 0.585417 0.853125 0.616667 0.854688 0.627083 0.856250 0.641667 0.854688 0.647917 0.850000 0.654167 0.843750 0.654167 0.842187 0.658333 0.842187 0.668750 0.845313 0.677083 0.853125 0.675000 0.860938 0.670833 0.868750 0.668750 0.879687 0.668750 0.887500 0.666667 0.914062 0.658333 0.920312 0.656250 0.925000 0.654167 0.928125 0.652083 0.931250 0.647917 0.931250 0.633333 0.934375 0.629167 0.939063 0.625000 0.945312 0.625000 0.951562 0.620833 0.953125 0.616667 0.951562 0.610417 0.950000 0.604167 0.946875 0.593750 0.942187 0.583333 0.935937 0.556250 0.931250 0.545833 0.926562 0.529167 0.921875 0.506250 0.914062 0.485417 0.910937 0.475000 0.906250 0.452083 0.904687 0.447917 0.901563 0.443750 0.900000 0.437500 0.898438 0.427083 0.893750 0.416667 0.890625 0.400000 0.879687 0.370833 0.875000 0.350000 0.868750 0.335417 0.867188 0.329167 0.865625 0.320833 0.865625 0.312500 0.864062 0.304167 0.859375 0.297917 0.859375 0.293750 0.856250 0.289583 0.856250 0.285417 0.853125 0.281250 0.851562 0.277083 0.851562 0.272917 0.850000 0.268750 0.848437 0.264583 0.840625 0.262500
0 0.331250 0.650000 0.318750 0.652083 0.310937 0.654167 0.296875 0.658333 0.292187 0.660417 0.281250 0.666667 0.278125 0.668750 0.270313 0.677083 0.259375 0.691667 0.251563 0.706250 0.246875 0.716667 0.243750 0.727083 0.242188 0.739583 0.242188 0.772917 0.240625 0.783333 0.242188 0.789583 0.246875 0.806250 0.248438 0.810417 0.257812 0.825000 0.262500 0.831250 0.273438 0.843750 0.284375 0.854167 0.287500 0.856250 0.290625 0.858333 0.298438 0.862500 0.303125 0.864583 0.309375 0.866667 0.321875 0.866667 0.323437 0.868750 0.334375 0.868750 0.340625 0.866667 0.345313 0.864583 0.364063 0.852083 0.371875 0.845833 0.384375 0.829167 0.395313 0.812500 0.395313 0.802083 0.392188 0.783333 0.392188 0.706250 0.390625 0.697917 0.389062 0.693750 0.384375 0.683333 0.375000 0.670833 0.368750 0.664583 0.356250 0.656250 0.351562 0.656250 0.343750 0.650000 0.331250 0.650000
4 0.751563 0.185417 0.751563 0.189583 0.746875 0.197917 0.740625 0.216667 0.737500 0.222917 0.728125 0.235417 0.726562 0.235417 0.718750 0.245833 0.718750 0.254167 0.726562 0.264583 0.739062 0.279167 0.740625 0.283333 0.742188 0.287500 0.743750 0.293750 0.745313 0.314583 0.751563 0.335417 0.764062 0.400000 0.773438 0.433333 0.778125 0.460417 0.789062 0.502083 0.792188 0.510417 0.795312 0.514583 0.798438 0.514583 0.801562 0.510417 0.801562 0.506250 0.800000 0.504167 0.798438 0.495833 0.798438 0.487500 0.795312 0.479167 0.793750 0.470833 0.792188 0.452083 0.789062 0.443750 0.784375 0.410417 0.779687 0.393750 0.778125 0.385417 0.776563 0.377083 0.776563 0.366667 0.775000 0.358333 0.767188 0.325000 0.762500 0.306250 0.757812 0.295833 0.756250 0.289583 0.756250 0.266667 0.757812 0.260417 0.765625 0.237500 0.765625 0.210417 0.764062 0.204167 0.762500 0.200000 0.760938 0.195833 0.757812 0.189583 0.754687 0.185417 0.751563 0.185417
3 0.796875 0.247917 0.795312 0.252083 0.793750 0.258333 0.790625 0.256250 0.789062 0.252083 0.784375 0.254167 0.782813 0.258333 0.778125 0.254167 0.775000 0.256250 0.765625 0.260417 0.764062 0.266667 0.760938 0.279167 0.760938 0.293750 0.762500 0.302083 0.767188 0.316667 0.768750 0.331250 0.770312 0.337500 0.775000 0.354167 0.776563 0.360417 0.784375 0.375000 0.790625 0.391667 0.793750 0.402083 0.798438 0.420833 0.800000 0.429167 0.806250 0.464583 0.807813 0.483333 0.815625 0.518750 0.821875 0.556250 0.825000 0.575000 0.825000 0.585417 0.826562 0.593750 0.828125 0.600000 0.835938 0.622917 0.837500 0.637500 0.839063 0.643750 0.843750 0.650000 0.851562 0.647917 0.853125 0.643750 0.853125 0.633333 0.851562 0.622917 0.845313 0.589583 0.840625 0.575000 0.837500 0.558333 0.835938 0.541667 0.832812 0.533333 0.832812 0.525000 0.823438 0.483333 0.817187 0.447917 0.809375 0.400000 0.810937 0.352083 0.810937 0.314583 0.809375 0.300000 0.807813 0.287500 0.806250 0.277083 0.804688 0.268750 0.803125 0.260417 0.801562 0.254167 0.800000 0.250000 0.796875 0.247917
0 0.618750 0.589583 0.604688 0.593750 0.603125 0.600000 0.603125 0.606250 0.601562 0.610417 0.600000 0.614583 0.595313 0.620833 0.592187 0.620833 0.589063 0.625000 0.589063 0.633333 0.590625 0.637500 0.593750 0.643750 0.598437 0.647917 0.603125 0.650000 0.612500 0.654167 0.620313 0.654167 0.634375 0.652083 0.637500 0.650000 0.640625 0.647917 0.648438 0.639583 0.650000 0.637500 0.653125 0.633333 0.654687 0.631250 0.656250 0.627083 0.656250 0.620833 0.653125 0.612500 0.651563 0.608333 0.634375 0.606250 0.631250 0.602083 0.626563 0.589583 0.618750 0.589583
0 0.337500 0.475000 0.331250 0.477083 0.323437 0.479167 0.310937 0.485417 0.301563 0.491667 0.293750 0.500000 0.290625 0.502083 0.285938 0.502083 0.281250 0.506250 0.273438 0.516667 0.273438 0.518750 0.264062 0.529167 0.260937 0.535417 0.256250 0.545833 0.251563 0.562500 0.248438 0.568750 0.243750 0.575000 0.235937 0.585417 0.234375 0.587500 0.226562 0.593750 0.221875 0.600000 0.217188 0.610417 0.210938 0.618750 0.193750 0.639583 0.189062 0.647917 0.187500 0.652083 0.185938 0.662500 0.187500 0.670833 0.192188 0.681250 0.196875 0.687500 0.200000 0.689583 0.203125 0.691667 0.207813 0.691667 0.212500 0.687500 0.217188 0.687500 0.221875 0.691667 0.228125 0.700000 0.235937 0.706250 0.240625 0.706250 0.248438 0.702083 0.253125 0.695833 0.254688 0.689583 0.262500 0.681250 0.265625 0.677083 0.267188 0.670833 0.270313 0.666667 0.275000 0.662500 0.279687 0.660417 0.292187 0.656250 0.300000 0.650000 0.304688 0.650000 0.314063 0.643750 0.323437 0.639583 0.329688 0.639583 0.334375 0.637500 0.343750 0.631250 0.346875 0.627083 0.346875 0.625000 0.370312 0.622917 0.378125 0.618750 0.381250 0.616667 0.382812 0.614583 0.384375 0.608333 0.389062 0.602083 0.398438 0.602083 0.406250 0.595833 0.417187 0.593750 0.420312 0.591667 0.426563 0.583333 0.428125 0.579167 0.428125 0.564583 0.425000 0.556250 0.425000 0.543750 0.421875 0.531250 0.420312 0.522917 0.417187 0.516667 0.410938 0.508333 0.390625 0.508333 0.387500 0.506250 0.385937 0.504167 0.385937 0.502083 0.382812 0.495833 0.375000 0.485417 0.371875 0.483333 0.367188 0.481250 0.362500 0.481250 0.360938 0.479167 0.357812 0.479167 0.348438 0.481250 0.345313 0.477083 0.342187 0.475000 0.337500 0.475000
0 0.665625 0.747917 0.662500 0.754167 0.662500 0.756250 0.650000 0.756250 0.646875 0.758333 0.642188 0.764583 0.637500 0.766667 0.632812 0.770833 0.623437 0.766667 0.612500 0.766667 0.601562 0.768750 0.598437 0.770833 0.598437 0.787500 0.603125 0.793750 0.606250 0.795833 0.632812 0.795833 0.635938 0.800000 0.637500 0.804167 0.637500 0.810417 0.639062 0.814583 0.640625 0.818750 0.645312 0.825000 0.654687 0.835417 0.657813 0.837500 0.668750 0.837500 0.671875 0.835417 0.685937 0.818750 0.692187 0.810417 0.695312 0.804167 0.696875 0.800000 0.698438 0.795833 0.698438 0.775000 0.696875 0.766667 0.695312 0.762500 0.692187 0.758333 0.689063 0.756250 0.685937 0.754167 0.675000 0.747917 0.665625 0.747917
12 0.500000 0.139583 0.492188 0.141667 0.485938 0.143750 0.478125 0.147917 0.475000 0.150000 0.471875 0.152083 0.467187 0.156250 0.451562 0.177083 0.448437 0.183333 0.443750 0.195833 0.442188 0.202083 0.440625 0.208333 0.439063 0.216667 0.439063 0.250000 0.440625 0.260417 0.442188 0.266667 0.445312 0.277083 0.451562 0.291667 0.459375 0.302083 0.468750 0.312500 0.478125 0.318750 0.482812 0.320833 0.489063 0.322917 0.496875 0.325000 0.504687 0.327083 0.520312 0.327083 0.526563 0.325000 0.531250 0.322917 0.535937 0.320833 0.539062 0.318750 0.542188 0.316667 0.546875 0.312500 0.551562 0.308333 0.565625 0.289583 0.568750 0.283333 0.573438 0.270833 0.576562 0.260417 0.578125 0.252083 0.578125 0.214583 0.573438 0.195833 0.568750 0.183333 0.565625 0.177083 0.550000 0.156250 0.545312 0.152083 0.542188 0.150000 0.531250 0.143750 0.525000 0.141667 0.515625 0.139583 0.500000 0.139583
0 0.692187 0.381250 0.678125 0.385417 0.667188 0.391667 0.651563 0.393750 0.639062 0.397917 0.632812 0.400000 0.614062 0.408333 0.607812 0.410417 0.593750 0.412500 0.589063 0.414583 0.584375 0.418750 0.579688 0.420833 0.573438 0.422917 0.567187 0.422917 0.545312 0.433333 0.539062 0.433333 0.526563 0.439583 0.523438 0.441667 0.520312 0.452083 0.518750 0.460417 0.517188 0.475000 0.515625 0.491667 0.515625 0.518750 0.517188 0.522917 0.521875 0.531250 0.523438 0.539583 0.525000 0.543750 0.531250 0.554167 0.539062 0.564583 0.545312 0.568750 0.548438 0.570833 0.557813 0.575000 0.560937 0.579167 0.565625 0.581250 0.578125 0.583333 0.585938 0.583333 0.587500 0.581250 0.595313 0.581250 0.603125 0.587500 0.618750 0.587500 0.625000 0.585417 0.640625 0.575000 0.645312 0.572917 0.650000 0.572917 0.654687 0.570833 0.667188 0.560417 0.671875 0.560417 0.675000 0.564583 0.675000 0.568750 0.678125 0.572917 0.684375 0.575000 0.689063 0.572917 0.692187 0.570833 0.695312 0.568750 0.709375 0.556250 0.710938 0.550000 0.712500 0.547917 0.714063 0.539583 0.720313 0.529167 0.721875 0.525000 0.723437 0.520833 0.725000 0.510417 0.729688 0.502083 0.734375 0.485417 0.734375 0.454167 0.732812 0.439583 0.729688 0.429167 0.728125 0.418750 0.728125 0.404167 0.720313 0.393750 0.712500 0.389583 0.706250 0.381250 0.692187 0.381250
0 0.720313 0.533333 0.717187 0.539583 0.714063 0.554167 0.712500 0.558333 0.706250 0.566667 0.704688 0.568750 0.703125 0.568750 0.700000 0.572917 0.692187 0.577083 0.673438 0.577083 0.673438 0.581250 0.671875 0.583333 0.671875 0.595833 0.673438 0.606250 0.676562 0.616667 0.676562 0.631250 0.684375 0.643750 0.687500 0.647917 0.689063 0.647917 0.693750 0.654167 0.696875 0.656250 0.700000 0.658333 0.709375 0.658333 0.712500 0.656250 0.714063 0.652083 0.714063 0.647917 0.712500 0.627083 0.714063 0.622917 0.715625 0.620833 0.718750 0.618750 0.723437 0.616667 0.728125 0.616667 0.732812 0.614583 0.737500 0.612500 0.740625 0.610417 0.743750 0.606250 0.746875 0.604167 0.750000 0.602083 0.759375 0.600000 0.760938 0.595833 0.762500 0.591667 0.762500 0.581250 0.759375 0.577083 0.756250 0.575000 0.753125 0.572917 0.735938 0.566667 0.726562 0.560417 0.720313 0.552083 0.718750 0.547917 0.720313 0.543750 0.723437 0.539583 0.725000 0.533333 0.720313 0.533333
0 0.748437 0.606250 0.745313 0.608333 0.739062 0.614583 0.739062 0.625000 0.740625 0.627083 0.739062 0.641667 0.735938 0.643750 0.732812 0.645833 0.728125 0.647917 0.723437 0.650000 0.718750 0.650000 0.715625 0.652083 0.710938 0.660417 0.706250 0.662500 0.701562 0.662500 0.696875 0.660417 0.692187 0.660417 0.690625 0.664583 0.690625 0.677083 0.692187 0.681250 0.696875 0.687500 0.704688 0.689583 0.715625 0.693750 0.723437 0.693750 0.731250 0.695833 0.740625 0.708333 0.742188 0.714583 0.740625 0.729167 0.740625 0.733333 0.742188 0.735417 0.743750 0.743750 0.748437 0.745833 0.756250 0.745833 0.759375 0.743750 0.762500 0.739583 0.770312 0.735417 0.778125 0.722917 0.779687 0.712500 0.781250 0.708333 0.782813 0.704167 0.787500 0.697917 0.790625 0.691667 0.792188 0.685417 0.793750 0.672917 0.793750 0.662500 0.792188 0.658333 0.787500 0.650000 0.778125 0.637500 0.778125 0.633333 0.773438 0.627083 0.771875 0.620833 0.770312 0.616667 0.768750 0.614583 0.760938 0.606250 0.748437 0.606250
2 0.450000 0.297917 0.442188 0.310417 0.434375 0.325000 0.431250 0.335417 0.428125 0.341667 0.417187 0.358333 0.404687 0.381250 0.400000 0.389583 0.395313 0.402083 0.381250 0.425000 0.378125 0.431250 0.375000 0.437500 0.373437 0.441667 0.373437 0.456250 0.375000 0.460417 0.378125 0.464583 0.385937 0.468750 0.395313 0.479167 0.400000 0.481250 0.404687 0.485417 0.409375 0.489583 0.415625 0.497917 0.420312 0.502083 0.428125 0.506250 0.435937 0.512500 0.446875 0.527083 0.451562 0.527083 0.456250 0.518750 0.464062 0.502083 0.478125 0.470833 0.481250 0.464583 0.484375 0.458333 0.493750 0.443750 0.495312 0.437500 0.501563 0.429167 0.504687 0.422917 0.509375 0.410417 0.514062 0.400000 0.520312 0.391667 0.525000 0.379167 0.532813 0.366667 0.534375 0.362500 0.535937 0.356250 0.531250 0.350000 0.526563 0.345833 0.521875 0.343750 0.512500 0.333333 0.509375 0.331250 0.504687 0.329167 0.498437 0.329167 0.492188 0.325000 0.485938 0.325000 0.479687 0.322917 0.476562 0.320833 0.473438 0.318750 0.468750 0.314583 0.460938 0.304167 0.454688 0.297917 0.450000 0.297917
