0 0.395313 0.566667 0.393750 0.568750 0.389062 0.568750 0.382812 0.572917 0.379688 0.577083 0.376563 0.583333 0.376563 0.585417 0.373437 0.587500 0.370312 0.597917 0.367188 0.604167 0.356250 0.618750 0.354687 0.622917 0.353125 0.629167 0.351562 0.635417 0.351562 0.645833 0.350000 0.656250 0.346875 0.662500 0.340625 0.670833 0.335938 0.683333 0.334375 0.689583 0.334375 0.727083 0.331250 0.752083 0.331250 0.762500 0.332813 0.770833 0.334375 0.777083 0.348438 0.795833 0.350000 0.808333 0.354687 0.820833 0.356250 0.833333 0.360938 0.845833 0.364063 0.850000 0.365625 0.850000 0.370312 0.856250 0.371875 0.860417 0.375000 0.875000 0.376563 0.879167 0.379688 0.885417 0.382812 0.889583 0.385937 0.891667 0.396875 0.891667 0.401562 0.889583 0.409375 0.881250 0.412500 0.877083 0.415625 0.872917 0.418750 0.868750 0.418750 0.866667 0.423438 0.860417 0.428125 0.850000 0.432812 0.835417 0.434375 0.825000 0.439063 0.816667 0.440625 0.810417 0.443750 0.797917 0.445312 0.789583 0.446875 0.781250 0.446875 0.770833 0.450000 0.760417 0.451562 0.750000 0.453125 0.735417 0.453125 0.722917 0.451562 0.720833 0.451562 0.706250 0.446875 0.691667 0.445312 0.683333 0.445312 0.670833 0.443750 0.660417 0.440625 0.650000 0.437500 0.643750 0.432812 0.637500 0.431250 0.633333 0.431250 0.622917 0.429688 0.614583 0.428125 0.608333 0.423438 0.595833 0.420312 0.589583 0.406250 0.570833 0.403125 0.568750 0.398438 0.566667 0.395313 0.566667
0 0.598437 0.566667 0.593750 0.568750 0.590625 0.570833 0.587500 0.572917 0.582812 0.577083 0.575000 0.585417 0.571875 0.591667 0.570312 0.595833 0.568750 0.600000 0.562500 0.618750 0.560937 0.625000 0.559375 0.631250 0.557813 0.643750 0.557813 0.650000 0.559375 0.654167 0.560937 0.658333 0.565625 0.664583 0.567187 0.670833 0.575000 0.681250 0.579688 0.677083 0.595313 0.670833 0.598437 0.668750 0.598437 0.662500 0.596875 0.647917 0.603125 0.639583 0.606250 0.637500 0.612500 0.635417 0.614062 0.631250 0.615625 0.614583 0.614062 0.566667 0.598437 0.566667
0 0.598437 0.670833 0.592187 0.672917 0.587500 0.675000 0.579688 0.681250 0.575000 0.683333 0.575000 0.689583 0.579688 0.702083 0.585938 0.712500 0.592187 0.722917 0.604688 0.741667 0.609375 0.745833 0.632812 0.745833 0.635938 0.743750 0.634375 0.739583 0.623437 0.729167 0.615625 0.718750 0.610938 0.706250 0.607812 0.691667 0.601562 0.675000 0.598437 0.670833
0 0.626563 0.516667 0.623437 0.518750 0.617188 0.527083 0.615625 0.531250 0.614062 0.535417 0.614062 0.541667 0.612500 0.543750 0.612500 0.547917 0.614062 0.550000 0.614062 0.556250 0.617188 0.560417 0.621875 0.560417 0.625000 0.564583 0.625000 0.597917 0.628125 0.600000 0.631250 0.600000 0.635938 0.604167 0.640625 0.606250 0.646875 0.606250 0.648438 0.602083 0.648438 0.585417 0.650000 0.577083 0.651563 0.570833 0.657813 0.560417 0.660937 0.550000 0.664062 0.543750 0.668750 0.537500 0.671875 0.535417 0.678125 0.533333 0.692187 0.533333 0.695312 0.537500 0.696875 0.541667 0.698438 0.547917 0.700000 0.554167 0.700000 0.560417 0.701562 0.566667 0.706250 0.577083 0.706250 0.585417 0.712500 0.600000 0.714063 0.608333 0.714063 0.633333 0.721875 0.633333 0.729688 0.635417 0.735938 0.637500 0.739062 0.639583 0.742188 0.641667 0.750000 0.647917 0.757812 0.656250 0.764062 0.664583 0.765625 0.668750 0.767188 0.672917 0.768750 0.702083 0.782813 0.704167 0.790625 0.716667 0.801562 0.727083 0.804688 0.729167 0.807813 0.731250 0.812500 0.733333 0.821875 0.733333 0.826562 0.731250 0.834375 0.722917 0.842187 0.712500 0.845313 0.708333 0.850000 0.695833 0.854688 0.677083 0.854688 0.668750 0.853125 0.662500 0.843750 0.650000 0.843750 0.641667 0.848437 0.627083 0.848437 0.618750 0.846875 0.610417 0.845313 0.604167 0.843750 0.600000 0.842187 0.595833 0.840625 0.593750 0.839063 0.593750 0.835938 0.589583 0.834375 0.585417 0.834375 0.575000 0.832812 0.570833 0.831250 0.568750 0.823438 0.562500 0.817187 0.554167 0.809375 0.547917 0.800000 0.541667 0.789062 0.537500 0.785937 0.535417 0.779687 0.529167 0.773438 0.525000 0.732812 0.525000 0.726562 0.529167 0.720313 0.531250 0.707812 0.531250 0.701562 0.527083 0.693750 0.527083 0.685937 0.522917 0.664062 0.522917 0.656250 0.518750 0.645312 0.516667 0.626563 0.516667
5 0.871875 0.208333 0.868750 0.210417 0.865625 0.214583 0.864062 0.218750 0.862500 0.241667 0.862500 0.277083 0.860938 0.300000 0.856250 0.331250 0.854688 0.347917 0.853125 0.364583 0.853125 0.470833 0.850000 0.539583 0.850000 0.579167 0.851562 0.591667 0.854688 0.604167 0.856250 0.625000 0.856250 0.681250 0.853125 0.689583 0.851562 0.697917 0.851562 0.725000 0.853125 0.729167 0.862500 0.731250 0.868750 0.727083 0.881250 0.718750 0.889062 0.708333 0.890625 0.697917 0.889062 0.672917 0.885938 0.650000 0.884375 0.616667 0.884375 0.541667 0.881250 0.514583 0.879687 0.485417 0.879687 0.464583 0.884375 0.458333 0.885938 0.458333 0.889062 0.454167 0.889062 0.429167 0.887500 0.245833 0.885938 0.231250 0.884375 0.220833 0.881250 0.212500 0.878125 0.208333 0.871875 0.208333
7 0.335938 0.106250 0.332813 0.108333 0.329688 0.112500 0.326562 0.118750 0.325000 0.125000 0.325000 0.133333 0.326562 0.135417 0.326562 0.143750 0.323437 0.147917 0.315625 0.156250 0.312500 0.168750 0.310937 0.179167 0.312500 0.187500 0.315625 0.193750 0.314063 0.197917 0.310937 0.202083 0.309375 0.206250 0.307812 0.212500 0.307812 0.222917 0.309375 0.229167 0.310937 0.233333 0.314063 0.237500 0.318750 0.241667 0.329688 0.250000 0.337500 0.254167 0.346875 0.258333 0.356250 0.260417 0.360938 0.264583 0.367188 0.266667 0.379688 0.270833 0.384375 0.270833 0.392188 0.266667 0.403125 0.270833 0.407813 0.268750 0.412500 0.268750 0.417187 0.270833 0.421875 0.277083 0.425000 0.279167 0.429688 0.281250 0.437500 0.281250 0.459375 0.291667 0.467187 0.291667 0.479687 0.297917 0.493750 0.308333 0.501563 0.310417 0.512500 0.316667 0.515625 0.320833 0.520312 0.322917 0.526563 0.322917 0.529687 0.327083 0.540625 0.333333 0.556250 0.339583 0.575000 0.345833 0.592187 0.350000 0.618750 0.350000 0.639062 0.347917 0.643750 0.345833 0.654687 0.339583 0.660937 0.339583 0.667188 0.341667 0.670312 0.343750 0.673438 0.352083 0.676562 0.354167 0.681250 0.356250 0.685937 0.358333 0.696875 0.360417 0.700000 0.358333 0.704688 0.352083 0.709375 0.339583 0.712500 0.329167 0.718750 0.300000 0.718750 0.279167 0.717187 0.275000 0.712500 0.270833 0.706250 0.268750 0.700000 0.266667 0.678125 0.266667 0.675000 0.262500 0.654687 0.233333 0.650000 0.229167 0.642188 0.225000 0.632812 0.214583 0.626563 0.208333 0.623437 0.206250 0.614062 0.202083 0.606250 0.197917 0.587500 0.189583 0.579688 0.187500 0.571875 0.185417 0.557813 0.185417 0.553125 0.179167 0.545312 0.177083 0.539062 0.177083 0.532813 0.172917 0.523438 0.172917 0.521875 0.175000 0.512500 0.175000 0.503125 0.168750 0.492188 0.166667 0.487500 0.162500 0.471875 0.158333 0.462500 0.154167 0.443750 0.143750 0.429688 0.137500 0.425000 0.137500 0.418750 0.135417 0.412500 0.127083 0.407813 0.122917 0.400000 0.118750 0.384375 0.112500 0.378125 0.110417 0.371875 0.108333 0.362500 0.106250 0.335938 0.106250
0 0.609375 0.637500 0.606250 0.639583 0.603125 0.641667 0.598437 0.647917 0.598437 0.658333 0.600000 0.666667 0.601562 0.672917 0.612500 0.708333 0.614062 0.712500 0.615625 0.716667 0.628125 0.733333 0.634375 0.739583 0.639062 0.743750 0.643750 0.745833 0.650000 0.747917 0.657813 0.735417 0.664062 0.725000 0.664062 0.712500 0.657813 0.689583 0.653125 0.675000 0.648438 0.662500 0.646875 0.658333 0.645312 0.656250 0.643750 0.656250 0.640625 0.652083 0.637500 0.650000 0.626563 0.643750 0.614062 0.637500 0.609375 0.637500
0 0.675000 0.537500 0.670312 0.539583 0.664062 0.547917 0.660937 0.556250 0.656250 0.566667 0.654687 0.570833 0.653125 0.575000 0.651563 0.581250 0.650000 0.593750 0.650000 0.622917 0.653125 0.637500 0.654687 0.643750 0.656250 0.647917 0.665625 0.660417 0.670312 0.664583 0.685937 0.664583 0.689063 0.664583 0.701562 0.654167 0.703125 0.652083 0.707812 0.643750 0.710938 0.637500 0.710938 0.625000 0.712500 0.622917 0.712500 0.612500 0.710938 0.602083 0.709375 0.595833 0.704688 0.585417 0.703125 0.579167 0.703125 0.572917 0.696875 0.556250 0.696875 0.550000 0.693750 0.543750 0.692187 0.537500 0.675000 0.537500
0 0.714063 0.637500 0.709375 0.643750 0.704688 0.656250 0.703125 0.666667 0.695312 0.685417 0.689063 0.704167 0.687500 0.718750 0.685937 0.720833 0.685937 0.725000 0.689063 0.729167 0.695312 0.729167 0.701562 0.731250 0.703125 0.733333 0.706250 0.733333 0.709375 0.731250 0.712500 0.725000 0.717187 0.712500 0.723437 0.700000 0.731250 0.689583 0.739062 0.685417 0.743750 0.683333 0.750000 0.681250 0.764062 0.679167 0.764062 0.668750 0.751563 0.652083 0.743750 0.645833 0.740625 0.643750 0.737500 0.641667 0.732812 0.639583 0.728125 0.637500 0.714063 0.637500
0 0.757812 0.681250 0.748437 0.683333 0.742188 0.685417 0.737500 0.687500 0.734375 0.689583 0.731250 0.691667 0.725000 0.700000 0.720313 0.708333 0.717187 0.714583 0.714063 0.720833 0.709375 0.731250 0.709375 0.735417 0.715625 0.737500 0.725000 0.739583 0.728125 0.741667 0.731250 0.743750 0.740625 0.758333 0.750000 0.760417 0.762500 0.743750 0.764062 0.689583 0.762500 0.681250 0.757812 0.681250
0 0.665625 0.725000 0.662500 0.729167 0.660937 0.735417 0.650000 0.750000 0.650000 0.768750 0.651563 0.772917 0.653125 0.777083 0.662500 0.789583 0.668750 0.791667 0.685937 0.793750 0.709375 0.795833 0.720313 0.795833 0.721875 0.793750 0.734375 0.793750 0.740625 0.791667 0.743750 0.789583 0.743750 0.785417 0.745313 0.783333 0.745313 0.777083 0.743750 0.768750 0.742188 0.762500 0.734375 0.750000 0.732812 0.747917 0.731250 0.747917 0.728125 0.743750 0.723437 0.741667 0.698438 0.733333 0.678125 0.729167 0.670312 0.725000 0.665625 0.725000
18 0.131250 0.529167 0.123438 0.531250 0.118750 0.533333 0.109375 0.539583 0.104688 0.543750 0.100000 0.547917 0.095312 0.554167 0.095312 0.556250 0.089063 0.564583 0.085938 0.570833 0.081250 0.583333 0.079687 0.591667 0.078125 0.602083 0.078125 0.620833 0.079687 0.631250 0.081250 0.637500 0.085938 0.650000 0.089063 0.656250 0.096875 0.668750 0.103125 0.675000 0.109375 0.679167 0.118750 0.685417 0.123438 0.687500 0.151562 0.687500 0.157812 0.685417 0.165625 0.681250 0.168750 0.679167 0.171875 0.675000 0.175000 0.675000 0.178125 0.670833 0.181250 0.668750 0.190625 0.666667 0.195312 0.664583 0.207813 0.658333 0.215625 0.654167 0.228125 0.645833 0.232813 0.641667 0.243750 0.627083 0.246875 0.620833 0.248438 0.616667 0.250000 0.612500 0.251563 0.606250 0.253125 0.589583 0.251563 0.572917 0.248438 0.562500 0.243750 0.552083 0.235937 0.541667 0.231250 0.537500 0.228125 0.535417 0.223438 0.533333 0.218750 0.531250 0.207813 0.529167 0.193750 0.531250 0.167187 0.531250 0.154688 0.531250 0.131250 0.529167
22 0.598437 0.391667 0.595313 0.393750 0.587500 0.404167 0.585938 0.412500 0.585938 0.422917 0.587500 0.427083 0.589063 0.431250 0.595313 0.439583 0.612500 0.439583 0.615625 0.437500 0.618750 0.433333 0.621875 0.427083 0.623437 0.422917 0.625000 0.418750 0.625000 0.410417 0.623437 0.404167 0.615625 0.393750 0.610938 0.391667 0.598437 0.391667
12 0.465625 0.337500 0.460938 0.339583 0.456250 0.341667 0.446875 0.347917 0.442188 0.352083 0.435937 0.360417 0.434375 0.360417 0.429688 0.366667 0.425000 0.375000 0.418750 0.391667 0.417187 0.397917 0.415625 0.404167 0.414062 0.412500 0.414062 0.443750 0.415625 0.452083 0.418750 0.462500 0.420312 0.466667 0.423438 0.472917 0.434375 0.489583 0.442188 0.497917 0.450000 0.504167 0.453125 0.506250 0.457813 0.508333 0.462500 0.510417 0.468750 0.512500 0.481250 0.514583 0.496875 0.512500 0.503125 0.510417 0.510938 0.506250 0.514062 0.504167 0.517188 0.502083 0.521875 0.497917 0.535937 0.479167 0.540625 0.468750 0.542188 0.464583 0.543750 0.460417 0.545312 0.454167 0.546875 0.447917 0.548438 0.437500 0.548438 0.412500 0.546875 0.404167 0.545312 0.397917 0.542188 0.387500 0.540625 0.383333 0.537500 0.377083 0.534375 0.370833 0.523438 0.356250 0.518750 0.352083 0.514062 0.347917 0.510938 0.345833 0.507812 0.343750 0.503125 0.341667 0.496875 0.339583 0.489063 0.337500 0.465625 0.337500
9 0.406250 0.272917 0.398438 0.283333 0.387500 0.300000 0.381250 0.312500 0.370312 0.327083 0.364063 0.339583 0.353125 0.354167 0.345313 0.368750 0.320312 0.400000 0.317188 0.404167 0.317188 0.406250 0.312500 0.412500 0.310937 0.416667 0.310937 0.422917 0.309375 0.427083 0.306250 0.431250 0.306250 0.437500 0.309375 0.443750 0.320312 0.458333 0.321875 0.460417 0.323437 0.460417 0.328125 0.464583 0.335938 0.475000 0.343750 0.481250 0.351562 0.491667 0.354687 0.493750 0.357812 0.495833 0.371875 0.495833 0.375000 0.493750 0.378125 0.491667 0.387500 0.481250 0.392188 0.475000 0.395313 0.466667 0.407813 0.450000 0.410938 0.443750 0.409375 0.429167 0.410938 0.418750 0.412500 0.406250 0.414062 0.400000 0.417187 0.389583 0.421875 0.377083 0.425000 0.370833 0.432812 0.358333 0.435937 0.354167 0.440625 0.350000 0.445312 0.345833 0.459375 0.337500 0.462500 0.333333 0.462500 0.329167 0.459375 0.322917 0.448437 0.312500 0.437500 0.297917 0.428125 0.289583 0.417187 0.275000 0.410938 0.270833 0.406250 0.272917
20 0.204687 0.141667 0.196875 0.143750 0.193750 0.145833 0.189062 0.150000 0.182812 0.158333 0.181250 0.162500 0.179688 0.168750 0.178125 0.175000 0.176563 0.197917 0.176563 0.245833 0.178125 0.247917 0.178125 0.262500 0.181250 0.264583 0.218750 0.266667 0.314063 0.266667 0.315625 0.262500 0.315625 0.243750 0.307812 0.233333 0.306250 0.227083 0.306250 0.208333 0.310937 0.189583 0.309375 0.183333 0.310937 0.170833 0.310937 0.162500 0.309375 0.158333 0.304688 0.152083 0.295312 0.145833 0.289062 0.143750 0.254688 0.141667 0.221875 0.141667 0.204687 0.141667
0 0.620313 0.602083 0.618750 0.602083 0.617188 0.620833 0.621875 0.633333 0.625000 0.639583 0.628125 0.643750 0.631250 0.645833 0.634375 0.647917 0.637500 0.647917 0.643750 0.652083 0.646875 0.656250 0.646875 0.658333 0.651563 0.664583 0.657813 0.683333 0.659375 0.689583 0.665625 0.695833 0.668750 0.697917 0.675000 0.697917 0.679688 0.693750 0.684375 0.689583 0.689063 0.683333 0.690625 0.672917 0.689063 0.666667 0.671875 0.666667 0.668750 0.664583 0.665625 0.662500 0.654687 0.647917 0.653125 0.643750 0.651563 0.637500 0.648438 0.622917 0.648438 0.614583 0.645312 0.610417 0.642188 0.608333 0.625000 0.602083 0.620313 0.602083
3 0.450000 0.600000 0.443750 0.608333 0.442188 0.616667 0.437500 0.622917 0.435937 0.627083 0.435937 0.635417 0.442188 0.643750 0.446875 0.647917 0.460938 0.656250 0.468750 0.662500 0.473438 0.668750 0.482812 0.675000 0.492188 0.683333 0.504687 0.697917 0.512500 0.706250 0.515625 0.708333 0.518750 0.710417 0.525000 0.712500 0.531250 0.712500 0.534375 0.714583 0.537500 0.716667 0.542188 0.720833 0.546875 0.725000 0.559375 0.741667 0.570312 0.754167 0.576562 0.760417 0.582812 0.764583 0.589063 0.770833 0.595313 0.779167 0.601562 0.785417 0.612500 0.793750 0.631250 0.812500 0.643750 0.827083 0.650000 0.833333 0.654687 0.835417 0.670312 0.850000 0.681250 0.862500 0.692187 0.872917 0.712500 0.891667 0.717187 0.893750 0.723437 0.902083 0.728125 0.906250 0.732812 0.908333 0.737500 0.914583 0.743750 0.918750 0.746875 0.916667 0.753125 0.908333 0.753125 0.902083 0.750000 0.897917 0.750000 0.895833 0.748437 0.893750 0.746875 0.893750 0.743750 0.889583 0.734375 0.875000 0.726562 0.868750 0.718750 0.858333 0.709375 0.847917 0.704688 0.845833 0.682813 0.822917 0.671875 0.812500 0.667188 0.808333 0.642188 0.789583 0.637500 0.783333 0.632812 0.779167 0.625000 0.772917 0.598437 0.754167 0.578125 0.737500 0.564063 0.725000 0.557813 0.718750 0.556250 0.716667 0.546875 0.704167 0.545312 0.700000 0.543750 0.695833 0.542188 0.681250 0.539062 0.670833 0.537500 0.666667 0.528125 0.654167 0.521875 0.647917 0.515625 0.641667 0.510938 0.637500 0.506250 0.633333 0.492188 0.622917 0.471875 0.608333 0.462500 0.602083 0.457813 0.600000 0.450000 0.600000
6 0.850000 0.277083 0.837500 0.279167 0.825000 0.281250 0.806250 0.287500 0.795312 0.289583 0.782813 0.289583 0.770312 0.291667 0.750000 0.295833 0.742188 0.297917 0.735938 0.300000 0.732812 0.302083 0.732812 0.329167 0.734375 0.341667 0.737500 0.354167 0.739062 0.368750 0.740625 0.383333 0.740625 0.397917 0.742188 0.412500 0.743750 0.425000 0.745313 0.433333 0.748437 0.437500 0.754687 0.441667 0.770312 0.450000 0.782813 0.460417 0.787500 0.466667 0.792188 0.468750 0.807813 0.487500 0.815625 0.497917 0.826562 0.516667 0.835938 0.535417 0.845313 0.562500 0.848437 0.562500 0.848437 0.477083 0.851562 0.425000 0.851562 0.352083 0.857812 0.304167 0.859375 0.289583 0.859375 0.281250 0.856250 0.277083 0.850000 0.277083
6 0.892188 0.272917 0.890625 0.277083 0.889062 0.314583 0.890625 0.335417 0.890625 0.343750 0.890625 0.381250 0.889062 0.391667 0.889062 0.395833 0.890625 0.456250 0.884375 0.462500 0.882812 0.466667 0.881250 0.470833 0.882812 0.500000 0.887500 0.558333 0.887500 0.625000 0.889062 0.662500 0.892188 0.681250 0.892188 0.706250 0.889062 0.714583 0.885938 0.718750 0.881250 0.720833 0.875000 0.731250 0.878125 0.731250 0.879687 0.733333 0.882812 0.733333 0.920312 0.731250 0.943750 0.729167 0.951562 0.722917 0.954688 0.714583 0.954688 0.710417 0.953125 0.708333 0.951562 0.693750 0.948438 0.685417 0.946875 0.677083 0.945312 0.664583 0.943750 0.652083 0.943750 0.635417 0.942187 0.620833 0.939063 0.608333 0.937500 0.595833 0.937500 0.581250 0.935937 0.568750 0.931250 0.547917 0.929688 0.537500 0.928125 0.522917 0.926562 0.495833 0.925000 0.481250 0.923438 0.470833 0.920312 0.464583 0.917188 0.450000 0.917188 0.433333 0.914062 0.420833 0.912500 0.408333 0.910937 0.389583 0.910937 0.370833 0.906250 0.337500 0.906250 0.320833 0.904687 0.304167 0.903125 0.289583 0.901563 0.281250 0.900000 0.277083 0.896875 0.275000 0.892188 0.272917
0 0.181250 0.695833 0.179688 0.697917 0.168750 0.697917 0.162500 0.700000 0.157812 0.702083 0.150000 0.706250 0.139063 0.714583 0.134375 0.718750 0.118750 0.739583 0.114062 0.747917 0.109375 0.758333 0.107813 0.762500 0.106250 0.768750 0.104688 0.775000 0.103125 0.783333 0.103125 0.822917 0.107813 0.841667 0.109375 0.845833 0.117188 0.862500 0.125000 0.872917 0.129688 0.877083 0.134375 0.881250 0.153125 0.893750 0.160938 0.895833 0.182812 0.895833 0.189062 0.893750 0.193750 0.891667 0.198437 0.889583 0.204687 0.885417 0.214062 0.879167 0.220312 0.872917 0.229687 0.862500 0.235937 0.852083 0.240625 0.843750 0.243750 0.837500 0.245312 0.833333 0.250000 0.814583 0.250000 0.772917 0.243750 0.747917 0.239063 0.735417 0.235937 0.729167 0.223438 0.712500 0.218750 0.708333 0.209375 0.702083 0.204687 0.700000 0.198437 0.697917 0.190625 0.695833 0.181250 0.695833
