8 0.364063 0.518750 0.360938 0.522917 0.356250 0.535417 0.356250 0.550000 0.354687 0.566667 0.348438 0.577083 0.346875 0.581250 0.340625 0.600000 0.339062 0.608333 0.339062 0.639583 0.340625 0.645833 0.342187 0.652083 0.345313 0.662500 0.346875 0.666667 0.348438 0.670833 0.351562 0.677083 0.362500 0.691667 0.368750 0.697917 0.378125 0.704167 0.385937 0.708333 0.392188 0.710417 0.417187 0.710417 0.425000 0.708333 0.429688 0.706250 0.440625 0.700000 0.445312 0.695833 0.462500 0.672917 0.465625 0.666667 0.470313 0.654167 0.471875 0.645833 0.473438 0.637500 0.473438 0.606250 0.471875 0.595833 0.470313 0.589583 0.464062 0.572917 0.460938 0.566667 0.453125 0.556250 0.450000 0.552083 0.445312 0.547917 0.440625 0.543750 0.432812 0.539583 0.421875 0.535417 0.412500 0.533333 0.395313 0.535417 0.390625 0.535417 0.387500 0.533333 0.384375 0.529167 0.381250 0.527083 0.378125 0.527083 0.375000 0.525000 0.370312 0.518750 0.364063 0.518750
8 0.489063 0.322917 0.481250 0.327083 0.471875 0.333333 0.467187 0.335417 0.457813 0.335417 0.451562 0.337500 0.448437 0.339583 0.442188 0.345833 0.435937 0.354167 0.431250 0.366667 0.431250 0.383333 0.428125 0.395833 0.428125 0.408333 0.425000 0.414583 0.425000 0.445833 0.429688 0.468750 0.431250 0.475000 0.437500 0.491667 0.442188 0.502083 0.445312 0.508333 0.448437 0.514583 0.456250 0.525000 0.460938 0.529167 0.465625 0.531250 0.470313 0.537500 0.479687 0.543750 0.484375 0.545833 0.493750 0.547917 0.518750 0.547917 0.539062 0.541667 0.543750 0.539583 0.546875 0.537500 0.551562 0.533333 0.556250 0.529167 0.570312 0.512500 0.573438 0.514583 0.581250 0.525000 0.585938 0.527083 0.590625 0.520833 0.592187 0.516667 0.592187 0.510417 0.585938 0.502083 0.584375 0.502083 0.576562 0.489583 0.578125 0.485417 0.585938 0.466667 0.585938 0.454167 0.589063 0.445833 0.589063 0.422917 0.587500 0.414583 0.581250 0.389583 0.576562 0.377083 0.573438 0.370833 0.570312 0.364583 0.557813 0.347917 0.546875 0.335417 0.534375 0.327083 0.528125 0.325000 0.515625 0.322917 0.489063 0.322917
8 0.932813 0.000000 0.926562 0.002083 0.921875 0.004167 0.912500 0.014583 0.903125 0.020833 0.898438 0.025000 0.890625 0.033333 0.862500 0.070833 0.851562 0.083333 0.837500 0.095833 0.812500 0.127083 0.771875 0.181250 0.764062 0.193750 0.759375 0.204167 0.757812 0.208333 0.756250 0.214583 0.754687 0.227083 0.754687 0.252083 0.756250 0.260417 0.762500 0.277083 0.765625 0.283333 0.775000 0.295833 0.781250 0.300000 0.789062 0.310417 0.793750 0.312500 0.800000 0.314583 0.809375 0.314583 0.820312 0.312500 0.823438 0.314583 0.834375 0.312500 0.839063 0.310417 0.848437 0.304167 0.857812 0.302083 0.862500 0.300000 0.867188 0.295833 0.871875 0.289583 0.875000 0.289583 0.878125 0.285417 0.884375 0.283333 0.887500 0.279167 0.890625 0.279167 0.895312 0.272917 0.909375 0.264583 0.920312 0.256250 0.928125 0.247917 0.931250 0.247917 0.934375 0.243750 0.940625 0.241667 0.943750 0.239583 0.950000 0.233333 0.953125 0.231250 0.964063 0.225000 0.975000 0.218750 0.982812 0.214583 0.990625 0.212500 0.993750 0.210417 0.996875 0.208333 0.998437 0.002083 0.959375 0.000000 0.956250 0.000000 0.953125 0.002083 0.932813 0.000000
8 0.784375 0.691667 0.778125 0.693750 0.773438 0.695833 0.768750 0.697917 0.759375 0.704167 0.754687 0.708333 0.748437 0.714583 0.743750 0.720833 0.739062 0.729167 0.735938 0.735417 0.731250 0.747917 0.728125 0.758333 0.726562 0.772917 0.726562 0.797917 0.728125 0.808333 0.729688 0.814583 0.732812 0.822917 0.737500 0.835417 0.746875 0.850000 0.760938 0.866667 0.762500 0.868750 0.770312 0.881250 0.773438 0.889583 0.804688 0.931250 0.831250 0.970833 0.846875 0.991667 0.853125 0.997917 0.998437 0.997917 0.998437 0.816667 0.995313 0.812500 0.992188 0.810417 0.990625 0.806250 0.987500 0.802083 0.981250 0.795833 0.976562 0.791667 0.971875 0.787500 0.959375 0.779167 0.951562 0.775000 0.939063 0.770833 0.926562 0.764583 0.923438 0.762500 0.912500 0.754167 0.904687 0.745833 0.896875 0.741667 0.885938 0.737500 0.876563 0.731250 0.868750 0.720833 0.864062 0.716667 0.851562 0.708333 0.843750 0.704167 0.837500 0.704167 0.825000 0.697917 0.812500 0.693750 0.804688 0.691667 0.784375 0.691667
6 0.423438 0.477083 0.420312 0.483333 0.415625 0.493750 0.404687 0.522917 0.406250 0.529167 0.429688 0.529167 0.437500 0.533333 0.445312 0.537500 0.454688 0.543750 0.460938 0.550000 0.468750 0.562500 0.470313 0.562500 0.471875 0.564583 0.473438 0.568750 0.476562 0.577083 0.479687 0.591667 0.479687 0.622917 0.475000 0.647917 0.473438 0.654167 0.468750 0.666667 0.465625 0.677083 0.462500 0.683333 0.456250 0.691667 0.450000 0.697917 0.446875 0.697917 0.442188 0.704167 0.439063 0.706250 0.435937 0.706250 0.432812 0.710417 0.429688 0.712500 0.423438 0.714583 0.412500 0.716667 0.393750 0.716667 0.387500 0.714583 0.381250 0.710417 0.373437 0.706250 0.368750 0.702083 0.364063 0.697917 0.357812 0.691667 0.351562 0.683333 0.351562 0.681250 0.345313 0.672917 0.340625 0.681250 0.335938 0.693750 0.331250 0.706250 0.321875 0.727083 0.321875 0.731250 0.310937 0.754167 0.289062 0.812500 0.289062 0.816667 0.287500 0.820833 0.290625 0.825000 0.296875 0.829167 0.320312 0.843750 0.339062 0.858333 0.346875 0.866667 0.360938 0.877083 0.375000 0.885417 0.385937 0.895833 0.400000 0.906250 0.403125 0.906250 0.410938 0.914583 0.418750 0.918750 0.426563 0.927083 0.443750 0.937500 0.451562 0.945833 0.462500 0.954167 0.484375 0.968750 0.492188 0.977083 0.509375 0.989583 0.517188 0.993750 0.523438 0.995833 0.596875 0.997917 0.603125 0.995833 0.606250 0.993750 0.607812 0.991667 0.609375 0.985417 0.612500 0.981250 0.614062 0.977083 0.615625 0.972917 0.615625 0.968750 0.620313 0.956250 0.631250 0.933333 0.637500 0.916667 0.640625 0.902083 0.651563 0.875000 0.659375 0.847917 0.660937 0.843750 0.700000 0.741667 0.712500 0.714583 0.714063 0.710417 0.715625 0.702083 0.726562 0.675000 0.737500 0.652083 0.742188 0.639583 0.742188 0.635417 0.743750 0.631250 0.742188 0.627083 0.737500 0.620833 0.734375 0.616667 0.725000 0.606250 0.720313 0.602083 0.715625 0.600000 0.709375 0.597917 0.700000 0.595833 0.679688 0.593750 0.670312 0.591667 0.664062 0.587500 0.662500 0.583333 0.664062 0.570833 0.664062 0.564583 0.659375 0.558333 0.654687 0.554167 0.645312 0.547917 0.628125 0.535417 0.621875 0.533333 0.610938 0.522917 0.607812 0.522917 0.604688 0.518750 0.601562 0.516667 0.593750 0.518750 0.587500 0.529167 0.581250 0.529167 0.571875 0.518750 0.565625 0.518750 0.562500 0.520833 0.557813 0.525000 0.551562 0.533333 0.545312 0.537500 0.535937 0.543750 0.531250 0.545833 0.525000 0.547917 0.512500 0.550000 0.501563 0.550000 0.490625 0.547917 0.482812 0.545833 0.476562 0.541667 0.464062 0.533333 0.456250 0.525000 0.445312 0.510417 0.442188 0.504167 0.439063 0.497917 0.431250 0.477083 0.428125 0.475000 0.423438 0.477083
6 0.760938 0.135417 0.748437 0.150000 0.723437 0.185417 0.703125 0.214583 0.671875 0.262500 0.654687 0.287500 0.651563 0.289583 0.650000 0.291667 0.635938 0.314583 0.634375 0.316667 0.631250 0.318750 0.612500 0.345833 0.593750 0.372917 0.589063 0.381250 0.585938 0.387500 0.585938 0.395833 0.589063 0.404167 0.590625 0.414583 0.590625 0.435417 0.592187 0.441667 0.604688 0.458333 0.625000 0.483333 0.643750 0.506250 0.653125 0.514583 0.654687 0.516667 0.654687 0.518750 0.656250 0.520833 0.664062 0.529167 0.668750 0.527083 0.670312 0.522917 0.671875 0.512500 0.675000 0.472917 0.678125 0.447917 0.679688 0.433333 0.681250 0.429167 0.684375 0.425000 0.693750 0.425000 0.704688 0.427083 0.725000 0.433333 0.735938 0.433333 0.754687 0.437500 0.792188 0.445833 0.800000 0.447917 0.803125 0.450000 0.806250 0.454167 0.806250 0.458333 0.804688 0.472917 0.800000 0.500000 0.798438 0.529167 0.795312 0.558333 0.793750 0.570833 0.790625 0.583333 0.790625 0.595833 0.789062 0.608333 0.785937 0.612500 0.773438 0.612500 0.754687 0.606250 0.743750 0.606250 0.742188 0.604167 0.732812 0.604167 0.732812 0.608333 0.748437 0.631250 0.750000 0.633333 0.754687 0.639583 0.765625 0.652083 0.770312 0.656250 0.775000 0.656250 0.787500 0.639583 0.806250 0.612500 0.825000 0.583333 0.850000 0.547917 0.854688 0.541667 0.856250 0.541667 0.864062 0.531250 0.881250 0.506250 0.898438 0.479167 0.900000 0.477083 0.926562 0.441667 0.939063 0.420833 0.960938 0.391667 0.970313 0.377083 0.970313 0.368750 0.970313 0.366667 0.968750 0.364583 0.960938 0.356250 0.954688 0.350000 0.942187 0.339583 0.934375 0.331250 0.926562 0.320833 0.912500 0.308333 0.904687 0.297917 0.898438 0.291667 0.893750 0.289583 0.889062 0.283333 0.882812 0.283333 0.873437 0.289583 0.864062 0.297917 0.854688 0.304167 0.840625 0.310417 0.831250 0.312500 0.823438 0.314583 0.798438 0.314583 0.793750 0.312500 0.789062 0.310417 0.785937 0.308333 0.782813 0.306250 0.778125 0.302083 0.771875 0.295833 0.767188 0.289583 0.762500 0.281250 0.759375 0.275000 0.757812 0.270833 0.756250 0.266667 0.754687 0.260417 0.753125 0.254167 0.753125 0.222917 0.754687 0.212500 0.757812 0.204167 0.762500 0.191667 0.782813 0.166667 0.784375 0.162500 0.782813 0.158333 0.779687 0.152083 0.771875 0.139583 0.770312 0.137500 0.767188 0.135417 0.760938 0.135417
6 0.307812 0.056250 0.307812 0.072917 0.303125 0.083333 0.303125 0.091667 0.307812 0.093750 0.309375 0.100000 0.314063 0.106250 0.315625 0.110417 0.318750 0.120833 0.323437 0.137500 0.339062 0.177083 0.346875 0.200000 0.348438 0.206250 0.350000 0.212500 0.351562 0.222917 0.351562 0.245833 0.350000 0.260417 0.348438 0.266667 0.346875 0.272917 0.342187 0.285417 0.339062 0.291667 0.329688 0.304167 0.323437 0.310417 0.318750 0.314583 0.307812 0.320833 0.301563 0.322917 0.295312 0.325000 0.278125 0.325000 0.270313 0.322917 0.265625 0.320833 0.260937 0.318750 0.251563 0.312500 0.242188 0.304167 0.210938 0.275000 0.198437 0.266667 0.184375 0.254167 0.171875 0.241667 0.162500 0.229167 0.156250 0.218750 0.154688 0.214583 0.154688 0.208333 0.153125 0.204167 0.146875 0.193750 0.146875 0.191667 0.142187 0.189583 0.142187 0.193750 0.137500 0.202083 0.132812 0.208333 0.129688 0.214583 0.126562 0.225000 0.123438 0.231250 0.115625 0.243750 0.112500 0.250000 0.098437 0.283333 0.085938 0.310417 0.081250 0.316667 0.076563 0.327083 0.070312 0.345833 0.071875 0.350000 0.076563 0.356250 0.085938 0.362500 0.101562 0.375000 0.118750 0.387500 0.135937 0.397917 0.150000 0.408333 0.157812 0.416667 0.175000 0.427083 0.189062 0.437500 0.200000 0.447917 0.231250 0.468750 0.239063 0.477083 0.257812 0.491667 0.279687 0.508333 0.287500 0.514583 0.293750 0.516667 0.301563 0.522917 0.320312 0.539583 0.337500 0.552083 0.340625 0.554167 0.343750 0.556250 0.348438 0.558333 0.353125 0.558333 0.353125 0.535417 0.354687 0.529167 0.356250 0.525000 0.362500 0.516667 0.365625 0.514583 0.368750 0.514583 0.371875 0.516667 0.379688 0.527083 0.384375 0.527083 0.390625 0.518750 0.393750 0.512500 0.396875 0.506250 0.401562 0.491667 0.409375 0.477083 0.414062 0.462500 0.421875 0.447917 0.423438 0.441667 0.423438 0.416667 0.428125 0.397917 0.428125 0.377083 0.429688 0.368750 0.432812 0.358333 0.434375 0.354167 0.439063 0.347917 0.440625 0.347917 0.446875 0.339583 0.456250 0.333333 0.464062 0.333333 0.470313 0.331250 0.473438 0.327083 0.475000 0.327083 0.476562 0.325000 0.476562 0.322917 0.479687 0.318750 0.482812 0.308333 0.493750 0.283333 0.500000 0.272917 0.506250 0.258333 0.510938 0.243750 0.523438 0.218750 0.525000 0.212500 0.525000 0.208333 0.523438 0.204167 0.518750 0.200000 0.506250 0.191667 0.501563 0.185417 0.495312 0.183333 0.492188 0.181250 0.464062 0.160417 0.448437 0.145833 0.445312 0.143750 0.428125 0.133333 0.406250 0.122917 0.384375 0.108333 0.379688 0.100000 0.375000 0.095833 0.370312 0.091667 0.367188 0.089583 0.364063 0.087500 0.331250 0.066667 0.320312 0.062500 0.317188 0.058333 0.314063 0.056250 0.307812 0.056250
6 0.223438 0.000000 0.223438 0.004167 0.232813 0.016667 0.239063 0.020833 0.242188 0.025000 0.248438 0.035417 0.253125 0.037500 0.260937 0.039583 0.267188 0.043750 0.276562 0.050000 0.281250 0.054167 0.284375 0.058333 0.285938 0.064583 0.290625 0.064583 0.293750 0.062500 0.293750 0.043750 0.290625 0.039583 0.285938 0.035417 0.265625 0.020833 0.253125 0.010417 0.243750 0.000000 0.223438 0.000000
8 0.145313 0.000000 0.142187 0.004167 0.137500 0.004167 0.134375 0.008333 0.134375 0.010417 0.120313 0.033333 0.115625 0.045833 0.112500 0.050000 0.106250 0.054167 0.098437 0.064583 0.098437 0.091667 0.100000 0.100000 0.101562 0.106250 0.109375 0.135417 0.110937 0.139583 0.115625 0.150000 0.121875 0.158333 0.125000 0.160417 0.142187 0.162500 0.143750 0.170833 0.143750 0.179167 0.148438 0.193750 0.154688 0.210417 0.159375 0.218750 0.164062 0.227083 0.165625 0.229167 0.170313 0.235417 0.171875 0.237500 0.178125 0.243750 0.184375 0.250000 0.195312 0.260417 0.210938 0.270833 0.215625 0.277083 0.220312 0.279167 0.225000 0.283333 0.229687 0.289583 0.234375 0.293750 0.239063 0.295833 0.243750 0.302083 0.254688 0.310417 0.264062 0.316667 0.275000 0.320833 0.298438 0.320833 0.312500 0.314583 0.315625 0.312500 0.318750 0.310417 0.325000 0.304167 0.331250 0.297917 0.335938 0.291667 0.339062 0.285417 0.343750 0.277083 0.345313 0.270833 0.346875 0.264583 0.348438 0.256250 0.350000 0.239583 0.350000 0.231250 0.348438 0.216667 0.345313 0.202083 0.342187 0.193750 0.335938 0.175000 0.332813 0.166667 0.331250 0.162500 0.325000 0.150000 0.323437 0.145833 0.321875 0.141667 0.320312 0.131250 0.310937 0.106250 0.306250 0.100000 0.304688 0.093750 0.300000 0.089583 0.300000 0.085417 0.301563 0.079167 0.306250 0.068750 0.307812 0.058333 0.307812 0.054167 0.306250 0.041667 0.304688 0.033333 0.301563 0.018750 0.300000 0.012500 0.296875 0.004167 0.293750 0.000000 0.287500 0.000000 0.287500 0.010417 0.289062 0.018750 0.293750 0.031250 0.295312 0.037500 0.295312 0.060417 0.293750 0.064583 0.289062 0.068750 0.285938 0.066667 0.282813 0.062500 0.282813 0.060417 0.281250 0.058333 0.276562 0.056250 0.273438 0.052083 0.270313 0.050000 0.267188 0.047917 0.256250 0.041667 0.250000 0.041667 0.246875 0.039583 0.245312 0.037500 0.240625 0.027083 0.231250 0.014583 0.220312 0.002083 0.215625 0.000000 0.145313 0.000000
8 0.218750 0.706250 0.209375 0.708333 0.203125 0.710417 0.198437 0.712500 0.190625 0.716667 0.179688 0.727083 0.167187 0.735417 0.159375 0.737500 0.139063 0.752083 0.134375 0.754167 0.129688 0.754167 0.125000 0.756250 0.118750 0.762500 0.115625 0.762500 0.112500 0.764583 0.106250 0.770833 0.093750 0.777083 0.089063 0.781250 0.084375 0.787500 0.079687 0.791667 0.075000 0.793750 0.070312 0.797917 0.057813 0.814583 0.048438 0.835417 0.042188 0.843750 0.037500 0.852083 0.034375 0.862500 0.032813 0.866667 0.026562 0.870833 0.018750 0.872917 0.010937 0.877083 0.000000 0.883333 0.000000 0.997917 0.081250 0.997917 0.084375 0.993750 0.090625 0.985417 0.110937 0.985417 0.120313 0.983333 0.125000 0.981250 0.134375 0.975000 0.150000 0.970833 0.159375 0.964583 0.171875 0.954167 0.178125 0.945833 0.185938 0.941667 0.192188 0.935417 0.206250 0.916667 0.210938 0.914583 0.220312 0.904167 0.228125 0.895833 0.240625 0.879167 0.245312 0.868750 0.248438 0.864583 0.250000 0.864583 0.253125 0.860417 0.260937 0.847917 0.262500 0.847917 0.270313 0.837500 0.275000 0.829167 0.278125 0.822917 0.281250 0.816667 0.282813 0.810417 0.284375 0.793750 0.284375 0.783333 0.282813 0.766667 0.281250 0.760417 0.279687 0.754167 0.278125 0.750000 0.276562 0.745833 0.273438 0.739583 0.259375 0.720833 0.254688 0.716667 0.251563 0.714583 0.248438 0.712500 0.240625 0.708333 0.235937 0.706250 0.218750 0.706250
