6 0.600000 0.543750 0.610938 0.558333 0.615625 0.560417 0.623437 0.558333 0.621875 0.547917 0.620313 0.543750 0.600000 0.543750
6 0.737500 0.539583 0.731250 0.541667 0.728125 0.545833 0.728125 0.558333 0.723437 0.564583 0.718750 0.566667 0.710938 0.568750 0.701562 0.568750 0.692187 0.570833 0.684375 0.572917 0.682813 0.575000 0.679688 0.575000 0.679688 0.579167 0.696875 0.602083 0.703125 0.608333 0.712500 0.614583 0.717187 0.618750 0.726562 0.631250 0.734375 0.639583 0.742188 0.645833 0.751563 0.656250 0.760938 0.668750 0.770312 0.679167 0.778125 0.685417 0.789062 0.697917 0.807813 0.722917 0.814063 0.727083 0.825000 0.741667 0.831250 0.747917 0.835938 0.752083 0.840625 0.754167 0.845313 0.758333 0.851562 0.764583 0.860938 0.777083 0.860938 0.793750 0.859375 0.802083 0.857812 0.808333 0.856250 0.814583 0.851562 0.827083 0.848437 0.833333 0.845313 0.839583 0.834375 0.858333 0.818750 0.879167 0.814063 0.883333 0.809375 0.887500 0.801562 0.893750 0.796875 0.895833 0.784375 0.895833 0.781250 0.893750 0.778125 0.891667 0.770312 0.881250 0.768750 0.881250 0.762500 0.872917 0.762500 0.870833 0.757812 0.864583 0.746875 0.852083 0.732812 0.839583 0.725000 0.829167 0.710938 0.816667 0.693750 0.795833 0.681250 0.785417 0.664062 0.764583 0.656250 0.758333 0.648438 0.747917 0.634375 0.735417 0.623437 0.722917 0.614062 0.712500 0.600000 0.693750 0.596875 0.687500 0.595313 0.683333 0.593750 0.675000 0.593750 0.658333 0.592187 0.652083 0.590625 0.647917 0.589063 0.643750 0.585938 0.637500 0.579688 0.627083 0.556250 0.595833 0.551562 0.591667 0.545312 0.591667 0.546875 0.752083 0.553125 0.754167 0.560937 0.762500 0.567187 0.770833 0.567187 0.772917 0.571875 0.779167 0.581250 0.789583 0.581250 0.808333 0.579688 0.814583 0.576562 0.825000 0.562500 0.862500 0.556250 0.877083 0.548438 0.891667 0.545312 0.897917 0.543750 0.920833 0.543750 0.947917 0.545312 0.985417 0.548438 0.989583 0.684375 0.989583 0.707812 0.993750 0.756250 0.993750 0.771875 0.997917 0.779687 0.995833 0.887500 0.997917 0.892188 0.991667 0.892188 0.979167 0.890625 0.956250 0.889062 0.943750 0.887500 0.931250 0.884375 0.910417 0.879687 0.889583 0.879687 0.879167 0.876563 0.868750 0.875000 0.856250 0.873437 0.839583 0.873437 0.820833 0.871875 0.808333 0.870313 0.800000 0.865625 0.787500 0.865625 0.772917 0.868750 0.756250 0.870313 0.731250 0.870313 0.550000 0.867188 0.545833 0.864062 0.543750 0.840625 0.541667 0.801562 0.539583 0.737500 0.539583
6 0.340625 0.300000 0.337500 0.304167 0.335938 0.304167 0.334375 0.306250 0.334375 0.308333 0.332813 0.310417 0.328125 0.314583 0.318750 0.320833 0.307812 0.331250 0.301563 0.337500 0.287500 0.352083 0.259375 0.381250 0.242188 0.400000 0.215625 0.431250 0.214062 0.431250 0.207813 0.439583 0.207813 0.464583 0.209375 0.489583 0.210938 0.510417 0.212500 0.527083 0.215625 0.543750 0.215625 0.558333 0.217188 0.562500 0.221875 0.562500 0.226562 0.558333 0.232813 0.552083 0.234375 0.550000 0.234375 0.547917 0.237500 0.543750 0.242188 0.541667 0.248438 0.535417 0.268750 0.508333 0.278125 0.500000 0.285938 0.489583 0.293750 0.483333 0.304688 0.468750 0.314063 0.458333 0.320312 0.456250 0.332813 0.456250 0.337500 0.458333 0.340625 0.460417 0.356250 0.479167 0.357812 0.481250 0.368750 0.497917 0.375000 0.508333 0.382812 0.520833 0.387500 0.531250 0.389062 0.535417 0.390625 0.543750 0.389062 0.562500 0.379688 0.575000 0.371875 0.581250 0.357812 0.597917 0.357812 0.600000 0.354687 0.604167 0.351562 0.604167 0.345313 0.612500 0.340625 0.614583 0.339062 0.616667 0.326562 0.635417 0.321875 0.637500 0.318750 0.643750 0.309375 0.654167 0.300000 0.662500 0.298438 0.664583 0.289062 0.677083 0.287500 0.679167 0.282813 0.689583 0.292187 0.689583 0.303125 0.685417 0.314063 0.683333 0.315625 0.679167 0.318750 0.668750 0.326562 0.650000 0.332813 0.639583 0.337500 0.631250 0.343750 0.622917 0.348438 0.618750 0.354687 0.612500 0.359375 0.612500 0.360938 0.614583 0.367188 0.614583 0.371875 0.616667 0.378125 0.620833 0.390625 0.631250 0.393750 0.633333 0.400000 0.635417 0.403125 0.637500 0.417187 0.647917 0.428125 0.658333 0.431250 0.660417 0.435937 0.662500 0.443750 0.662500 0.459375 0.660417 0.473438 0.658333 0.487500 0.656250 0.495312 0.654167 0.498437 0.650000 0.498437 0.639583 0.496875 0.620833 0.493750 0.600000 0.493750 0.579167 0.492188 0.560417 0.487500 0.522917 0.485938 0.504167 0.485938 0.485417 0.484375 0.466667 0.481250 0.447917 0.481250 0.429167 0.479687 0.412500 0.478125 0.397917 0.473438 0.393750 0.468750 0.397917 0.464062 0.400000 0.453125 0.408333 0.445312 0.414583 0.440625 0.420833 0.428125 0.431250 0.412500 0.441667 0.407813 0.447917 0.403125 0.452083 0.392188 0.460417 0.387500 0.462500 0.381250 0.454167 0.378125 0.447917 0.370312 0.431250 0.365625 0.420833 0.362500 0.410417 0.354687 0.393750 0.346875 0.377083 0.342187 0.370833 0.328125 0.339583 0.326562 0.335417 0.325000 0.331250 0.325000 0.325000 0.328125 0.320833 0.332813 0.318750 0.337500 0.312500 0.342187 0.310417 0.345313 0.306250 0.346875 0.306250 0.348438 0.300000 0.340625 0.300000
6 0.459375 0.283333 0.457813 0.285417 0.450000 0.287500 0.454688 0.295833 0.454688 0.297917 0.457813 0.306250 0.464062 0.316667 0.468750 0.327083 0.468750 0.331250 0.471875 0.331250 0.471875 0.327083 0.470313 0.306250 0.468750 0.291667 0.465625 0.283333 0.459375 0.283333
6 0.285938 0.116667 0.259375 0.120833 0.246875 0.122917 0.237500 0.127083 0.235937 0.131250 0.235937 0.135417 0.239063 0.150000 0.239063 0.164583 0.240625 0.177083 0.242188 0.181250 0.246875 0.183333 0.254688 0.172917 0.259375 0.170833 0.271875 0.158333 0.276562 0.154167 0.279687 0.150000 0.279687 0.147917 0.282813 0.143750 0.285938 0.143750 0.295312 0.133333 0.296875 0.131250 0.300000 0.125000 0.301563 0.125000 0.306250 0.116667 0.285938 0.116667
6 0.565625 0.072917 0.551562 0.075000 0.525000 0.081250 0.509375 0.081250 0.489063 0.087500 0.476562 0.087500 0.454688 0.093750 0.431250 0.097917 0.417187 0.100000 0.403125 0.102083 0.387500 0.102083 0.375000 0.104167 0.371875 0.106250 0.371875 0.110417 0.373437 0.114583 0.379688 0.125000 0.398438 0.156250 0.401562 0.162500 0.404687 0.168750 0.410938 0.183333 0.414062 0.189583 0.415625 0.197917 0.415625 0.216667 0.414062 0.220833 0.412500 0.225000 0.410938 0.227083 0.406250 0.229167 0.395313 0.239583 0.384375 0.252083 0.370312 0.270833 0.365625 0.272917 0.357812 0.285417 0.356250 0.287500 0.350000 0.293750 0.353125 0.295833 0.356250 0.293750 0.359375 0.289583 0.365625 0.287500 0.371875 0.283333 0.381250 0.272917 0.400000 0.260417 0.409375 0.250000 0.423438 0.239583 0.429688 0.241667 0.429688 0.243750 0.435937 0.254167 0.442188 0.270833 0.445312 0.277083 0.450000 0.283333 0.457813 0.283333 0.459375 0.281250 0.468750 0.283333 0.470313 0.287500 0.471875 0.295833 0.471875 0.327083 0.473438 0.333333 0.475000 0.339583 0.476562 0.343750 0.478125 0.347917 0.484375 0.358333 0.484375 0.362500 0.487500 0.366667 0.489063 0.370833 0.490625 0.377083 0.489063 0.381250 0.487500 0.383333 0.485938 0.383333 0.482812 0.387500 0.481250 0.391667 0.481250 0.416667 0.482812 0.418750 0.482812 0.445833 0.487500 0.477083 0.487500 0.495833 0.489063 0.512500 0.490625 0.522917 0.493750 0.535417 0.500000 0.533333 0.501563 0.529167 0.501563 0.525000 0.506250 0.516667 0.510938 0.508333 0.521875 0.491667 0.526563 0.485417 0.531250 0.481250 0.535937 0.481250 0.539062 0.483333 0.542188 0.485417 0.553125 0.497917 0.567187 0.516667 0.575000 0.518750 0.579688 0.522917 0.582812 0.522917 0.600000 0.520833 0.601562 0.518750 0.615625 0.518750 0.615625 0.504167 0.614062 0.479167 0.612500 0.462500 0.609375 0.445833 0.607812 0.422917 0.607812 0.402083 0.606250 0.379167 0.604688 0.362500 0.603125 0.347917 0.601562 0.341667 0.600000 0.339583 0.598437 0.335417 0.595313 0.337500 0.587500 0.347917 0.581250 0.354167 0.573438 0.364583 0.568750 0.366667 0.559375 0.370833 0.553125 0.372917 0.532813 0.372917 0.525000 0.370833 0.520312 0.368750 0.515625 0.366667 0.512500 0.364583 0.507812 0.358333 0.503125 0.356250 0.498437 0.350000 0.496875 0.350000 0.493750 0.345833 0.482812 0.329167 0.478125 0.316667 0.476562 0.310417 0.475000 0.304167 0.473438 0.287500 0.475000 0.272917 0.476562 0.264583 0.478125 0.256250 0.479687 0.250000 0.485938 0.233333 0.504687 0.208333 0.509375 0.204167 0.517188 0.197917 0.521875 0.195833 0.526563 0.193750 0.532813 0.191667 0.542188 0.189583 0.551562 0.189583 0.557813 0.191667 0.562500 0.193750 0.567187 0.195833 0.579688 0.206250 0.587500 0.208333 0.590625 0.206250 0.590625 0.179167 0.589063 0.152083 0.587500 0.129167 0.584375 0.110417 0.584375 0.085417 0.581250 0.072917 0.565625 0.072917
10 0.531250 0.487500 0.517188 0.506250 0.510938 0.516667 0.507812 0.522917 0.506250 0.527083 0.506250 0.535417 0.509375 0.539583 0.512500 0.539583 0.517188 0.545833 0.523438 0.556250 0.526563 0.558333 0.529687 0.558333 0.532813 0.560417 0.546875 0.581250 0.551562 0.587500 0.564063 0.600000 0.579688 0.620833 0.590625 0.639583 0.593750 0.645833 0.595313 0.652083 0.596875 0.660417 0.596875 0.677083 0.598437 0.683333 0.600000 0.687500 0.603125 0.693750 0.614062 0.708333 0.623437 0.716667 0.632812 0.729167 0.642188 0.739583 0.648438 0.743750 0.671875 0.768750 0.679688 0.779167 0.693750 0.791667 0.701562 0.800000 0.718750 0.820833 0.732812 0.835417 0.746875 0.847917 0.754687 0.856250 0.775000 0.883333 0.781250 0.889583 0.784375 0.891667 0.796875 0.891667 0.801562 0.889583 0.809375 0.883333 0.814063 0.879167 0.818750 0.875000 0.829688 0.860417 0.837500 0.847917 0.842187 0.839583 0.845313 0.833333 0.848437 0.827083 0.853125 0.814583 0.854688 0.808333 0.856250 0.802083 0.857812 0.791667 0.857812 0.783333 0.856250 0.777083 0.848437 0.766667 0.842187 0.760417 0.837500 0.756250 0.832812 0.754167 0.826562 0.747917 0.815625 0.733333 0.807813 0.729167 0.801562 0.720833 0.790625 0.704167 0.778125 0.689583 0.760938 0.672917 0.751563 0.660417 0.743750 0.654167 0.718750 0.625000 0.712500 0.618750 0.707812 0.614583 0.701562 0.612500 0.682813 0.589583 0.678125 0.581250 0.676562 0.579167 0.675000 0.579167 0.671875 0.575000 0.632812 0.575000 0.625000 0.568750 0.620313 0.568750 0.614062 0.564583 0.609375 0.562500 0.606250 0.558333 0.606250 0.556250 0.603125 0.552083 0.596875 0.545833 0.592187 0.541667 0.581250 0.535417 0.573438 0.527083 0.568750 0.522917 0.565625 0.522917 0.562500 0.520833 0.557813 0.514583 0.556250 0.508333 0.553125 0.504167 0.548438 0.502083 0.545312 0.497917 0.543750 0.497917 0.542188 0.495833 0.537500 0.487500 0.531250 0.487500
27 0.653125 0.197917 0.645312 0.200000 0.640625 0.204167 0.634375 0.206250 0.628125 0.206250 0.621875 0.208333 0.609375 0.216667 0.603125 0.222917 0.601562 0.227083 0.600000 0.231250 0.600000 0.256250 0.603125 0.289583 0.603125 0.310417 0.601562 0.356250 0.603125 0.375000 0.604688 0.389583 0.607812 0.402083 0.607812 0.420833 0.609375 0.435417 0.614062 0.450000 0.614062 0.470833 0.617188 0.483333 0.617188 0.500000 0.618750 0.516667 0.623437 0.529167 0.625000 0.539583 0.626563 0.550000 0.625000 0.560417 0.628125 0.568750 0.631250 0.570833 0.634375 0.572917 0.662500 0.572917 0.689063 0.570833 0.703125 0.568750 0.717187 0.566667 0.720313 0.564583 0.723437 0.562500 0.725000 0.560417 0.726562 0.556250 0.728125 0.552083 0.729688 0.535417 0.729688 0.531250 0.726562 0.516667 0.726562 0.502083 0.728125 0.481250 0.726562 0.456250 0.725000 0.433333 0.721875 0.412500 0.720313 0.383333 0.720313 0.350000 0.718750 0.320833 0.715625 0.312500 0.714063 0.287500 0.714063 0.262500 0.710938 0.252083 0.710938 0.222917 0.707812 0.214583 0.701562 0.210417 0.700000 0.206250 0.687500 0.197917 0.653125 0.197917
26 0.317188 0.460417 0.307812 0.466667 0.298438 0.479167 0.293750 0.481250 0.284375 0.491667 0.271875 0.508333 0.262500 0.516667 0.237500 0.550000 0.226562 0.560417 0.217188 0.575000 0.212500 0.581250 0.200000 0.595833 0.184375 0.610417 0.167187 0.629167 0.157812 0.641667 0.150000 0.647917 0.139063 0.662500 0.134375 0.677083 0.128125 0.685417 0.126562 0.689583 0.125000 0.695833 0.125000 0.710417 0.131250 0.727083 0.134375 0.731250 0.135937 0.731250 0.140625 0.737500 0.140625 0.739583 0.146875 0.747917 0.153125 0.756250 0.162500 0.764583 0.164062 0.766667 0.164062 0.768750 0.165625 0.770833 0.168750 0.772917 0.173437 0.775000 0.178125 0.781250 0.185938 0.781250 0.196875 0.766667 0.204687 0.768750 0.212500 0.764583 0.217188 0.758333 0.225000 0.745833 0.231250 0.741667 0.243750 0.725000 0.254688 0.712500 0.259375 0.710417 0.273438 0.691667 0.279687 0.687500 0.287500 0.679167 0.296875 0.664583 0.301563 0.662500 0.307812 0.654167 0.314063 0.650000 0.325000 0.633333 0.326562 0.631250 0.329688 0.627083 0.331250 0.625000 0.343750 0.612500 0.365625 0.583333 0.373437 0.575000 0.379688 0.570833 0.384375 0.564583 0.385937 0.558333 0.385937 0.550000 0.387500 0.547917 0.387500 0.541667 0.385937 0.535417 0.384375 0.531250 0.379688 0.520833 0.375000 0.512500 0.365625 0.497917 0.342187 0.466667 0.337500 0.462500 0.332813 0.460417 0.317188 0.460417
28 0.337500 0.091667 0.334375 0.093750 0.318750 0.112500 0.310937 0.118750 0.300000 0.133333 0.298438 0.133333 0.290625 0.143750 0.281250 0.154167 0.275000 0.160417 0.268750 0.164583 0.260937 0.175000 0.254688 0.181250 0.248438 0.185417 0.240625 0.193750 0.223438 0.212500 0.198437 0.241667 0.175000 0.266667 0.168750 0.272917 0.139063 0.300000 0.129688 0.312500 0.126562 0.318750 0.125000 0.322917 0.123438 0.333333 0.121875 0.337500 0.118750 0.343750 0.114062 0.350000 0.112500 0.350000 0.109375 0.354167 0.109375 0.360417 0.114062 0.366667 0.115625 0.372917 0.118750 0.379167 0.125000 0.387500 0.126562 0.393750 0.129688 0.400000 0.135937 0.410417 0.148438 0.427083 0.154688 0.433333 0.159375 0.437500 0.167187 0.441667 0.171875 0.447917 0.178125 0.447917 0.184375 0.443750 0.196875 0.443750 0.203125 0.441667 0.206250 0.439583 0.215625 0.427083 0.220312 0.422917 0.225000 0.420833 0.234375 0.410417 0.246875 0.393750 0.257812 0.381250 0.264062 0.375000 0.279687 0.362500 0.285938 0.354167 0.287500 0.354167 0.292187 0.347917 0.292187 0.345833 0.296875 0.339583 0.303125 0.335417 0.314063 0.322917 0.325000 0.316667 0.335938 0.302083 0.340625 0.300000 0.350000 0.287500 0.354687 0.285417 0.360938 0.279167 0.373437 0.264583 0.378125 0.256250 0.379688 0.254167 0.387500 0.245833 0.392188 0.241667 0.400000 0.237500 0.409375 0.225000 0.412500 0.218750 0.414062 0.214583 0.415625 0.210417 0.415625 0.195833 0.414062 0.191667 0.409375 0.181250 0.400000 0.160417 0.396875 0.154167 0.392188 0.145833 0.387500 0.137500 0.381250 0.129167 0.367188 0.104167 0.367188 0.102083 0.364063 0.097917 0.360938 0.095833 0.346875 0.095833 0.343750 0.091667 0.337500 0.091667
26 0.357812 0.614583 0.354687 0.616667 0.351562 0.618750 0.342187 0.631250 0.337500 0.639583 0.331250 0.650000 0.328125 0.660417 0.321875 0.670833 0.310937 0.700000 0.306250 0.714583 0.306250 0.729167 0.309375 0.737500 0.312500 0.741667 0.315625 0.745833 0.329688 0.754167 0.334375 0.760417 0.345313 0.766667 0.354687 0.777083 0.362500 0.781250 0.365625 0.787500 0.370312 0.789583 0.382812 0.800000 0.403125 0.812500 0.407813 0.818750 0.417187 0.825000 0.437500 0.835417 0.440625 0.837500 0.446875 0.845833 0.451562 0.850000 0.462500 0.856250 0.468750 0.864583 0.473438 0.868750 0.482812 0.875000 0.498437 0.885417 0.506250 0.889583 0.517188 0.895833 0.523438 0.897917 0.532813 0.900000 0.537500 0.900000 0.540625 0.897917 0.545312 0.891667 0.550000 0.883333 0.557813 0.866667 0.562500 0.856250 0.576562 0.816667 0.578125 0.810417 0.578125 0.791667 0.567187 0.777083 0.565625 0.770833 0.562500 0.766667 0.560937 0.766667 0.556250 0.760417 0.550000 0.756250 0.543750 0.747917 0.539062 0.743750 0.518750 0.731250 0.510938 0.725000 0.493750 0.708333 0.479687 0.700000 0.471875 0.693750 0.456250 0.679167 0.446875 0.672917 0.420312 0.656250 0.415625 0.650000 0.409375 0.645833 0.395313 0.635417 0.364063 0.614583 0.357812 0.614583
11 0.539062 0.191667 0.531250 0.193750 0.528125 0.197917 0.520312 0.200000 0.517188 0.202083 0.514062 0.204167 0.509375 0.208333 0.503125 0.214583 0.489063 0.233333 0.485938 0.239583 0.484375 0.243750 0.482812 0.247917 0.478125 0.266667 0.475000 0.285417 0.475000 0.291667 0.476562 0.310417 0.478125 0.314583 0.479687 0.318750 0.484375 0.327083 0.493750 0.339583 0.496875 0.345833 0.496875 0.347917 0.498437 0.350000 0.509375 0.362500 0.514062 0.364583 0.521875 0.368750 0.532813 0.368750 0.540625 0.372917 0.548438 0.372917 0.556250 0.370833 0.560937 0.368750 0.571875 0.362500 0.575000 0.360417 0.590625 0.341667 0.595313 0.335417 0.600000 0.327083 0.601562 0.322917 0.601562 0.312500 0.603125 0.310417 0.603125 0.302083 0.600000 0.295833 0.598437 0.285417 0.596875 0.245833 0.598437 0.231250 0.598437 0.225000 0.587500 0.210417 0.584375 0.208333 0.581250 0.206250 0.564063 0.195833 0.559375 0.193750 0.554688 0.191667 0.539062 0.191667
