6 0.478125 0.514583 0.475000 0.516667 0.465625 0.525000 0.459375 0.533333 0.459375 0.537500 0.464062 0.533333 0.476562 0.531250 0.476562 0.522917 0.478125 0.520833 0.478125 0.514583
6 0.556250 0.412500 0.553125 0.418750 0.548438 0.420833 0.535937 0.437500 0.535937 0.441667 0.545312 0.441667 0.553125 0.439583 0.559375 0.435417 0.559375 0.412500 0.556250 0.412500
6 0.531250 0.077083 0.534375 0.081250 0.535937 0.085417 0.537500 0.100000 0.539062 0.116667 0.539062 0.141667 0.542188 0.160417 0.542188 0.189583 0.545312 0.202083 0.546875 0.222917 0.548438 0.264583 0.546875 0.270833 0.550000 0.281250 0.551562 0.302083 0.550000 0.314583 0.551562 0.318750 0.545312 0.320833 0.532813 0.318750 0.529687 0.320833 0.526563 0.322917 0.521875 0.327083 0.504687 0.347917 0.496875 0.354167 0.467187 0.316667 0.470313 0.310417 0.471875 0.304167 0.470313 0.291667 0.459375 0.279167 0.457813 0.272917 0.454688 0.268750 0.448437 0.264583 0.434375 0.264583 0.426563 0.275000 0.423438 0.281250 0.423438 0.329167 0.450000 0.331250 0.454688 0.329167 0.457813 0.327083 0.462500 0.320833 0.464062 0.320833 0.467187 0.316667 0.496875 0.354167 0.492188 0.362500 0.490625 0.364583 0.479687 0.375000 0.476562 0.381250 0.473438 0.385417 0.462500 0.395833 0.459375 0.400000 0.456250 0.404167 0.453125 0.408333 0.443750 0.422917 0.435937 0.437500 0.428125 0.445833 0.415625 0.454167 0.410938 0.460417 0.409375 0.460417 0.406250 0.464583 0.403125 0.468750 0.396875 0.477083 0.395313 0.481250 0.393750 0.485417 0.393750 0.502083 0.398438 0.522917 0.401562 0.529167 0.401562 0.541667 0.398438 0.545833 0.384375 0.545833 0.368750 0.547917 0.354687 0.552083 0.339062 0.554167 0.323437 0.556250 0.304688 0.556250 0.290625 0.560417 0.271875 0.562500 0.262500 0.562500 0.246875 0.558333 0.245312 0.554167 0.245312 0.504167 0.243750 0.464583 0.242188 0.435417 0.239063 0.412500 0.239063 0.408333 0.245312 0.406250 0.248438 0.408333 0.257812 0.422917 0.265625 0.429167 0.268750 0.435417 0.275000 0.439583 0.287500 0.456250 0.293750 0.462500 0.298438 0.466667 0.304688 0.466667 0.310937 0.458333 0.317188 0.445833 0.345313 0.402083 0.356250 0.387500 0.364063 0.372917 0.376563 0.356250 0.381250 0.347917 0.381250 0.341667 0.370312 0.327083 0.362500 0.318750 0.357812 0.312500 0.353125 0.310417 0.339062 0.291667 0.328125 0.281250 0.326562 0.277083 0.323437 0.272917 0.317188 0.268750 0.307812 0.256250 0.300000 0.247917 0.292187 0.239583 0.289062 0.237500 0.285938 0.237500 0.265625 0.264583 0.264062 0.270833 0.260937 0.275000 0.250000 0.289583 0.248438 0.295833 0.239063 0.310417 0.231250 0.310417 0.231250 0.295833 0.228125 0.277083 0.228125 0.241667 0.226562 0.222917 0.225000 0.210417 0.221875 0.191667 0.215625 0.168750 0.214062 0.160417 0.212500 0.147917 0.212500 0.125000 0.218750 0.122917 0.221875 0.118750 0.226562 0.116667 0.243750 0.116667 0.259375 0.114583 0.271875 0.112500 0.281250 0.108333 0.290625 0.106250 0.306250 0.104167 0.323437 0.102083 0.357812 0.102083 0.368750 0.097917 0.371875 0.100000 0.381250 0.095833 0.392188 0.093750 0.404687 0.091667 0.421875 0.089583 0.437500 0.089583 0.453125 0.087500 0.479687 0.081250 0.504687 0.081250 0.514062 0.077083 0.525000 0.075000 0.531250 0.077083
21 0.859375 0.183333 0.850000 0.189583 0.843750 0.195833 0.832812 0.208333 0.817187 0.220833 0.814063 0.225000 0.812500 0.227083 0.809375 0.237500 0.810937 0.245833 0.817187 0.254167 0.820312 0.256250 0.826562 0.256250 0.831250 0.254167 0.839063 0.250000 0.842187 0.245833 0.850000 0.241667 0.856250 0.241667 0.871875 0.235417 0.876563 0.233333 0.882812 0.225000 0.884375 0.220833 0.885938 0.214583 0.885938 0.210417 0.884375 0.206250 0.881250 0.204167 0.881250 0.193750 0.875000 0.185417 0.871875 0.183333 0.859375 0.183333
22 0.818750 0.856250 0.814063 0.858333 0.807813 0.866667 0.806250 0.870833 0.806250 0.883333 0.807813 0.887500 0.809375 0.891667 0.818750 0.902083 0.821875 0.906250 0.821875 0.908333 0.826562 0.916667 0.850000 0.947917 0.862500 0.947917 0.867188 0.945833 0.875000 0.935417 0.876563 0.931250 0.878125 0.927083 0.878125 0.918750 0.876563 0.912500 0.875000 0.908333 0.867188 0.897917 0.846875 0.872917 0.837500 0.862500 0.832812 0.858333 0.829688 0.856250 0.818750 0.856250
6 0.385937 0.550000 0.368750 0.552083 0.351562 0.554167 0.334375 0.558333 0.317188 0.560417 0.296875 0.562500 0.273438 0.562500 0.264062 0.566667 0.262500 0.575000 0.262500 0.593750 0.275000 0.593750 0.307812 0.585417 0.320312 0.579167 0.326562 0.577083 0.340625 0.575000 0.353125 0.568750 0.373437 0.564583 0.379688 0.560417 0.393750 0.558333 0.401562 0.554167 0.401562 0.550000 0.385937 0.550000
6 0.470313 0.533333 0.462500 0.535417 0.457813 0.537500 0.454688 0.539583 0.451562 0.541667 0.450000 0.543750 0.448437 0.547917 0.448437 0.556250 0.453125 0.568750 0.454688 0.577083 0.456250 0.595833 0.462500 0.622917 0.465625 0.641667 0.467187 0.652083 0.468750 0.662500 0.473438 0.697917 0.473438 0.714583 0.467187 0.722917 0.464062 0.725000 0.459375 0.727083 0.440625 0.733333 0.426563 0.737500 0.398438 0.743750 0.392188 0.745833 0.385937 0.747917 0.379688 0.752083 0.373437 0.754167 0.353125 0.760417 0.331250 0.764583 0.312500 0.770833 0.279687 0.783333 0.265625 0.785417 0.251563 0.789583 0.245312 0.791667 0.234375 0.795833 0.229687 0.800000 0.228125 0.804167 0.229687 0.820833 0.232813 0.822917 0.239063 0.825000 0.246875 0.827083 0.264062 0.829167 0.289062 0.835417 0.337500 0.850000 0.364063 0.856250 0.375000 0.856250 0.381250 0.847917 0.390625 0.833333 0.395313 0.820833 0.398438 0.814583 0.407813 0.802083 0.417187 0.795833 0.425000 0.791667 0.451562 0.791667 0.459375 0.793750 0.465625 0.797917 0.468750 0.802083 0.482812 0.822917 0.489063 0.839583 0.490625 0.847917 0.489063 0.877083 0.492188 0.887500 0.495312 0.887500 0.498437 0.883333 0.498437 0.875000 0.501563 0.864583 0.503125 0.854167 0.504687 0.843750 0.510938 0.781250 0.515625 0.750000 0.525000 0.695833 0.525000 0.683333 0.528125 0.670833 0.529687 0.656250 0.529687 0.652083 0.526563 0.647917 0.515625 0.641667 0.490625 0.608333 0.487500 0.602083 0.481250 0.585417 0.479687 0.579167 0.478125 0.572917 0.476562 0.560417 0.476562 0.537500 0.473438 0.533333 0.470313 0.533333
15 0.532813 0.322917 0.529687 0.325000 0.525000 0.329167 0.515625 0.339583 0.506250 0.350000 0.482812 0.377083 0.454688 0.412500 0.446875 0.425000 0.442188 0.435417 0.435937 0.443750 0.426563 0.452083 0.417187 0.458333 0.410938 0.464583 0.398438 0.481250 0.396875 0.485417 0.396875 0.500000 0.398438 0.508333 0.400000 0.514583 0.403125 0.520833 0.404687 0.529167 0.406250 0.543750 0.409375 0.547917 0.412500 0.550000 0.417187 0.552083 0.421875 0.554167 0.429688 0.554167 0.435937 0.552083 0.440625 0.550000 0.457813 0.529167 0.475000 0.508333 0.517188 0.452083 0.526563 0.443750 0.529687 0.439583 0.534375 0.431250 0.551562 0.410417 0.559375 0.404167 0.562500 0.400000 0.564063 0.397917 0.568750 0.389583 0.578125 0.379167 0.578125 0.372917 0.570312 0.360417 0.556250 0.341667 0.553125 0.333333 0.550000 0.329167 0.546875 0.327083 0.542188 0.325000 0.537500 0.322917 0.532813 0.322917
15 0.821875 0.545833 0.812500 0.547917 0.806250 0.552083 0.796875 0.552083 0.756250 0.562500 0.707812 0.577083 0.690625 0.579167 0.668750 0.587500 0.659375 0.587500 0.651563 0.589583 0.648438 0.591667 0.645312 0.593750 0.643750 0.608333 0.648438 0.622917 0.650000 0.631250 0.651563 0.639583 0.653125 0.658333 0.656250 0.666667 0.657813 0.681250 0.657813 0.704167 0.659375 0.712500 0.660937 0.716667 0.664062 0.720833 0.681250 0.720833 0.703125 0.712500 0.734375 0.706250 0.757812 0.697917 0.765625 0.695833 0.773438 0.693750 0.782813 0.693750 0.790625 0.689583 0.806250 0.687500 0.821875 0.681250 0.840625 0.679167 0.846875 0.677083 0.853125 0.675000 0.856250 0.672917 0.856250 0.656250 0.859375 0.652083 0.871875 0.643750 0.879687 0.633333 0.903125 0.635417 0.918750 0.631250 0.918750 0.625000 0.917188 0.622917 0.915625 0.612500 0.915625 0.604167 0.912500 0.600000 0.901563 0.600000 0.896875 0.597917 0.893750 0.595833 0.890625 0.593750 0.885938 0.587500 0.885938 0.583333 0.884375 0.579167 0.878125 0.570833 0.873437 0.566667 0.870313 0.564583 0.862500 0.560417 0.857812 0.558333 0.853125 0.558333 0.845313 0.554167 0.840625 0.552083 0.835938 0.545833 0.821875 0.545833
2 0.882812 0.412500 0.881250 0.414583 0.871875 0.416667 0.859375 0.418750 0.845313 0.420833 0.821875 0.420833 0.801562 0.427083 0.785937 0.429167 0.760938 0.429167 0.753125 0.433333 0.746875 0.441667 0.746875 0.450000 0.748437 0.452083 0.750000 0.464583 0.750000 0.487500 0.751563 0.493750 0.754687 0.497917 0.759375 0.500000 0.804688 0.500000 0.823438 0.497917 0.839063 0.495833 0.846875 0.493750 0.854688 0.489583 0.862500 0.489583 0.868750 0.485417 0.878125 0.485417 0.884375 0.483333 0.892188 0.479167 0.895312 0.477083 0.896875 0.462500 0.895312 0.447917 0.892188 0.433333 0.892188 0.416667 0.889062 0.412500 0.882812 0.412500
20 0.671875 0.822917 0.654687 0.825000 0.637500 0.827083 0.621875 0.829167 0.606250 0.831250 0.596875 0.833333 0.590625 0.835417 0.587500 0.837500 0.582812 0.841667 0.579688 0.845833 0.578125 0.850000 0.576562 0.854167 0.576562 0.862500 0.575000 0.864583 0.575000 0.870833 0.576562 0.872917 0.576562 0.881250 0.578125 0.891667 0.579688 0.895833 0.581250 0.900000 0.585938 0.908333 0.593750 0.918750 0.596875 0.920833 0.601562 0.922917 0.631250 0.922917 0.646875 0.920833 0.662500 0.918750 0.690625 0.912500 0.700000 0.910417 0.706250 0.908333 0.709375 0.906250 0.712500 0.904167 0.720313 0.893750 0.721875 0.887500 0.723437 0.881250 0.723437 0.866667 0.721875 0.858333 0.720313 0.854167 0.718750 0.850000 0.715625 0.843750 0.709375 0.835417 0.703125 0.829167 0.693750 0.822917 0.671875 0.822917
20 0.654687 0.302083 0.650000 0.304167 0.646875 0.306250 0.643750 0.308333 0.634375 0.320833 0.632812 0.325000 0.631250 0.329167 0.631250 0.345833 0.632812 0.350000 0.634375 0.354167 0.637500 0.360417 0.642188 0.362500 0.650000 0.368750 0.654687 0.370833 0.659375 0.372917 0.665625 0.375000 0.673438 0.377083 0.684375 0.379167 0.695312 0.381250 0.720313 0.381250 0.726562 0.379167 0.731250 0.377083 0.734375 0.375000 0.737500 0.372917 0.745313 0.362500 0.746875 0.358333 0.748437 0.354167 0.748437 0.341667 0.746875 0.335417 0.743750 0.329167 0.739062 0.322917 0.734375 0.318750 0.731250 0.316667 0.728125 0.314583 0.723437 0.312500 0.718750 0.310417 0.712500 0.308333 0.703125 0.306250 0.693750 0.304167 0.681250 0.302083 0.654687 0.302083
19 0.442188 0.554167 0.429688 0.558333 0.418750 0.556250 0.410938 0.556250 0.404687 0.560417 0.381250 0.566667 0.373437 0.566667 0.351562 0.572917 0.331250 0.581250 0.323437 0.581250 0.312500 0.587500 0.304688 0.589583 0.282813 0.595833 0.275000 0.597917 0.260937 0.597917 0.246875 0.602083 0.229687 0.610417 0.203125 0.618750 0.182812 0.622917 0.178125 0.625000 0.175000 0.627083 0.171875 0.629167 0.168750 0.637500 0.168750 0.643750 0.171875 0.652083 0.173437 0.662500 0.175000 0.672917 0.175000 0.689583 0.176563 0.702083 0.178125 0.714583 0.181250 0.733333 0.182812 0.741667 0.184375 0.750000 0.189062 0.760417 0.189062 0.775000 0.190625 0.785417 0.192188 0.793750 0.196875 0.800000 0.200000 0.802083 0.206250 0.802083 0.207813 0.800000 0.215625 0.800000 0.225000 0.797917 0.229687 0.795833 0.234375 0.791667 0.240625 0.789583 0.253125 0.785417 0.281250 0.779167 0.287500 0.777083 0.300000 0.770833 0.320312 0.764583 0.354687 0.756250 0.367188 0.752083 0.385937 0.743750 0.421875 0.733333 0.435937 0.729167 0.443750 0.729167 0.450000 0.727083 0.456250 0.725000 0.460938 0.722917 0.467187 0.718750 0.470313 0.714583 0.470313 0.693750 0.468750 0.681250 0.465625 0.658333 0.464062 0.647917 0.460938 0.629167 0.457813 0.610417 0.454688 0.602083 0.453125 0.583333 0.451562 0.575000 0.450000 0.568750 0.448437 0.562500 0.442188 0.554167
6 0.803125 0.354167 0.765625 0.356250 0.748437 0.360417 0.748437 0.362500 0.745313 0.368750 0.742188 0.372917 0.737500 0.377083 0.734375 0.379167 0.731250 0.381250 0.725000 0.383333 0.717187 0.385417 0.700000 0.385417 0.687500 0.383333 0.675000 0.381250 0.667188 0.379167 0.659375 0.377083 0.654687 0.375000 0.650000 0.372917 0.642188 0.366667 0.637500 0.364583 0.603125 0.364583 0.585938 0.366667 0.582812 0.370833 0.582812 0.377083 0.581250 0.381250 0.567187 0.397917 0.562500 0.406250 0.560937 0.412500 0.562500 0.422917 0.564063 0.425000 0.564063 0.433333 0.567187 0.437500 0.573438 0.439583 0.579688 0.439583 0.584375 0.441667 0.592187 0.445833 0.595313 0.447917 0.601562 0.454167 0.610938 0.466667 0.614062 0.475000 0.621875 0.485417 0.625000 0.491667 0.625000 0.495833 0.629687 0.502083 0.632812 0.512500 0.634375 0.518750 0.635938 0.527083 0.635938 0.556250 0.634375 0.570833 0.632812 0.581250 0.631250 0.587500 0.629687 0.591667 0.620313 0.610417 0.604688 0.631250 0.598437 0.637500 0.592187 0.641667 0.582812 0.654167 0.579688 0.656250 0.570312 0.658333 0.546875 0.658333 0.540625 0.656250 0.539062 0.654167 0.535937 0.654167 0.532813 0.656250 0.531250 0.660417 0.529687 0.670833 0.526563 0.693750 0.525000 0.716667 0.521875 0.737500 0.515625 0.768750 0.514062 0.779167 0.512500 0.791667 0.510938 0.806250 0.510938 0.820833 0.556250 0.820833 0.621875 0.816667 0.696875 0.816667 0.770312 0.814583 0.831250 0.812500 0.832812 0.810417 0.845313 0.810417 0.845313 0.785417 0.843750 0.745833 0.842187 0.712500 0.840625 0.710417 0.840625 0.685417 0.837500 0.683333 0.831250 0.683333 0.817187 0.689583 0.809375 0.691667 0.800000 0.691667 0.793750 0.695833 0.775000 0.697917 0.765625 0.700000 0.757812 0.702083 0.689063 0.722917 0.681250 0.725000 0.662500 0.725000 0.659375 0.720833 0.656250 0.714583 0.654687 0.700000 0.654687 0.685417 0.653125 0.668750 0.648438 0.641667 0.640625 0.608333 0.642188 0.591667 0.645312 0.589583 0.648438 0.587500 0.653125 0.585417 0.660937 0.583333 0.668750 0.583333 0.684375 0.577083 0.700000 0.572917 0.709375 0.572917 0.717187 0.568750 0.725000 0.568750 0.732812 0.566667 0.739062 0.562500 0.746875 0.560417 0.771875 0.556250 0.779687 0.552083 0.787500 0.550000 0.804688 0.545833 0.814063 0.543750 0.823438 0.541667 0.835938 0.541667 0.837500 0.535417 0.835938 0.502083 0.834375 0.500000 0.834375 0.495833 0.828125 0.495833 0.826562 0.497917 0.817187 0.500000 0.796875 0.502083 0.762500 0.502083 0.754687 0.500000 0.750000 0.493750 0.748437 0.481250 0.746875 0.450000 0.746875 0.439583 0.750000 0.435417 0.759375 0.429167 0.764062 0.427083 0.773438 0.425000 0.784375 0.422917 0.800000 0.422917 0.812500 0.420833 0.821875 0.416667 0.829688 0.416667 0.832812 0.414583 0.832812 0.362500 0.829688 0.354167 0.803125 0.354167
22 0.556250 0.156250 0.556250 0.160417 0.554688 0.162500 0.554688 0.177083 0.553125 0.189583 0.550000 0.200000 0.550000 0.214583 0.551562 0.218750 0.553125 0.222917 0.559375 0.227083 0.562500 0.227083 0.567187 0.225000 0.578125 0.210417 0.578125 0.206250 0.571875 0.189583 0.570312 0.177083 0.565625 0.164583 0.559375 0.156250 0.556250 0.156250
14 0.559375 0.441667 0.550000 0.445833 0.540625 0.445833 0.532813 0.447917 0.528125 0.450000 0.523438 0.452083 0.520312 0.454167 0.515625 0.458333 0.489063 0.493750 0.484375 0.504167 0.482812 0.510417 0.481250 0.518750 0.479687 0.535417 0.479687 0.564583 0.481250 0.575000 0.484375 0.585417 0.490625 0.602083 0.493750 0.608333 0.515625 0.637500 0.525000 0.643750 0.539062 0.650000 0.545312 0.652083 0.551562 0.654167 0.557813 0.654167 0.565625 0.652083 0.575000 0.650000 0.581250 0.647917 0.584375 0.645833 0.590625 0.639583 0.604688 0.627083 0.612500 0.616667 0.618750 0.606250 0.623437 0.597917 0.626563 0.591667 0.628125 0.587500 0.629687 0.583333 0.631250 0.575000 0.632812 0.556250 0.632812 0.531250 0.631250 0.520833 0.626563 0.508333 0.621875 0.502083 0.618750 0.491667 0.609375 0.472917 0.595313 0.454167 0.590625 0.450000 0.585938 0.447917 0.576562 0.443750 0.565625 0.441667 0.559375 0.441667
18 0.428125 0.791667 0.425000 0.793750 0.421875 0.797917 0.415625 0.800000 0.412500 0.802083 0.406250 0.808333 0.400000 0.816667 0.398438 0.822917 0.395313 0.829167 0.382812 0.847917 0.379688 0.854167 0.375000 0.864583 0.371875 0.875000 0.370312 0.881250 0.368750 0.889583 0.368750 0.927083 0.371875 0.933333 0.371875 0.939583 0.373437 0.943750 0.378125 0.950000 0.379688 0.956250 0.382812 0.960417 0.393750 0.972917 0.398438 0.977083 0.401562 0.979167 0.406250 0.979167 0.410938 0.983333 0.415625 0.985417 0.437500 0.985417 0.443750 0.983333 0.448437 0.981250 0.453125 0.979167 0.456250 0.977083 0.459375 0.975000 0.467187 0.968750 0.476562 0.956250 0.479687 0.947917 0.484375 0.937500 0.485938 0.933333 0.487500 0.927083 0.489063 0.866667 0.489063 0.850000 0.487500 0.843750 0.485938 0.837500 0.481250 0.825000 0.464062 0.802083 0.460938 0.800000 0.457813 0.800000 0.451562 0.793750 0.440625 0.791667 0.428125 0.791667
22 0.207813 0.837500 0.195312 0.845833 0.168750 0.868750 0.164062 0.872917 0.156250 0.883333 0.154688 0.887500 0.154688 0.900000 0.156250 0.908333 0.162500 0.916667 0.165625 0.918750 0.168750 0.920833 0.184375 0.920833 0.187500 0.918750 0.204687 0.895833 0.204687 0.893750 0.223438 0.868750 0.225000 0.864583 0.225000 0.852083 0.223438 0.845833 0.221875 0.841667 0.220312 0.839583 0.217188 0.837500 0.207813 0.837500
21 0.435937 0.266667 0.426563 0.279167 0.425000 0.283333 0.426563 0.329167 0.434375 0.331250 0.451562 0.329167 0.456250 0.327083 0.459375 0.325000 0.464062 0.318750 0.467187 0.312500 0.468750 0.308333 0.470313 0.304167 0.468750 0.291667 0.464062 0.289583 0.459375 0.279167 0.451562 0.268750 0.446875 0.266667 0.435937 0.266667
