5 0.331250 0.616667 0.326562 0.618750 0.312500 0.625000 0.309375 0.629167 0.304688 0.641667 0.303125 0.647917 0.301563 0.656250 0.301563 0.662500 0.303125 0.689583 0.304688 0.702083 0.306250 0.714583 0.307812 0.722917 0.312500 0.741667 0.315625 0.752083 0.318750 0.762500 0.320312 0.766667 0.325000 0.775000 0.325000 0.779167 0.331250 0.785417 0.334375 0.781250 0.335938 0.727083 0.334375 0.616667 0.331250 0.616667
5 0.320312 0.368750 0.317188 0.370833 0.315625 0.375000 0.314063 0.381250 0.314063 0.404167 0.317188 0.452083 0.318750 0.504167 0.318750 0.579167 0.325000 0.597917 0.332813 0.595833 0.335938 0.591667 0.335938 0.527083 0.334375 0.387500 0.332813 0.381250 0.331250 0.377083 0.326562 0.370833 0.323437 0.368750 0.320312 0.368750
3 0.765625 0.189583 0.768750 0.195833 0.771875 0.202083 0.773438 0.210417 0.775000 0.214583 0.778125 0.220833 0.781250 0.222917 0.795312 0.222917 0.815625 0.220833 0.823438 0.218750 0.826562 0.216667 0.829688 0.212500 0.829688 0.202083 0.828125 0.197917 0.826562 0.195833 0.823438 0.193750 0.814063 0.191667 0.801562 0.189583 0.787500 0.187500 0.765625 0.189583
3 0.559375 0.160417 0.534375 0.162500 0.526563 0.164583 0.520312 0.166667 0.514062 0.170833 0.507812 0.172917 0.501563 0.172917 0.495312 0.177083 0.493750 0.183333 0.493750 0.193750 0.496875 0.220833 0.500000 0.222917 0.579688 0.222917 0.584375 0.220833 0.592187 0.212500 0.595313 0.210417 0.598437 0.208333 0.603125 0.206250 0.617188 0.206250 0.632812 0.210417 0.656250 0.212500 0.676562 0.212500 0.696875 0.216667 0.707812 0.216667 0.712500 0.214583 0.717187 0.212500 0.721875 0.206250 0.721875 0.204167 0.726562 0.197917 0.735938 0.197917 0.740625 0.195833 0.745313 0.191667 0.750000 0.189583 0.754687 0.189583 0.618750 0.187500 0.610938 0.185417 0.604688 0.183333 0.601562 0.181250 0.598437 0.179167 0.593750 0.175000 0.585938 0.164583 0.582812 0.162500 0.578125 0.160417 0.559375 0.160417
5 0.437500 0.566667 0.432812 0.570833 0.417187 0.575000 0.414062 0.579167 0.414062 0.595833 0.415625 0.610417 0.418750 0.633333 0.425000 0.668750 0.428125 0.685417 0.429688 0.693750 0.431250 0.697917 0.434375 0.702083 0.437500 0.702083 0.442188 0.697917 0.453125 0.685417 0.459375 0.677083 0.460938 0.672917 0.460938 0.656250 0.459375 0.647917 0.457813 0.639583 0.448437 0.604167 0.446875 0.595833 0.445312 0.575000 0.442188 0.566667 0.437500 0.566667
5 0.378125 0.195833 0.373437 0.202083 0.373437 0.220833 0.379688 0.262500 0.381250 0.283333 0.382812 0.310417 0.382812 0.347917 0.384375 0.362500 0.387500 0.375000 0.389062 0.387500 0.389062 0.402083 0.392188 0.410417 0.393750 0.420833 0.393750 0.431250 0.395313 0.443750 0.398438 0.452083 0.398438 0.466667 0.401562 0.493750 0.403125 0.506250 0.404687 0.518750 0.406250 0.529167 0.407813 0.537500 0.410938 0.547917 0.417187 0.547917 0.425000 0.543750 0.439063 0.533333 0.437500 0.525000 0.435937 0.516667 0.431250 0.493750 0.423438 0.462500 0.421875 0.454167 0.421875 0.437500 0.426563 0.427083 0.425000 0.414583 0.420312 0.395833 0.420312 0.385417 0.412500 0.333333 0.409375 0.322917 0.407813 0.312500 0.404687 0.279167 0.400000 0.247917 0.398438 0.239583 0.396875 0.231250 0.392188 0.212500 0.387500 0.200000 0.384375 0.195833 0.378125 0.195833
4 0.826562 0.256250 0.823438 0.258333 0.814063 0.270833 0.810937 0.277083 0.809375 0.281250 0.807813 0.285417 0.806250 0.291667 0.806250 0.304167 0.807813 0.310417 0.814063 0.325000 0.817187 0.335417 0.817187 0.341667 0.814063 0.345833 0.812500 0.350000 0.814063 0.354167 0.817187 0.360417 0.820312 0.366667 0.825000 0.372917 0.828125 0.379167 0.829688 0.383333 0.831250 0.393750 0.832812 0.425000 0.832812 0.470833 0.834375 0.506250 0.835938 0.543750 0.837500 0.568750 0.839063 0.593750 0.840625 0.612500 0.842187 0.622917 0.843750 0.627083 0.846875 0.631250 0.853125 0.629167 0.853125 0.504167 0.851562 0.462500 0.848437 0.427083 0.848437 0.381250 0.850000 0.377083 0.851562 0.372917 0.854688 0.366667 0.859375 0.360417 0.864062 0.350000 0.865625 0.345833 0.867188 0.339583 0.867188 0.331250 0.868750 0.329167 0.868750 0.322917 0.867188 0.310417 0.865625 0.304167 0.864062 0.297917 0.859375 0.285417 0.854688 0.275000 0.843750 0.260417 0.840625 0.258333 0.837500 0.256250 0.826562 0.256250
4 0.506250 0.497917 0.500000 0.500000 0.493750 0.504167 0.476562 0.514583 0.450000 0.533333 0.434375 0.541667 0.410938 0.552083 0.396875 0.562500 0.389062 0.566667 0.381250 0.568750 0.373437 0.575000 0.365625 0.577083 0.360938 0.579167 0.354687 0.585417 0.339062 0.591667 0.332813 0.597917 0.325000 0.602083 0.317188 0.602083 0.304688 0.610417 0.300000 0.610417 0.298438 0.612500 0.295312 0.612500 0.292187 0.608333 0.287500 0.608333 0.282813 0.602083 0.279687 0.600000 0.275000 0.597917 0.268750 0.595833 0.246875 0.595833 0.231250 0.604167 0.223438 0.610417 0.207813 0.629167 0.204687 0.633333 0.195312 0.647917 0.192188 0.654167 0.190625 0.662500 0.190625 0.675000 0.192188 0.679167 0.201563 0.691667 0.204687 0.693750 0.212500 0.695833 0.218750 0.697917 0.253125 0.697917 0.260937 0.693750 0.271875 0.687500 0.275000 0.685417 0.279687 0.681250 0.284375 0.677083 0.292187 0.666667 0.296875 0.658333 0.298438 0.654167 0.301563 0.639583 0.301563 0.631250 0.304688 0.627083 0.312500 0.622917 0.334375 0.614583 0.342187 0.610417 0.350000 0.604167 0.362500 0.600000 0.375000 0.591667 0.415625 0.572917 0.429688 0.566667 0.470313 0.550000 0.481250 0.545833 0.487500 0.543750 0.501563 0.541667 0.507812 0.539583 0.521875 0.533333 0.525000 0.531250 0.528125 0.525000 0.526563 0.516667 0.525000 0.512500 0.523438 0.508333 0.517188 0.500000 0.514062 0.497917 0.506250 0.497917
19 0.153125 0.343750 0.145313 0.345833 0.140625 0.347917 0.134375 0.352083 0.125000 0.360417 0.121875 0.360417 0.115625 0.368750 0.114062 0.368750 0.109375 0.375000 0.104688 0.383333 0.103125 0.389583 0.100000 0.402083 0.098437 0.410417 0.096875 0.418750 0.096875 0.441667 0.098437 0.450000 0.101562 0.456250 0.101562 0.462500 0.103125 0.466667 0.107813 0.475000 0.123438 0.495833 0.128125 0.500000 0.132812 0.504167 0.135937 0.506250 0.146875 0.510417 0.156250 0.508333 0.176563 0.510417 0.207813 0.508333 0.218750 0.504167 0.229687 0.504167 0.237500 0.502083 0.243750 0.500000 0.248438 0.497917 0.251563 0.495833 0.257812 0.489583 0.262500 0.483333 0.265625 0.477083 0.267188 0.472917 0.271875 0.458333 0.271875 0.422917 0.270313 0.418750 0.264062 0.408333 0.256250 0.397917 0.248438 0.389583 0.235937 0.379167 0.232813 0.377083 0.229687 0.375000 0.218750 0.368750 0.201563 0.362500 0.187500 0.352083 0.179688 0.347917 0.175000 0.345833 0.170313 0.343750 0.153125 0.343750
8 0.210938 0.752083 0.203125 0.754167 0.196875 0.756250 0.192188 0.758333 0.182812 0.764583 0.170313 0.775000 0.165625 0.779167 0.160938 0.783333 0.154688 0.791667 0.146875 0.797917 0.143750 0.800000 0.140625 0.802083 0.110937 0.820833 0.101562 0.822917 0.085938 0.833333 0.079687 0.839583 0.067187 0.856250 0.060937 0.870833 0.056250 0.883333 0.054688 0.889583 0.053125 0.895833 0.051562 0.904167 0.050000 0.914583 0.050000 0.943750 0.051562 0.952083 0.053125 0.958333 0.054688 0.964583 0.056250 0.968750 0.062500 0.983333 0.071875 0.997917 0.187500 0.997917 0.193750 0.991667 0.196875 0.985417 0.198437 0.979167 0.203125 0.970833 0.212500 0.956250 0.215625 0.950000 0.217188 0.943750 0.220312 0.937500 0.245312 0.904167 0.251563 0.891667 0.262500 0.877083 0.267188 0.864583 0.271875 0.850000 0.273438 0.843750 0.275000 0.835417 0.275000 0.808333 0.270313 0.797917 0.270313 0.791667 0.267188 0.783333 0.264062 0.779167 0.259375 0.775000 0.253125 0.764583 0.243750 0.758333 0.239063 0.756250 0.231250 0.754167 0.221875 0.752083 0.210938 0.752083
10 0.757812 0.189583 0.751563 0.191667 0.746875 0.193750 0.735938 0.202083 0.729688 0.200000 0.726562 0.200000 0.723437 0.204167 0.723437 0.210417 0.720313 0.214583 0.715625 0.216667 0.701562 0.225000 0.690625 0.233333 0.687500 0.237500 0.684375 0.243750 0.676562 0.262500 0.676562 0.268750 0.681250 0.283333 0.682813 0.287500 0.684375 0.291667 0.689063 0.300000 0.693750 0.312500 0.696875 0.322917 0.698438 0.331250 0.700000 0.339583 0.701562 0.360417 0.703125 0.368750 0.706250 0.377083 0.709375 0.381250 0.712500 0.383333 0.715625 0.383333 0.718750 0.387500 0.718750 0.389583 0.721875 0.393750 0.729688 0.393750 0.734375 0.391667 0.742188 0.387500 0.750000 0.383333 0.760938 0.377083 0.771875 0.370833 0.785937 0.362500 0.789062 0.360417 0.792188 0.356250 0.795312 0.354167 0.810937 0.345833 0.814063 0.341667 0.814063 0.333333 0.812500 0.327083 0.804688 0.304167 0.785937 0.256250 0.782813 0.241667 0.770312 0.206250 0.767188 0.195833 0.765625 0.191667 0.762500 0.189583 0.757812 0.189583
10 0.540625 0.247917 0.539062 0.256250 0.537500 0.260417 0.532813 0.266667 0.531250 0.272917 0.529687 0.291667 0.528125 0.329167 0.528125 0.406250 0.532813 0.408333 0.534375 0.420833 0.539062 0.422917 0.548438 0.422917 0.554688 0.427083 0.575000 0.427083 0.592187 0.425000 0.606250 0.416667 0.610938 0.412500 0.614062 0.408333 0.615625 0.391667 0.617188 0.352083 0.617188 0.256250 0.615625 0.252083 0.598437 0.247917 0.540625 0.247917
10 0.701562 0.462500 0.664062 0.464583 0.637500 0.466667 0.631250 0.470833 0.629687 0.475000 0.626563 0.485417 0.620313 0.493750 0.618750 0.497917 0.618750 0.531250 0.615625 0.535417 0.606250 0.535417 0.603125 0.537500 0.601562 0.541667 0.603125 0.562500 0.612500 0.558333 0.615625 0.558333 0.620313 0.564583 0.620313 0.570833 0.621875 0.575000 0.626563 0.577083 0.639062 0.575000 0.648438 0.581250 0.662500 0.583333 0.690625 0.583333 0.723437 0.572917 0.726562 0.568750 0.729688 0.566667 0.740625 0.564583 0.754687 0.564583 0.757812 0.562500 0.757812 0.531250 0.756250 0.500000 0.754687 0.472917 0.751563 0.462500 0.748437 0.462500 0.701562 0.462500
3 0.884375 0.766667 0.884375 0.770833 0.882812 0.775000 0.875000 0.785417 0.873437 0.791667 0.871875 0.793750 0.867188 0.795833 0.868750 0.802083 0.895312 0.802083 0.895312 0.795833 0.890625 0.779167 0.889062 0.775000 0.885938 0.770833 0.884375 0.766667
3 0.778125 0.393750 0.775000 0.400000 0.770312 0.395833 0.767188 0.397917 0.764062 0.402083 0.757812 0.402083 0.754687 0.406250 0.750000 0.406250 0.746875 0.408333 0.746875 0.418750 0.750000 0.431250 0.757812 0.462500 0.760938 0.477083 0.760938 0.485417 0.762500 0.491667 0.767188 0.508333 0.771875 0.520833 0.776563 0.531250 0.785937 0.541667 0.792188 0.545833 0.801562 0.558333 0.804688 0.564583 0.806250 0.568750 0.809375 0.583333 0.815625 0.597917 0.815625 0.604167 0.820312 0.614583 0.821875 0.625000 0.825000 0.633333 0.828125 0.635417 0.831250 0.637500 0.840625 0.641667 0.843750 0.641667 0.845313 0.637500 0.843750 0.631250 0.840625 0.627083 0.839063 0.618750 0.828125 0.589583 0.825000 0.585417 0.815625 0.556250 0.814063 0.547917 0.814063 0.508333 0.812500 0.502083 0.806250 0.487500 0.803125 0.470833 0.801562 0.464583 0.798438 0.460417 0.793750 0.443750 0.785937 0.408333 0.782813 0.397917 0.778125 0.393750
8 0.371875 0.754167 0.359375 0.756250 0.348438 0.760417 0.345313 0.762500 0.342187 0.764583 0.337500 0.770833 0.335938 0.775000 0.335938 0.781250 0.332813 0.785417 0.326562 0.783333 0.323437 0.785417 0.317188 0.793750 0.314063 0.800000 0.314063 0.802083 0.312500 0.804167 0.304688 0.810417 0.300000 0.816667 0.292187 0.829167 0.282813 0.837500 0.281250 0.839583 0.281250 0.841667 0.278125 0.845833 0.275000 0.854167 0.270313 0.866667 0.270313 0.875000 0.265625 0.885417 0.265625 0.900000 0.267188 0.902083 0.267188 0.918750 0.268750 0.927083 0.271875 0.935417 0.278125 0.952083 0.281250 0.958333 0.289062 0.966667 0.296875 0.972917 0.306250 0.979167 0.318750 0.985417 0.340625 0.985417 0.354687 0.979167 0.360938 0.975000 0.370312 0.968750 0.382812 0.952083 0.387500 0.941667 0.392188 0.929167 0.395313 0.912500 0.401562 0.895833 0.406250 0.872917 0.410938 0.862500 0.414062 0.852083 0.415625 0.839583 0.420312 0.829167 0.420312 0.806250 0.415625 0.793750 0.412500 0.787500 0.407813 0.779167 0.396875 0.764583 0.393750 0.762500 0.381250 0.756250 0.371875 0.754167
8 0.475000 0.760417 0.468750 0.762500 0.465625 0.764583 0.462500 0.766667 0.454688 0.772917 0.435937 0.797917 0.434375 0.802083 0.431250 0.816667 0.426563 0.827083 0.425000 0.837500 0.415625 0.862500 0.412500 0.872917 0.410938 0.883333 0.409375 0.891667 0.409375 0.933333 0.410938 0.939583 0.414062 0.950000 0.418750 0.962500 0.425000 0.972917 0.432812 0.981250 0.440625 0.987500 0.450000 0.993750 0.456250 0.993750 0.460938 0.997917 0.485938 0.997917 0.493750 0.993750 0.512500 0.981250 0.525000 0.964583 0.528125 0.956250 0.532813 0.943750 0.534375 0.937500 0.535937 0.929167 0.535937 0.829167 0.534375 0.814583 0.531250 0.806250 0.525000 0.789583 0.521875 0.783333 0.515625 0.775000 0.509375 0.768750 0.500000 0.762500 0.493750 0.760417 0.475000 0.760417
11 0.650000 0.718750 0.634375 0.720833 0.629687 0.722917 0.625000 0.725000 0.621875 0.727083 0.615625 0.733333 0.603125 0.750000 0.598437 0.760417 0.596875 0.766667 0.595313 0.772917 0.593750 0.789583 0.593750 0.793750 0.595313 0.810417 0.596875 0.816667 0.606250 0.837500 0.607812 0.841667 0.609375 0.847917 0.610938 0.856250 0.610938 0.864583 0.612500 0.870833 0.614062 0.877083 0.618750 0.891667 0.621875 0.897917 0.628125 0.908333 0.634375 0.916667 0.640625 0.922917 0.645312 0.927083 0.654687 0.933333 0.662500 0.937500 0.671875 0.939583 0.684375 0.939583 0.687500 0.939583 0.693750 0.945833 0.696875 0.947917 0.701562 0.950000 0.707812 0.952083 0.714063 0.952083 0.721875 0.950000 0.729688 0.945833 0.732812 0.943750 0.739062 0.935417 0.743750 0.922917 0.742188 0.891667 0.742188 0.879167 0.745313 0.872917 0.746875 0.860417 0.746875 0.839583 0.745313 0.829167 0.743750 0.820833 0.740625 0.812500 0.737500 0.802083 0.734375 0.795833 0.731250 0.789583 0.720313 0.775000 0.714063 0.768750 0.698438 0.756250 0.692187 0.745833 0.689063 0.741667 0.687500 0.741667 0.682813 0.735417 0.678125 0.731250 0.668750 0.725000 0.660937 0.720833 0.653125 0.718750 0.650000 0.718750
7 0.743750 0.612500 0.735938 0.614583 0.731250 0.616667 0.726562 0.618750 0.723437 0.620833 0.718750 0.625000 0.707812 0.639583 0.704688 0.645833 0.701562 0.656250 0.700000 0.664583 0.700000 0.700000 0.701562 0.706250 0.706250 0.718750 0.710938 0.727083 0.721875 0.741667 0.737500 0.754167 0.746875 0.766667 0.759375 0.785417 0.768750 0.795833 0.776563 0.802083 0.789062 0.810417 0.796875 0.814583 0.806250 0.816667 0.825000 0.816667 0.832812 0.814583 0.840625 0.808333 0.851562 0.806250 0.856250 0.804167 0.859375 0.802083 0.862500 0.800000 0.870313 0.791667 0.878125 0.781250 0.881250 0.775000 0.882812 0.770833 0.884375 0.766667 0.885938 0.758333 0.885938 0.733333 0.884375 0.725000 0.882812 0.718750 0.881250 0.712500 0.876563 0.697917 0.873437 0.689583 0.868750 0.677083 0.864062 0.668750 0.853125 0.654167 0.848437 0.650000 0.843750 0.645833 0.840625 0.643750 0.832812 0.641667 0.825000 0.635417 0.820312 0.633333 0.815625 0.631250 0.804688 0.631250 0.795312 0.629167 0.790625 0.627083 0.782813 0.620833 0.770312 0.614583 0.764062 0.612500 0.743750 0.612500
7 0.768750 0.802083 0.762500 0.810417 0.760938 0.814583 0.759375 0.825000 0.759375 0.829167 0.760938 0.841667 0.762500 0.847917 0.767188 0.860417 0.770312 0.866667 0.775000 0.872917 0.776563 0.879167 0.781250 0.887500 0.790625 0.900000 0.798438 0.908333 0.801562 0.910417 0.804688 0.910417 0.807813 0.912500 0.810937 0.914583 0.815625 0.920833 0.818750 0.927083 0.823438 0.941667 0.831250 0.952083 0.835938 0.962500 0.842187 0.972917 0.860938 0.997917 0.998437 0.997917 0.998437 0.925000 0.992188 0.916667 0.992188 0.908333 0.985938 0.891667 0.982812 0.885417 0.973437 0.870833 0.956250 0.847917 0.946875 0.837500 0.935937 0.827083 0.926562 0.820833 0.900000 0.806250 0.892188 0.804167 0.860938 0.804167 0.846875 0.810417 0.837500 0.816667 0.832812 0.818750 0.825000 0.820833 0.815625 0.820833 0.798438 0.818750 0.789062 0.814583 0.784375 0.812500 0.771875 0.802083 0.768750 0.802083
4 0.525000 0.529167 0.520312 0.533333 0.515625 0.533333 0.512500 0.535417 0.509375 0.537500 0.507812 0.545833 0.509375 0.547917 0.509375 0.556250 0.512500 0.570833 0.517188 0.589583 0.520312 0.595833 0.523438 0.608333 0.525000 0.620833 0.528125 0.627083 0.528125 0.633333 0.529687 0.639583 0.543750 0.685417 0.546875 0.689583 0.546875 0.691667 0.553125 0.693750 0.557813 0.691667 0.560937 0.689583 0.562500 0.677083 0.557813 0.658333 0.556250 0.639583 0.551562 0.614583 0.545312 0.585417 0.539062 0.566667 0.537500 0.554167 0.535937 0.547917 0.534375 0.541667 0.531250 0.533333 0.528125 0.529167 0.525000 0.529167
4 0.446875 0.227083 0.442188 0.229167 0.439063 0.231250 0.431250 0.241667 0.431250 0.245833 0.428125 0.250000 0.426563 0.254167 0.425000 0.260417 0.423438 0.266667 0.423438 0.293750 0.425000 0.304167 0.426563 0.312500 0.428125 0.318750 0.431250 0.329167 0.432812 0.333333 0.434375 0.337500 0.440625 0.347917 0.446875 0.356250 0.451562 0.360417 0.456250 0.364583 0.460938 0.366667 0.465625 0.370833 0.471875 0.377083 0.473438 0.379167 0.473438 0.381250 0.476562 0.385417 0.478125 0.389583 0.479687 0.393750 0.481250 0.400000 0.482812 0.408333 0.482812 0.418750 0.484375 0.427083 0.485938 0.435417 0.496875 0.483333 0.496875 0.491667 0.500000 0.500000 0.506250 0.500000 0.507812 0.497917 0.512500 0.497917 0.515625 0.500000 0.518750 0.504167 0.521875 0.508333 0.523438 0.510417 0.525000 0.514583 0.525000 0.518750 0.525000 0.508333 0.523438 0.502083 0.520312 0.491667 0.515625 0.481250 0.504687 0.443750 0.501563 0.427083 0.495312 0.410417 0.490625 0.391667 0.489063 0.383333 0.489063 0.375000 0.490625 0.366667 0.493750 0.358333 0.498437 0.350000 0.500000 0.343750 0.501563 0.337500 0.503125 0.322917 0.503125 0.302083 0.501563 0.291667 0.500000 0.287500 0.495312 0.279167 0.489063 0.258333 0.485938 0.252083 0.482812 0.245833 0.475000 0.235417 0.470313 0.231250 0.467187 0.229167 0.462500 0.227083 0.446875 0.227083
3 0.629687 0.654167 0.623437 0.656250 0.617188 0.658333 0.612500 0.660417 0.603125 0.666667 0.589063 0.679167 0.585938 0.681250 0.571875 0.689583 0.560937 0.691667 0.556250 0.695833 0.548438 0.697917 0.542188 0.700000 0.525000 0.704167 0.515625 0.704167 0.506250 0.706250 0.473438 0.716667 0.456250 0.718750 0.439063 0.725000 0.412500 0.729167 0.403125 0.731250 0.396875 0.733333 0.392188 0.735417 0.389062 0.737500 0.385937 0.741667 0.384375 0.741667 0.382812 0.743750 0.381250 0.747917 0.382812 0.756250 0.385937 0.758333 0.401562 0.758333 0.409375 0.756250 0.417187 0.754167 0.431250 0.750000 0.437500 0.745833 0.459375 0.739583 0.482812 0.733333 0.490625 0.731250 0.521875 0.725000 0.537500 0.718750 0.554688 0.714583 0.570312 0.712500 0.589063 0.712500 0.603125 0.714583 0.614062 0.718750 0.632812 0.718750 0.643750 0.716667 0.653125 0.714583 0.659375 0.712500 0.664062 0.710417 0.668750 0.708333 0.676562 0.704167 0.679688 0.702083 0.681250 0.697917 0.678125 0.695833 0.673438 0.693750 0.678125 0.687500 0.679688 0.687500 0.681250 0.683333 0.676562 0.679167 0.679688 0.672917 0.675000 0.664583 0.676562 0.658333 0.673438 0.656250 0.664062 0.654167 0.629687 0.654167
