1 0.679688 0.535417 0.684375 0.543750 0.685937 0.543750 0.689063 0.550000 0.681250 0.560417 0.679688 0.564583 0.678125 0.568750 0.676562 0.581250 0.675000 0.602083 0.675000 0.620833 0.678125 0.631250 0.682813 0.631250 0.703125 0.629167 0.735938 0.631250 0.759375 0.635417 0.835938 0.635417 0.871875 0.637500 0.896875 0.639583 0.921875 0.641667 0.934375 0.645833 0.935937 0.647917 0.939063 0.647917 0.942187 0.643750 0.943750 0.639583 0.945312 0.633333 0.946875 0.620833 0.946875 0.581250 0.950000 0.562500 0.950000 0.533333 0.937500 0.533333 0.920312 0.539583 0.917188 0.541667 0.910937 0.547917 0.901563 0.547917 0.895312 0.552083 0.868750 0.552083 0.793750 0.550000 0.778125 0.545833 0.728125 0.539583 0.710938 0.539583 0.696875 0.535417 0.685937 0.533333 0.679688 0.535417
13 0.301563 0.385417 0.290625 0.387500 0.279687 0.391667 0.267188 0.400000 0.262500 0.404167 0.248438 0.422917 0.245312 0.429167 0.240625 0.441667 0.235937 0.460417 0.235937 0.497917 0.237500 0.506250 0.240625 0.514583 0.246875 0.531250 0.260937 0.550000 0.267188 0.556250 0.276562 0.562500 0.281250 0.564583 0.287500 0.566667 0.298438 0.568750 0.304688 0.568750 0.315625 0.566667 0.321875 0.564583 0.326562 0.562500 0.335938 0.556250 0.346875 0.545833 0.360938 0.527083 0.365625 0.518750 0.368750 0.512500 0.371875 0.502083 0.371875 0.458333 0.370312 0.452083 0.368750 0.445833 0.360938 0.427083 0.357812 0.420833 0.345313 0.404167 0.340625 0.400000 0.332813 0.393750 0.328125 0.391667 0.318750 0.387500 0.306250 0.385417 0.301563 0.385417
6 0.589063 0.254167 0.581250 0.260417 0.560937 0.281250 0.551562 0.287500 0.531250 0.306250 0.504687 0.333333 0.484375 0.352083 0.479687 0.356250 0.475000 0.358333 0.445312 0.385417 0.439063 0.393750 0.429688 0.400000 0.425000 0.404167 0.409375 0.418750 0.382812 0.445833 0.376563 0.450000 0.373437 0.454167 0.373437 0.500000 0.371875 0.506250 0.368750 0.516667 0.364063 0.527083 0.359375 0.535417 0.348438 0.550000 0.348438 0.554167 0.350000 0.558333 0.351562 0.562500 0.354687 0.568750 0.359375 0.575000 0.368750 0.597917 0.375000 0.606250 0.385937 0.631250 0.392188 0.639583 0.401562 0.627083 0.403125 0.620833 0.404687 0.618750 0.406250 0.618750 0.409375 0.616667 0.412500 0.618750 0.415625 0.620833 0.426563 0.635417 0.428125 0.639583 0.429688 0.643750 0.429688 0.664583 0.431250 0.668750 0.435937 0.677083 0.446875 0.693750 0.478125 0.737500 0.492188 0.754167 0.504687 0.772917 0.507812 0.781250 0.510938 0.785417 0.512500 0.785417 0.515625 0.789583 0.525000 0.804167 0.529687 0.808333 0.534375 0.812500 0.540625 0.816667 0.543750 0.816667 0.546875 0.814583 0.551562 0.810417 0.562500 0.800000 0.573438 0.789583 0.579688 0.781250 0.590625 0.770833 0.626563 0.739583 0.631250 0.733333 0.637500 0.729167 0.642188 0.725000 0.645312 0.720833 0.645312 0.712500 0.639062 0.702083 0.632812 0.691667 0.617188 0.670833 0.610938 0.658333 0.596875 0.637500 0.573438 0.602083 0.559375 0.581250 0.556250 0.577083 0.546875 0.577083 0.537500 0.581250 0.521875 0.587500 0.512500 0.591667 0.493750 0.602083 0.487500 0.604167 0.479687 0.602083 0.478125 0.597917 0.475000 0.585417 0.473438 0.572917 0.468750 0.560417 0.462500 0.533333 0.459375 0.512500 0.453125 0.495833 0.448437 0.475000 0.445312 0.460417 0.446875 0.445833 0.450000 0.445833 0.454688 0.441667 0.473438 0.433333 0.493750 0.427083 0.532813 0.408333 0.554688 0.400000 0.559375 0.400000 0.562500 0.404167 0.564063 0.408333 0.565625 0.412500 0.567187 0.418750 0.568750 0.431250 0.570312 0.437500 0.575000 0.450000 0.576562 0.456250 0.578125 0.462500 0.579688 0.477083 0.584375 0.495833 0.587500 0.506250 0.590625 0.514583 0.593750 0.514583 0.596875 0.512500 0.604688 0.504167 0.617188 0.489583 0.634375 0.466667 0.645312 0.456250 0.664062 0.433333 0.678125 0.414583 0.678125 0.410417 0.671875 0.400000 0.662500 0.379167 0.653125 0.364583 0.646875 0.350000 0.637500 0.335417 0.631250 0.320833 0.621875 0.306250 0.601562 0.264583 0.596875 0.256250 0.589063 0.254167
6 0.256250 0.402083 0.243750 0.404167 0.198437 0.402083 0.182812 0.402083 0.175000 0.410417 0.167187 0.414583 0.143750 0.435417 0.139063 0.441667 0.134375 0.443750 0.120313 0.456250 0.109375 0.468750 0.104688 0.472917 0.100000 0.475000 0.090625 0.485417 0.085938 0.489583 0.078125 0.493750 0.068750 0.504167 0.067187 0.504167 0.062500 0.508333 0.059375 0.512500 0.059375 0.518750 0.060937 0.522917 0.067187 0.531250 0.070312 0.537500 0.071875 0.543750 0.076563 0.552083 0.081250 0.560417 0.089063 0.570833 0.098437 0.589583 0.112500 0.610417 0.118750 0.620833 0.121875 0.629167 0.137500 0.652083 0.145313 0.668750 0.159375 0.689583 0.162500 0.697917 0.176563 0.718750 0.185938 0.735417 0.190625 0.743750 0.192188 0.750000 0.200000 0.760417 0.203125 0.768750 0.209375 0.777083 0.212500 0.779167 0.215625 0.779167 0.220312 0.777083 0.228125 0.772917 0.243750 0.772917 0.250000 0.775000 0.264062 0.781250 0.271875 0.785417 0.275000 0.787500 0.278125 0.789583 0.284375 0.797917 0.289062 0.810417 0.290625 0.816667 0.292187 0.822917 0.293750 0.850000 0.296875 0.850000 0.300000 0.847917 0.303125 0.845833 0.309375 0.837500 0.328125 0.820833 0.339062 0.810417 0.346875 0.800000 0.351562 0.795833 0.356250 0.793750 0.376563 0.772917 0.382812 0.762500 0.381250 0.758333 0.367188 0.739583 0.364063 0.737500 0.348438 0.729167 0.342187 0.720833 0.337500 0.712500 0.337500 0.708333 0.351562 0.689583 0.365625 0.672917 0.379688 0.656250 0.385937 0.652083 0.389062 0.645833 0.385937 0.639583 0.384375 0.633333 0.376563 0.616667 0.367188 0.602083 0.356250 0.581250 0.356250 0.577083 0.350000 0.566667 0.343750 0.558333 0.339062 0.558333 0.331250 0.564583 0.326562 0.566667 0.315625 0.570833 0.290625 0.570833 0.282813 0.568750 0.278125 0.566667 0.265625 0.558333 0.259375 0.552083 0.245312 0.533333 0.242188 0.527083 0.237500 0.514583 0.234375 0.504167 0.232813 0.495833 0.232813 0.462500 0.235937 0.447917 0.239063 0.437500 0.243750 0.425000 0.246875 0.418750 0.253125 0.412500 0.260937 0.402083 0.256250 0.402083
6 0.345313 0.247917 0.337500 0.252083 0.329688 0.260417 0.323437 0.268750 0.317188 0.272917 0.310937 0.281250 0.309375 0.287500 0.309375 0.308333 0.310937 0.318750 0.317188 0.327083 0.320312 0.329167 0.325000 0.329167 0.329688 0.333333 0.335938 0.335417 0.335938 0.337500 0.339062 0.339583 0.342187 0.343750 0.342187 0.358333 0.332813 0.370833 0.315625 0.368750 0.312500 0.366667 0.309375 0.362500 0.301563 0.360417 0.298438 0.358333 0.292187 0.366667 0.292187 0.368750 0.284375 0.377083 0.282813 0.383333 0.301563 0.381250 0.306250 0.381250 0.320312 0.383333 0.328125 0.387500 0.335938 0.391667 0.339062 0.393750 0.342187 0.395833 0.343750 0.397917 0.343750 0.400000 0.356250 0.412500 0.359375 0.416667 0.364063 0.431250 0.371875 0.443750 0.376563 0.445833 0.379688 0.443750 0.384375 0.439583 0.400000 0.425000 0.407813 0.414583 0.425000 0.402083 0.429688 0.395833 0.429688 0.389583 0.428125 0.385417 0.425000 0.379167 0.417187 0.364583 0.404687 0.341667 0.398438 0.333333 0.395313 0.325000 0.381250 0.300000 0.373437 0.289583 0.368750 0.277083 0.364063 0.268750 0.357812 0.258333 0.351562 0.250000 0.348438 0.247917 0.345313 0.247917
13 0.221875 0.779167 0.215625 0.783333 0.210938 0.785417 0.200000 0.797917 0.195312 0.804167 0.190625 0.812500 0.187500 0.818750 0.182812 0.831250 0.179688 0.841667 0.179688 0.872917 0.181250 0.879167 0.182812 0.885417 0.187500 0.897917 0.192188 0.904167 0.198437 0.910417 0.203125 0.914583 0.207813 0.918750 0.210938 0.920833 0.214062 0.922917 0.218750 0.925000 0.225000 0.927083 0.242188 0.927083 0.248438 0.925000 0.253125 0.922917 0.262500 0.916667 0.267188 0.912500 0.276562 0.900000 0.281250 0.889583 0.282813 0.885417 0.284375 0.881250 0.285938 0.868750 0.289062 0.864583 0.290625 0.858333 0.290625 0.825000 0.289062 0.818750 0.287500 0.812500 0.285938 0.808333 0.281250 0.802083 0.278125 0.795833 0.278125 0.793750 0.276562 0.791667 0.273438 0.789583 0.270313 0.787500 0.256250 0.781250 0.248438 0.779167 0.221875 0.779167
1 0.845313 0.000000 0.842187 0.004167 0.839063 0.008333 0.834375 0.020833 0.832812 0.027083 0.832812 0.033333 0.831250 0.039583 0.829688 0.043750 0.828125 0.045833 0.825000 0.047917 0.804688 0.060417 0.790625 0.070833 0.771875 0.087500 0.757812 0.095833 0.750000 0.104167 0.742188 0.108333 0.725000 0.122917 0.703125 0.143750 0.690625 0.154167 0.687500 0.156250 0.679688 0.160417 0.665625 0.166667 0.657813 0.164583 0.653125 0.166667 0.651563 0.170833 0.651563 0.179167 0.653125 0.181250 0.653125 0.191667 0.656250 0.206250 0.659375 0.218750 0.664062 0.237500 0.668750 0.252083 0.670312 0.256250 0.671875 0.260417 0.676562 0.266667 0.679688 0.266667 0.687500 0.258333 0.701562 0.250000 0.709375 0.243750 0.717187 0.237500 0.729688 0.225000 0.742188 0.214583 0.753125 0.206250 0.771875 0.193750 0.782813 0.185417 0.790625 0.177083 0.793750 0.177083 0.798438 0.172917 0.820312 0.152083 0.832812 0.143750 0.854688 0.125000 0.859375 0.120833 0.868750 0.110417 0.871875 0.108333 0.875000 0.106250 0.878125 0.106250 0.881250 0.104167 0.884375 0.102083 0.893750 0.089583 0.895312 0.085417 0.895312 0.066667 0.893750 0.060417 0.890625 0.050000 0.889062 0.045833 0.887500 0.041667 0.881250 0.027083 0.878125 0.020833 0.873437 0.014583 0.871875 0.008333 0.865625 0.000000 0.845313 0.000000
6 0.721875 0.370833 0.717187 0.375000 0.709375 0.383333 0.684375 0.414583 0.673438 0.425000 0.662500 0.437500 0.645312 0.460417 0.615625 0.493750 0.601562 0.510417 0.596875 0.516667 0.593750 0.522917 0.593750 0.529167 0.598437 0.545833 0.598437 0.554167 0.595313 0.558333 0.592187 0.560417 0.587500 0.562500 0.578125 0.564583 0.564063 0.570833 0.560937 0.575000 0.560937 0.579167 0.565625 0.587500 0.573438 0.600000 0.589063 0.620833 0.612500 0.656250 0.621875 0.672917 0.623437 0.675000 0.625000 0.675000 0.628125 0.679167 0.635938 0.693750 0.643750 0.706250 0.645312 0.708333 0.660937 0.729167 0.671875 0.745833 0.679688 0.760417 0.695312 0.783333 0.704688 0.795833 0.710938 0.793750 0.728125 0.768750 0.731250 0.764583 0.732812 0.764583 0.737500 0.758333 0.743750 0.754167 0.753125 0.747917 0.760938 0.743750 0.765625 0.741667 0.771875 0.739583 0.779687 0.737500 0.803125 0.737500 0.814063 0.741667 0.821875 0.743750 0.826562 0.741667 0.832812 0.735417 0.848437 0.714583 0.864062 0.695833 0.871875 0.687500 0.879687 0.679167 0.895312 0.666667 0.909375 0.647917 0.906250 0.645833 0.896875 0.643750 0.873437 0.641667 0.837500 0.639583 0.773438 0.639583 0.740625 0.635417 0.710938 0.633333 0.681250 0.635417 0.675000 0.631250 0.673438 0.627083 0.673438 0.589583 0.675000 0.572917 0.676562 0.566667 0.678125 0.562500 0.682813 0.554167 0.682813 0.545833 0.676562 0.537500 0.678125 0.531250 0.695312 0.531250 0.707812 0.535417 0.725000 0.537500 0.764062 0.539583 0.800000 0.545833 0.870313 0.547917 0.893750 0.547917 0.900000 0.545833 0.909375 0.541667 0.915625 0.537500 0.915625 0.531250 0.904687 0.518750 0.892188 0.497917 0.884375 0.487500 0.870313 0.470833 0.840625 0.427083 0.817187 0.395833 0.814063 0.393750 0.804688 0.397917 0.781250 0.397917 0.773438 0.395833 0.760938 0.389583 0.751563 0.389583 0.746875 0.387500 0.734375 0.379167 0.726562 0.370833 0.721875 0.370833
14 0.195312 0.164583 0.187500 0.166667 0.181250 0.168750 0.176563 0.170833 0.168750 0.175000 0.165625 0.177083 0.162500 0.179167 0.154688 0.185417 0.148438 0.191667 0.137500 0.206250 0.132812 0.214583 0.129688 0.220833 0.128125 0.229167 0.125000 0.233333 0.123438 0.237500 0.121875 0.243750 0.120313 0.252083 0.118750 0.262500 0.118750 0.295833 0.120313 0.306250 0.123438 0.320833 0.125000 0.325000 0.132812 0.343750 0.137500 0.352083 0.154688 0.375000 0.159375 0.377083 0.164062 0.383333 0.167187 0.385417 0.173437 0.387500 0.176563 0.391667 0.179688 0.393750 0.184375 0.395833 0.193750 0.397917 0.223438 0.400000 0.254688 0.400000 0.260937 0.397917 0.265625 0.395833 0.270313 0.391667 0.275000 0.387500 0.282813 0.379167 0.292187 0.364583 0.293750 0.362500 0.300000 0.356250 0.304688 0.358333 0.317188 0.364583 0.328125 0.366667 0.331250 0.366667 0.334375 0.364583 0.339062 0.358333 0.340625 0.352083 0.340625 0.347917 0.332813 0.337500 0.329688 0.335417 0.326562 0.335417 0.320312 0.329167 0.317188 0.327083 0.314063 0.327083 0.310937 0.325000 0.307812 0.318750 0.307812 0.275000 0.306250 0.266667 0.301563 0.252083 0.296875 0.241667 0.293750 0.235417 0.259375 0.189583 0.253125 0.183333 0.246875 0.179167 0.237500 0.172917 0.232813 0.170833 0.228125 0.168750 0.221875 0.166667 0.214062 0.164583 0.195312 0.164583
13 0.785937 0.741667 0.775000 0.743750 0.768750 0.745833 0.764062 0.747917 0.754687 0.754167 0.750000 0.754167 0.745313 0.756250 0.742188 0.758333 0.737500 0.762500 0.712500 0.795833 0.710938 0.800000 0.709375 0.806250 0.709375 0.877083 0.710938 0.889583 0.712500 0.895833 0.714063 0.902083 0.717187 0.910417 0.721875 0.922917 0.725000 0.929167 0.740625 0.950000 0.746875 0.956250 0.751563 0.960417 0.770312 0.972917 0.775000 0.975000 0.782813 0.977083 0.792188 0.979167 0.804688 0.979167 0.818750 0.977083 0.825000 0.975000 0.829688 0.972917 0.835938 0.968750 0.845313 0.962500 0.850000 0.956250 0.856250 0.952083 0.857812 0.950000 0.860938 0.945833 0.868750 0.933333 0.878125 0.914583 0.879687 0.910417 0.881250 0.904167 0.882812 0.897917 0.884375 0.889583 0.885938 0.875000 0.885938 0.858333 0.884375 0.839583 0.882812 0.831250 0.881250 0.825000 0.876563 0.810417 0.875000 0.806250 0.873437 0.802083 0.868750 0.793750 0.862500 0.783333 0.860938 0.781250 0.848437 0.766667 0.843750 0.762500 0.839063 0.758333 0.835938 0.756250 0.829688 0.754167 0.826562 0.750000 0.823438 0.747917 0.818750 0.745833 0.810937 0.743750 0.800000 0.741667 0.785937 0.741667
13 0.778125 0.208333 0.767188 0.212500 0.757812 0.218750 0.753125 0.222917 0.748437 0.227083 0.737500 0.241667 0.734375 0.247917 0.728125 0.262500 0.726562 0.268750 0.725000 0.275000 0.723437 0.283333 0.721875 0.300000 0.721875 0.345833 0.723437 0.354167 0.725000 0.360417 0.728125 0.366667 0.731250 0.370833 0.735938 0.375000 0.743750 0.381250 0.750000 0.383333 0.759375 0.383333 0.764062 0.385417 0.768750 0.389583 0.773438 0.391667 0.781250 0.393750 0.803125 0.393750 0.810937 0.391667 0.815625 0.389583 0.828125 0.381250 0.832812 0.377083 0.837500 0.372917 0.845313 0.364583 0.850000 0.356250 0.854688 0.347917 0.859375 0.335417 0.860938 0.329167 0.862500 0.322917 0.864062 0.308333 0.864062 0.289583 0.862500 0.277083 0.860938 0.270833 0.859375 0.264583 0.854688 0.252083 0.851562 0.245833 0.837500 0.227083 0.832812 0.222917 0.828125 0.218750 0.825000 0.216667 0.821875 0.214583 0.817187 0.212500 0.812500 0.210417 0.803125 0.208333 0.778125 0.208333
1 0.404687 0.625000 0.403125 0.631250 0.395313 0.645833 0.389062 0.654167 0.384375 0.656250 0.376563 0.664583 0.362500 0.681250 0.348438 0.697917 0.340625 0.708333 0.340625 0.712500 0.346875 0.722917 0.348438 0.725000 0.351562 0.727083 0.362500 0.731250 0.365625 0.733333 0.370312 0.737500 0.390625 0.764583 0.393750 0.772917 0.415625 0.804167 0.440625 0.837500 0.464062 0.870833 0.471875 0.883333 0.475000 0.893750 0.484375 0.908333 0.487500 0.914583 0.489063 0.918750 0.490625 0.925000 0.492188 0.937500 0.493750 0.943750 0.500000 0.952083 0.504687 0.956250 0.509375 0.958333 0.514062 0.954167 0.520312 0.947917 0.534375 0.929167 0.545312 0.912500 0.548438 0.906250 0.551562 0.895833 0.556250 0.889583 0.560937 0.887500 0.573438 0.870833 0.578125 0.866667 0.579688 0.866667 0.581250 0.860417 0.579688 0.856250 0.571875 0.847917 0.567187 0.843750 0.564063 0.841667 0.556250 0.839583 0.553125 0.837500 0.550000 0.835417 0.542188 0.825000 0.539062 0.822917 0.532813 0.820833 0.510938 0.791667 0.500000 0.772917 0.484375 0.750000 0.454688 0.710417 0.440625 0.689583 0.428125 0.670833 0.426563 0.666667 0.428125 0.647917 0.425000 0.641667 0.423438 0.635417 0.417187 0.627083 0.412500 0.622917 0.409375 0.620833 0.404687 0.625000
