3 0.514062 0.741667 0.512500 0.743750 0.509375 0.743750 0.507812 0.747917 0.506250 0.754167 0.504687 0.768750 0.504687 0.772917 0.507812 0.779167 0.504687 0.783333 0.507812 0.787500 0.510938 0.789583 0.529687 0.797917 0.540625 0.800000 0.550000 0.804167 0.559375 0.810417 0.564063 0.812500 0.575000 0.812500 0.592187 0.818750 0.609375 0.816667 0.612500 0.814583 0.625000 0.800000 0.629687 0.800000 0.631250 0.797917 0.634375 0.797917 0.648438 0.802083 0.671875 0.802083 0.684375 0.804167 0.704688 0.810417 0.715625 0.810417 0.732812 0.814583 0.754687 0.822917 0.776563 0.827083 0.784375 0.829167 0.796875 0.835417 0.803125 0.835417 0.809375 0.837500 0.815625 0.839583 0.853125 0.854167 0.860938 0.854167 0.864062 0.850000 0.865625 0.835417 0.865625 0.829167 0.864062 0.820833 0.862500 0.816667 0.860938 0.814583 0.857812 0.812500 0.845313 0.810417 0.834375 0.812500 0.804688 0.810417 0.773438 0.806250 0.757812 0.804167 0.743750 0.800000 0.714063 0.797917 0.690625 0.793750 0.679688 0.791667 0.662500 0.785417 0.650000 0.783333 0.635938 0.783333 0.632812 0.781250 0.629687 0.779167 0.618750 0.764583 0.614062 0.760417 0.610938 0.758333 0.606250 0.756250 0.592187 0.752083 0.582812 0.750000 0.562500 0.750000 0.550000 0.747917 0.537500 0.743750 0.520312 0.741667 0.514062 0.741667
0 0.376563 0.602083 0.375000 0.604167 0.371875 0.604167 0.370312 0.608333 0.368750 0.614583 0.368750 0.622917 0.364063 0.641667 0.359375 0.654167 0.356250 0.658333 0.356250 0.660417 0.354687 0.662500 0.351562 0.664583 0.337500 0.664583 0.328125 0.668750 0.326562 0.672917 0.326562 0.685417 0.331250 0.691667 0.331250 0.697917 0.334375 0.702083 0.335938 0.702083 0.340625 0.710417 0.346875 0.714583 0.351562 0.714583 0.354687 0.716667 0.357812 0.718750 0.362500 0.725000 0.365625 0.727083 0.368750 0.729167 0.376563 0.731250 0.389062 0.731250 0.393750 0.729167 0.396875 0.727083 0.404687 0.716667 0.409375 0.712500 0.418750 0.706250 0.423438 0.702083 0.426563 0.697917 0.428125 0.693750 0.429688 0.689583 0.429688 0.677083 0.428125 0.672917 0.426563 0.668750 0.421875 0.662500 0.404687 0.662500 0.401562 0.658333 0.400000 0.650000 0.398438 0.643750 0.395313 0.627083 0.393750 0.612500 0.390625 0.602083 0.376563 0.602083
19 0.506250 0.345833 0.500000 0.347917 0.496875 0.352083 0.490625 0.352083 0.487500 0.354167 0.482812 0.358333 0.468750 0.377083 0.467187 0.381250 0.462500 0.397917 0.460938 0.406250 0.459375 0.418750 0.459375 0.435417 0.460938 0.443750 0.462500 0.450000 0.464062 0.456250 0.467187 0.462500 0.473438 0.472917 0.473438 0.475000 0.475000 0.477083 0.481250 0.483333 0.485938 0.487500 0.490625 0.491667 0.495312 0.493750 0.504687 0.497917 0.512500 0.500000 0.525000 0.500000 0.535937 0.495833 0.548438 0.487500 0.553125 0.483333 0.565625 0.466667 0.568750 0.460417 0.573438 0.447917 0.575000 0.435417 0.575000 0.416667 0.573438 0.402083 0.571875 0.395833 0.565625 0.379167 0.557813 0.366667 0.550000 0.358333 0.545312 0.354167 0.542188 0.352083 0.539062 0.350000 0.534375 0.347917 0.528125 0.345833 0.506250 0.345833
1 0.548438 0.170833 0.542188 0.172917 0.537500 0.175000 0.525000 0.183333 0.520312 0.187500 0.515625 0.191667 0.506250 0.204167 0.501563 0.208333 0.495312 0.212500 0.489063 0.214583 0.485938 0.218750 0.478125 0.220833 0.471875 0.225000 0.471875 0.229167 0.470313 0.231250 0.470313 0.235417 0.471875 0.241667 0.478125 0.250000 0.482812 0.252083 0.490625 0.262500 0.493750 0.262500 0.496875 0.266667 0.504687 0.279167 0.514062 0.297917 0.517188 0.306250 0.525000 0.331250 0.528125 0.337500 0.531250 0.341667 0.535937 0.345833 0.539062 0.345833 0.546875 0.352083 0.551562 0.356250 0.565625 0.375000 0.568750 0.381250 0.573438 0.393750 0.575000 0.400000 0.576562 0.408333 0.576562 0.460417 0.578125 0.470833 0.581250 0.485417 0.582812 0.489583 0.595313 0.506250 0.598437 0.506250 0.615625 0.485417 0.617188 0.481250 0.620313 0.479167 0.629687 0.477083 0.639062 0.470833 0.664062 0.452083 0.667188 0.450000 0.673438 0.447917 0.678125 0.443750 0.679688 0.437500 0.678125 0.433333 0.676562 0.429167 0.668750 0.418750 0.664062 0.414583 0.662500 0.414583 0.660937 0.404167 0.657813 0.400000 0.651563 0.397917 0.645312 0.389583 0.642188 0.381250 0.634375 0.358333 0.623437 0.335417 0.618750 0.329167 0.609375 0.310417 0.601562 0.293750 0.598437 0.287500 0.595313 0.275000 0.590625 0.266667 0.589063 0.262500 0.587500 0.258333 0.585938 0.252083 0.584375 0.245833 0.584375 0.222917 0.579688 0.212500 0.571875 0.202083 0.571875 0.177083 0.567187 0.170833 0.548438 0.170833
21 0.220312 0.712500 0.215625 0.714583 0.210938 0.716667 0.207813 0.718750 0.196875 0.733333 0.195312 0.737500 0.193750 0.741667 0.192188 0.747917 0.192188 0.847917 0.193750 0.875000 0.198437 0.887500 0.206250 0.897917 0.209375 0.900000 0.212500 0.902083 0.218750 0.902083 0.220312 0.904167 0.225000 0.904167 0.231250 0.902083 0.235937 0.900000 0.240625 0.895833 0.245312 0.889583 0.250000 0.881250 0.251563 0.877083 0.253125 0.872917 0.254688 0.866667 0.254688 0.777083 0.253125 0.745833 0.251563 0.737500 0.250000 0.733333 0.243750 0.722917 0.240625 0.718750 0.237500 0.716667 0.234375 0.714583 0.229687 0.712500 0.220312 0.712500
12 0.668750 0.156250 0.660937 0.158333 0.654687 0.160417 0.650000 0.162500 0.637500 0.170833 0.632812 0.175000 0.628125 0.179167 0.623437 0.185417 0.618750 0.193750 0.614062 0.202083 0.610938 0.210417 0.606250 0.222917 0.604688 0.229167 0.603125 0.237500 0.603125 0.279167 0.607812 0.297917 0.609375 0.302083 0.614062 0.312500 0.625000 0.329167 0.625000 0.331250 0.628125 0.335417 0.632812 0.339583 0.640625 0.345833 0.648438 0.350000 0.653125 0.352083 0.659375 0.354167 0.685937 0.354167 0.696875 0.350000 0.704688 0.345833 0.710938 0.341667 0.720313 0.335417 0.726562 0.327083 0.732812 0.316667 0.735938 0.308333 0.740625 0.297917 0.742188 0.293750 0.743750 0.287500 0.745313 0.281250 0.746875 0.272917 0.748437 0.264583 0.748437 0.245833 0.746875 0.233333 0.745313 0.225000 0.743750 0.218750 0.742188 0.212500 0.737500 0.202083 0.734375 0.195833 0.720313 0.177083 0.712500 0.170833 0.700000 0.162500 0.695312 0.160417 0.689063 0.158333 0.679688 0.156250 0.668750 0.156250
0 0.462500 0.583333 0.460938 0.587500 0.460938 0.602083 0.462500 0.633333 0.459375 0.637500 0.456250 0.637500 0.453125 0.635417 0.450000 0.631250 0.446875 0.631250 0.443750 0.633333 0.437500 0.641667 0.435937 0.645833 0.435937 0.656250 0.440625 0.662500 0.440625 0.668750 0.443750 0.677083 0.446875 0.679167 0.451562 0.679167 0.454688 0.681250 0.456250 0.683333 0.456250 0.685417 0.464062 0.687500 0.467187 0.689583 0.471875 0.695833 0.476562 0.697917 0.489063 0.700000 0.500000 0.697917 0.504687 0.695833 0.518750 0.677083 0.521875 0.670833 0.523438 0.666667 0.525000 0.660417 0.526563 0.652083 0.528125 0.643750 0.528125 0.635417 0.523438 0.622917 0.520312 0.618750 0.517188 0.616667 0.514062 0.614583 0.504687 0.612500 0.500000 0.612500 0.498437 0.614583 0.492188 0.614583 0.489063 0.610417 0.489063 0.602083 0.485938 0.593750 0.479687 0.587500 0.471875 0.581250 0.462500 0.583333
0 0.353125 0.395833 0.342187 0.397917 0.335938 0.400000 0.329688 0.402083 0.312500 0.408333 0.293750 0.416667 0.290625 0.418750 0.285938 0.422917 0.285938 0.433333 0.287500 0.439583 0.292187 0.447917 0.298438 0.456250 0.301563 0.462500 0.301563 0.464583 0.303125 0.466667 0.304688 0.466667 0.307812 0.470833 0.312500 0.472917 0.320312 0.475000 0.346875 0.477083 0.354687 0.477083 0.364063 0.470833 0.370312 0.464583 0.375000 0.458333 0.379688 0.445833 0.381250 0.437500 0.381250 0.422917 0.379688 0.418750 0.378125 0.414583 0.371875 0.404167 0.368750 0.400000 0.365625 0.397917 0.353125 0.395833
0 0.278125 0.429167 0.275000 0.431250 0.271875 0.437500 0.268750 0.443750 0.262500 0.458333 0.259375 0.468750 0.254688 0.483333 0.254688 0.497917 0.256250 0.506250 0.257812 0.510417 0.259375 0.514583 0.264062 0.516667 0.265625 0.514583 0.270313 0.514583 0.285938 0.508333 0.295312 0.502083 0.300000 0.495833 0.315625 0.485417 0.318750 0.481250 0.320312 0.481250 0.320312 0.475000 0.314063 0.475000 0.309375 0.472917 0.306250 0.470833 0.298438 0.460417 0.293750 0.452083 0.287500 0.441667 0.285938 0.435417 0.284375 0.431250 0.278125 0.429167
0 0.207813 0.389583 0.198437 0.400000 0.196875 0.402083 0.195312 0.406250 0.193750 0.410417 0.192188 0.416667 0.192188 0.429167 0.196875 0.435417 0.196875 0.437500 0.200000 0.441667 0.206250 0.450000 0.231250 0.481250 0.237500 0.487500 0.242188 0.489583 0.253125 0.485417 0.254688 0.481250 0.256250 0.477083 0.257812 0.466667 0.264062 0.452083 0.264062 0.441667 0.262500 0.431250 0.259375 0.422917 0.256250 0.420833 0.253125 0.420833 0.228125 0.404167 0.220312 0.397917 0.214062 0.389583 0.207813 0.389583
0 0.248438 0.320833 0.239063 0.325000 0.231250 0.331250 0.223438 0.335417 0.214062 0.337500 0.207813 0.341667 0.204687 0.345833 0.204687 0.372917 0.206250 0.377083 0.220312 0.395833 0.225000 0.400000 0.239063 0.410417 0.248438 0.416667 0.253125 0.418750 0.257812 0.420833 0.268750 0.425000 0.276562 0.427083 0.284375 0.425000 0.287500 0.420833 0.289062 0.381250 0.287500 0.377083 0.285938 0.372917 0.273438 0.350000 0.262500 0.331250 0.257812 0.325000 0.251563 0.320833 0.248438 0.320833
0 0.245312 0.233333 0.235937 0.239583 0.231250 0.243750 0.226562 0.247917 0.223438 0.252083 0.214062 0.266667 0.209375 0.277083 0.196875 0.293750 0.192188 0.302083 0.190625 0.308333 0.190625 0.316667 0.192188 0.322917 0.193750 0.327083 0.195312 0.331250 0.201563 0.339583 0.207813 0.339583 0.214062 0.337500 0.218750 0.335417 0.231250 0.329167 0.251563 0.318750 0.254688 0.314583 0.254688 0.312500 0.262500 0.304167 0.265625 0.297917 0.265625 0.277083 0.264062 0.268750 0.262500 0.260417 0.259375 0.245833 0.256250 0.237500 0.253125 0.233333 0.245312 0.233333
0 0.285938 0.191667 0.281250 0.193750 0.278125 0.197917 0.275000 0.204167 0.273438 0.208333 0.271875 0.212500 0.270313 0.218750 0.268750 0.227083 0.267188 0.239583 0.267188 0.264583 0.268750 0.279167 0.270313 0.293750 0.271875 0.300000 0.275000 0.306250 0.276562 0.312500 0.278125 0.331250 0.281250 0.341667 0.287500 0.362500 0.292187 0.375000 0.309375 0.397917 0.317188 0.404167 0.320312 0.404167 0.321875 0.402083 0.339062 0.397917 0.342187 0.395833 0.343750 0.375000 0.339062 0.352083 0.337500 0.345833 0.332813 0.335417 0.325000 0.308333 0.323437 0.300000 0.320312 0.281250 0.318750 0.270833 0.317188 0.258333 0.317188 0.245833 0.315625 0.235417 0.314063 0.225000 0.312500 0.216667 0.309375 0.206250 0.303125 0.197917 0.300000 0.195833 0.296875 0.193750 0.289062 0.191667 0.285938 0.191667
0 0.339062 0.204167 0.335938 0.206250 0.334375 0.208333 0.332813 0.212500 0.329688 0.220833 0.328125 0.229167 0.326562 0.243750 0.326562 0.270833 0.328125 0.277083 0.331250 0.283333 0.332813 0.291667 0.334375 0.308333 0.335938 0.314583 0.340625 0.322917 0.343750 0.331250 0.343750 0.337500 0.346875 0.347917 0.351562 0.358333 0.359375 0.375000 0.362500 0.381250 0.367188 0.389583 0.375000 0.397917 0.379688 0.402083 0.387500 0.408333 0.393750 0.410417 0.403125 0.410417 0.407813 0.408333 0.410938 0.406250 0.414062 0.402083 0.415625 0.397917 0.417187 0.391667 0.417187 0.383333 0.415625 0.377083 0.409375 0.358333 0.407813 0.354167 0.406250 0.350000 0.401562 0.343750 0.395313 0.325000 0.389062 0.314583 0.387500 0.310417 0.385937 0.295833 0.381250 0.285417 0.378125 0.270833 0.376563 0.254167 0.373437 0.239583 0.371875 0.233333 0.370312 0.227083 0.365625 0.214583 0.362500 0.210417 0.357812 0.206250 0.354687 0.204167 0.339062 0.204167
0 0.456250 0.787500 0.446875 0.791667 0.446875 0.793750 0.445312 0.795833 0.442188 0.797917 0.423438 0.795833 0.418750 0.795833 0.412500 0.797917 0.409375 0.800000 0.406250 0.802083 0.401562 0.806250 0.396875 0.810417 0.387500 0.822917 0.384375 0.829167 0.382812 0.833333 0.381250 0.841667 0.381250 0.852083 0.382812 0.858333 0.384375 0.862500 0.387500 0.868750 0.395313 0.877083 0.403125 0.879167 0.406250 0.877083 0.409375 0.872917 0.412500 0.872917 0.417187 0.875000 0.428125 0.881250 0.440625 0.881250 0.445312 0.879167 0.456250 0.872917 0.459375 0.870833 0.465625 0.862500 0.470313 0.862500 0.476562 0.856250 0.482812 0.847917 0.484375 0.843750 0.485938 0.839583 0.487500 0.818750 0.485938 0.812500 0.481250 0.800000 0.478125 0.795833 0.475000 0.795833 0.471875 0.791667 0.468750 0.789583 0.462500 0.787500 0.456250 0.787500
6 0.664062 0.806250 0.662500 0.810417 0.660937 0.816667 0.659375 0.827083 0.657813 0.839583 0.657813 0.852083 0.654687 0.864583 0.651563 0.891667 0.650000 0.906250 0.650000 0.925000 0.648438 0.939583 0.645312 0.952083 0.645312 0.960417 0.648438 0.962500 0.653125 0.962500 0.657813 0.964583 0.662500 0.970833 0.667188 0.972917 0.673438 0.972917 0.679688 0.977083 0.685937 0.979167 0.703125 0.981250 0.710938 0.983333 0.718750 0.985417 0.726562 0.989583 0.734375 0.991667 0.750000 0.993750 0.754687 0.997917 0.826562 0.997917 0.828125 0.993750 0.829688 0.981250 0.829688 0.960417 0.832812 0.943750 0.834375 0.920833 0.837500 0.875000 0.835938 0.852083 0.832812 0.850000 0.828125 0.847917 0.823438 0.845833 0.810937 0.841667 0.792188 0.835417 0.770312 0.831250 0.728125 0.816667 0.718750 0.814583 0.709375 0.812500 0.675000 0.806250 0.664062 0.806250
6 0.679688 0.693750 0.678125 0.697917 0.678125 0.708333 0.675000 0.720833 0.673438 0.743750 0.668750 0.766667 0.667188 0.777083 0.667188 0.781250 0.670312 0.785417 0.676562 0.787500 0.685937 0.789583 0.695312 0.791667 0.707812 0.793750 0.721875 0.795833 0.735938 0.797917 0.751563 0.797917 0.765625 0.802083 0.781250 0.802083 0.796875 0.806250 0.818750 0.808333 0.842187 0.808333 0.845313 0.804167 0.845313 0.800000 0.840625 0.793750 0.834375 0.789583 0.821875 0.781250 0.784375 0.758333 0.756250 0.737500 0.735938 0.727083 0.720313 0.716667 0.717187 0.712500 0.684375 0.691667 0.679688 0.693750
6 0.743750 0.510417 0.740625 0.512500 0.732812 0.520833 0.714063 0.533333 0.709375 0.533333 0.703125 0.537500 0.701562 0.543750 0.700000 0.552083 0.696875 0.572917 0.690625 0.614583 0.689063 0.627083 0.689063 0.637500 0.690625 0.641667 0.700000 0.660417 0.704688 0.668750 0.710938 0.677083 0.717187 0.683333 0.720313 0.685417 0.726562 0.687500 0.742188 0.700000 0.756250 0.706250 0.782813 0.725000 0.793750 0.729167 0.796875 0.733333 0.814063 0.741667 0.831250 0.754167 0.842187 0.760417 0.845313 0.760417 0.850000 0.760417 0.851562 0.756250 0.853125 0.750000 0.854688 0.739583 0.854688 0.729167 0.857812 0.716667 0.856250 0.706250 0.853125 0.704167 0.848437 0.702083 0.835938 0.697917 0.825000 0.695833 0.807813 0.687500 0.801562 0.685417 0.793750 0.685417 0.762500 0.672917 0.756250 0.670833 0.753125 0.668750 0.750000 0.664583 0.750000 0.658333 0.751563 0.656250 0.751563 0.647917 0.762500 0.597917 0.765625 0.570833 0.767188 0.562500 0.773438 0.539583 0.775000 0.525000 0.776563 0.522917 0.775000 0.516667 0.770312 0.514583 0.762500 0.512500 0.754687 0.510417 0.743750 0.510417
5 0.589063 0.610417 0.585938 0.616667 0.587500 0.620833 0.592187 0.625000 0.606250 0.633333 0.617188 0.643750 0.643750 0.662500 0.676562 0.685417 0.679688 0.687500 0.682813 0.689583 0.728125 0.716667 0.731250 0.718750 0.734375 0.722917 0.737500 0.725000 0.770312 0.743750 0.782813 0.754167 0.856250 0.802083 0.860938 0.804167 0.870313 0.804167 0.873437 0.804167 0.876563 0.802083 0.878125 0.797917 0.878125 0.793750 0.876563 0.789583 0.870313 0.781250 0.864062 0.775000 0.854688 0.768750 0.832812 0.758333 0.815625 0.745833 0.787500 0.731250 0.760938 0.712500 0.746875 0.706250 0.715625 0.685417 0.709375 0.679167 0.704688 0.672917 0.700000 0.664583 0.696875 0.656250 0.692187 0.647917 0.684375 0.637500 0.671875 0.629167 0.664062 0.625000 0.650000 0.618750 0.643750 0.616667 0.637500 0.614583 0.629687 0.612500 0.617188 0.610417 0.589063 0.610417
0 0.442188 0.679167 0.435937 0.681250 0.432812 0.683333 0.431250 0.687500 0.429688 0.693750 0.429688 0.704167 0.428125 0.708333 0.425000 0.712500 0.420312 0.714583 0.415625 0.714583 0.410938 0.716667 0.406250 0.720833 0.400000 0.727083 0.395313 0.733333 0.393750 0.741667 0.393750 0.752083 0.395313 0.760417 0.400000 0.768750 0.407813 0.779167 0.414062 0.779167 0.418750 0.775000 0.421875 0.775000 0.426563 0.777083 0.432812 0.783333 0.439063 0.785417 0.459375 0.785417 0.464062 0.783333 0.468750 0.779167 0.478125 0.766667 0.484375 0.764583 0.492188 0.754167 0.493750 0.750000 0.495312 0.745833 0.495312 0.735417 0.496875 0.727083 0.498437 0.725000 0.498437 0.720833 0.493750 0.708333 0.490625 0.704167 0.487500 0.702083 0.479687 0.702083 0.471875 0.697917 0.462500 0.700000 0.457813 0.693750 0.454688 0.683333 0.451562 0.683333 0.450000 0.681250 0.442188 0.679167
0 0.415625 0.572917 0.409375 0.575000 0.403125 0.579167 0.401562 0.583333 0.400000 0.589583 0.398438 0.595833 0.398438 0.618750 0.400000 0.627083 0.401562 0.635417 0.403125 0.639583 0.406250 0.645833 0.415625 0.658333 0.421875 0.660417 0.431250 0.660417 0.434375 0.656250 0.434375 0.645833 0.435937 0.641667 0.440625 0.633333 0.442188 0.631250 0.445312 0.629167 0.450000 0.629167 0.454688 0.622917 0.457813 0.622917 0.460938 0.618750 0.460938 0.608333 0.457813 0.595833 0.450000 0.593750 0.432812 0.595833 0.428125 0.589583 0.418750 0.575000 0.415625 0.572917
8 0.901563 0.329167 0.873437 0.337500 0.857812 0.343750 0.853125 0.345833 0.846875 0.352083 0.843750 0.354167 0.839063 0.354167 0.835938 0.358333 0.829688 0.360417 0.826562 0.362500 0.815625 0.370833 0.807813 0.377083 0.803125 0.381250 0.795312 0.391667 0.793750 0.397917 0.790625 0.410417 0.784375 0.433333 0.784375 0.452083 0.785937 0.456250 0.790625 0.466667 0.795312 0.475000 0.806250 0.487500 0.806250 0.489583 0.809375 0.493750 0.812500 0.495833 0.820312 0.500000 0.826562 0.502083 0.843750 0.504167 0.893750 0.504167 0.910937 0.502083 0.923438 0.500000 0.932813 0.497917 0.937500 0.493750 0.942187 0.493750 0.951562 0.487500 0.956250 0.483333 0.968750 0.466667 0.975000 0.456250 0.978125 0.447917 0.979688 0.439583 0.984375 0.433333 0.984375 0.402083 0.981250 0.387500 0.976562 0.375000 0.973437 0.368750 0.970313 0.362500 0.960938 0.350000 0.953125 0.341667 0.948438 0.337500 0.945312 0.335417 0.934375 0.333333 0.929688 0.329167 0.901563 0.329167
22 0.207813 0.525000 0.204687 0.527083 0.201563 0.531250 0.200000 0.545833 0.196875 0.545833 0.195312 0.547917 0.192188 0.550000 0.193750 0.566667 0.196875 0.585417 0.198437 0.593750 0.204687 0.616667 0.209375 0.647917 0.212500 0.656250 0.212500 0.662500 0.214062 0.666667 0.220312 0.666667 0.237500 0.660417 0.243750 0.656250 0.250000 0.654167 0.250000 0.645833 0.246875 0.629167 0.242188 0.612500 0.240625 0.595833 0.239063 0.587500 0.234375 0.564583 0.232813 0.558333 0.231250 0.552083 0.228125 0.545833 0.226562 0.533333 0.225000 0.529167 0.221875 0.525000 0.207813 0.525000
0 0.706250 0.087500 0.701562 0.093750 0.698438 0.093750 0.693750 0.100000 0.693750 0.114583 0.690625 0.125000 0.690625 0.152083 0.693750 0.156250 0.700000 0.158333 0.703125 0.160417 0.714063 0.168750 0.718750 0.172917 0.725000 0.179167 0.734375 0.191667 0.737500 0.197917 0.742188 0.208333 0.743750 0.212500 0.748437 0.231250 0.750000 0.241667 0.750000 0.266667 0.748437 0.275000 0.743750 0.293750 0.740625 0.302083 0.735938 0.314583 0.729688 0.325000 0.728125 0.343750 0.728125 0.362500 0.726562 0.370833 0.723437 0.379167 0.723437 0.387500 0.721875 0.393750 0.720313 0.402083 0.712500 0.420833 0.709375 0.427083 0.704688 0.433333 0.703125 0.439583 0.679688 0.470833 0.673438 0.477083 0.668750 0.481250 0.656250 0.491667 0.653125 0.493750 0.648438 0.495833 0.642188 0.497917 0.635938 0.500000 0.626563 0.500000 0.621875 0.502083 0.617188 0.504167 0.614062 0.506250 0.610938 0.510417 0.610938 0.516667 0.621875 0.531250 0.643750 0.531250 0.673438 0.529167 0.701562 0.533333 0.712500 0.533333 0.723437 0.529167 0.726562 0.527083 0.731250 0.522917 0.735938 0.518750 0.742188 0.512500 0.748437 0.504167 0.762500 0.483333 0.765625 0.475000 0.771875 0.466667 0.771875 0.462500 0.776563 0.456250 0.778125 0.452083 0.779687 0.447917 0.781250 0.441667 0.781250 0.431250 0.784375 0.420833 0.787500 0.412500 0.790625 0.393750 0.795312 0.383333 0.796875 0.372917 0.796875 0.316667 0.792188 0.293750 0.792188 0.281250 0.790625 0.268750 0.789062 0.258333 0.787500 0.250000 0.784375 0.243750 0.784375 0.229167 0.779687 0.208333 0.778125 0.202083 0.776563 0.195833 0.768750 0.183333 0.767188 0.175000 0.762500 0.166667 0.760938 0.154167 0.759375 0.147917 0.756250 0.141667 0.750000 0.133333 0.750000 0.129167 0.746875 0.122917 0.742188 0.114583 0.732812 0.102083 0.725000 0.095833 0.712500 0.087500 0.706250 0.087500
0 0.345313 0.727083 0.340625 0.729167 0.334375 0.737500 0.332813 0.741667 0.332813 0.752083 0.328125 0.764583 0.326562 0.770833 0.326562 0.777083 0.328125 0.783333 0.331250 0.789583 0.331250 0.795833 0.332813 0.802083 0.334375 0.806250 0.335938 0.810417 0.353125 0.833333 0.356250 0.835417 0.364063 0.837500 0.371875 0.837500 0.373437 0.835417 0.379688 0.835417 0.381250 0.829167 0.385937 0.820833 0.398438 0.804167 0.409375 0.795833 0.409375 0.789583 0.407813 0.783333 0.398438 0.772917 0.393750 0.766667 0.392188 0.756250 0.390625 0.745833 0.392188 0.737500 0.389062 0.733333 0.381250 0.733333 0.378125 0.735417 0.375000 0.737500 0.367188 0.743750 0.362500 0.747917 0.356250 0.739583 0.354687 0.733333 0.350000 0.727083 0.345313 0.727083
