0 0.237500 0.664583 0.231250 0.668750 0.229687 0.672917 0.229687 0.675000 0.223438 0.689583 0.217188 0.697917 0.214062 0.700000 0.207813 0.702083 0.204687 0.704167 0.203125 0.706250 0.203125 0.708333 0.200000 0.712500 0.198437 0.716667 0.193750 0.731250 0.192188 0.737500 0.190625 0.745833 0.189062 0.756250 0.189062 0.768750 0.192188 0.777083 0.200000 0.785417 0.220312 0.785417 0.225000 0.783333 0.228125 0.779167 0.229687 0.772917 0.229687 0.766667 0.231250 0.762500 0.237500 0.754167 0.239063 0.747917 0.243750 0.741667 0.243750 0.737500 0.246875 0.733333 0.246875 0.731250 0.248438 0.729167 0.251563 0.727083 0.259375 0.727083 0.259375 0.722917 0.256250 0.716667 0.251563 0.708333 0.250000 0.704167 0.250000 0.689583 0.248438 0.679167 0.246875 0.672917 0.245312 0.664583 0.237500 0.664583
5 0.814063 0.356250 0.809375 0.362500 0.807813 0.377083 0.809375 0.427083 0.807813 0.470833 0.804688 0.502083 0.804688 0.516667 0.806250 0.558333 0.809375 0.602083 0.810937 0.650000 0.810937 0.702083 0.812500 0.745833 0.814063 0.783333 0.815625 0.812500 0.817187 0.829167 0.818750 0.843750 0.820312 0.860417 0.821875 0.870833 0.825000 0.877083 0.831250 0.877083 0.835938 0.875000 0.840625 0.872917 0.850000 0.866667 0.854688 0.862500 0.857812 0.856250 0.857812 0.831250 0.856250 0.816667 0.854688 0.804167 0.851562 0.791667 0.850000 0.779167 0.848437 0.762500 0.846875 0.714583 0.845313 0.695833 0.843750 0.681250 0.839063 0.656250 0.837500 0.643750 0.837500 0.631250 0.834375 0.616667 0.834375 0.606250 0.835938 0.602083 0.837500 0.600000 0.839063 0.600000 0.842187 0.595833 0.842187 0.579167 0.839063 0.562500 0.837500 0.535417 0.835938 0.506250 0.834375 0.443750 0.832812 0.412500 0.831250 0.400000 0.829688 0.389583 0.828125 0.379167 0.826562 0.370833 0.825000 0.364583 0.821875 0.356250 0.818750 0.354167 0.814063 0.356250
3 0.775000 0.381250 0.770312 0.387500 0.767188 0.383333 0.764062 0.387500 0.762500 0.395833 0.760938 0.410417 0.759375 0.425000 0.757812 0.458333 0.757812 0.495833 0.759375 0.506250 0.760938 0.512500 0.762500 0.518750 0.765625 0.525000 0.771875 0.533333 0.775000 0.539583 0.776563 0.543750 0.778125 0.547917 0.776563 0.689583 0.776563 0.739583 0.778125 0.783333 0.779687 0.810417 0.781250 0.829167 0.784375 0.839583 0.784375 0.856250 0.785937 0.868750 0.787500 0.872917 0.789062 0.877083 0.804688 0.879167 0.807813 0.875000 0.807813 0.833333 0.806250 0.762500 0.804688 0.718750 0.803125 0.687500 0.801562 0.662500 0.800000 0.637500 0.796875 0.593750 0.793750 0.572917 0.793750 0.543750 0.795312 0.535417 0.801562 0.518750 0.803125 0.508333 0.803125 0.489583 0.801562 0.435417 0.801562 0.431250 0.798438 0.381250 0.792188 0.383333 0.790625 0.381250 0.785937 0.381250 0.784375 0.383333 0.781250 0.383333 0.779687 0.381250 0.775000 0.381250
17 0.239063 0.147917 0.234375 0.152083 0.229687 0.158333 0.228125 0.162500 0.228125 0.183333 0.231250 0.187500 0.231250 0.193750 0.215625 0.214583 0.214062 0.220833 0.215625 0.227083 0.214062 0.233333 0.214062 0.239583 0.214062 0.243750 0.215625 0.247917 0.218750 0.250000 0.231250 0.252083 0.232813 0.256250 0.231250 0.262500 0.232813 0.268750 0.235937 0.272917 0.235937 0.277083 0.234375 0.281250 0.231250 0.287500 0.223438 0.297917 0.218750 0.308333 0.206250 0.325000 0.201563 0.335417 0.193750 0.345833 0.189062 0.354167 0.187500 0.358333 0.189062 0.368750 0.193750 0.368750 0.200000 0.360417 0.209375 0.345833 0.215625 0.331250 0.225000 0.316667 0.237500 0.300000 0.246875 0.283333 0.259375 0.264583 0.262500 0.260417 0.264062 0.260417 0.267188 0.256250 0.268750 0.266667 0.267188 0.272917 0.264062 0.277083 0.262500 0.281250 0.262500 0.287500 0.267188 0.289583 0.278125 0.295833 0.285938 0.295833 0.285938 0.289583 0.287500 0.281250 0.289062 0.277083 0.290625 0.272917 0.295312 0.266667 0.304688 0.266667 0.307812 0.268750 0.309375 0.270833 0.309375 0.272917 0.312500 0.277083 0.314063 0.283333 0.314063 0.289583 0.318750 0.304167 0.321875 0.314583 0.325000 0.318750 0.328125 0.329167 0.329688 0.339583 0.337500 0.360417 0.340625 0.364583 0.345313 0.364583 0.348438 0.360417 0.348438 0.350000 0.346875 0.343750 0.345313 0.337500 0.335938 0.312500 0.334375 0.306250 0.334375 0.297917 0.332813 0.291667 0.325000 0.268750 0.325000 0.256250 0.331250 0.241667 0.331250 0.233333 0.329688 0.227083 0.328125 0.220833 0.321875 0.212500 0.318750 0.210417 0.315625 0.208333 0.310937 0.208333 0.306250 0.202083 0.304688 0.197917 0.303125 0.193750 0.303125 0.187500 0.296875 0.170833 0.295312 0.166667 0.293750 0.164583 0.290625 0.162500 0.284375 0.158333 0.268750 0.158333 0.260937 0.152083 0.253125 0.147917 0.239063 0.147917
7 0.778125 0.027083 0.754687 0.029167 0.746875 0.033333 0.740625 0.039583 0.726562 0.052083 0.720313 0.058333 0.715625 0.064583 0.710938 0.072917 0.706250 0.081250 0.703125 0.091667 0.693750 0.110417 0.689063 0.116667 0.685937 0.122917 0.679688 0.137500 0.675000 0.152083 0.667188 0.164583 0.665625 0.168750 0.665625 0.172917 0.660937 0.179167 0.654687 0.195833 0.654687 0.216667 0.656250 0.222917 0.657813 0.229167 0.662500 0.243750 0.664062 0.247917 0.665625 0.252083 0.668750 0.258333 0.675000 0.266667 0.682813 0.272917 0.689063 0.275000 0.695312 0.281250 0.701562 0.285417 0.728125 0.285417 0.734375 0.281250 0.740625 0.281250 0.743750 0.279167 0.751563 0.272917 0.756250 0.268750 0.760938 0.264583 0.768750 0.256250 0.778125 0.243750 0.789062 0.235417 0.792188 0.233333 0.798438 0.231250 0.803125 0.225000 0.807813 0.222917 0.814063 0.214583 0.820312 0.210417 0.825000 0.204167 0.828125 0.200000 0.831250 0.195833 0.835938 0.185417 0.837500 0.181250 0.837500 0.172917 0.840625 0.166667 0.842187 0.147917 0.845313 0.139583 0.845313 0.100000 0.843750 0.091667 0.842187 0.085417 0.837500 0.072917 0.834375 0.066667 0.831250 0.060417 0.820312 0.047917 0.815625 0.043750 0.810937 0.039583 0.807813 0.037500 0.803125 0.037500 0.795312 0.031250 0.782813 0.027083 0.778125 0.027083
13 0.404687 0.312500 0.396875 0.316667 0.389062 0.316667 0.384375 0.318750 0.378125 0.325000 0.371875 0.327083 0.368750 0.329167 0.362500 0.335417 0.356250 0.343750 0.351562 0.358333 0.350000 0.368750 0.348438 0.377083 0.348438 0.427083 0.350000 0.435417 0.351562 0.441667 0.356250 0.454167 0.360938 0.456250 0.367188 0.460417 0.373437 0.466667 0.379688 0.475000 0.390625 0.483333 0.396875 0.491667 0.404687 0.497917 0.439063 0.497917 0.445312 0.495833 0.450000 0.493750 0.454688 0.489583 0.460938 0.483333 0.476562 0.462500 0.481250 0.454167 0.485938 0.443750 0.487500 0.439583 0.489063 0.431250 0.490625 0.422917 0.490625 0.381250 0.487500 0.375000 0.487500 0.366667 0.485938 0.362500 0.481250 0.352083 0.476562 0.343750 0.470313 0.333333 0.468750 0.331250 0.467187 0.331250 0.464062 0.327083 0.456250 0.320833 0.453125 0.318750 0.450000 0.316667 0.445312 0.314583 0.440625 0.312500 0.404687 0.312500
21 0.218750 0.358333 0.214062 0.360417 0.203125 0.368750 0.198437 0.372917 0.193750 0.379167 0.162500 0.406250 0.157812 0.408333 0.143750 0.420833 0.139063 0.425000 0.135937 0.429167 0.131250 0.441667 0.129688 0.452083 0.129688 0.460417 0.131250 0.468750 0.132812 0.472917 0.134375 0.477083 0.142187 0.487500 0.145313 0.489583 0.157812 0.493750 0.167187 0.493750 0.173437 0.491667 0.178125 0.489583 0.190625 0.481250 0.200000 0.472917 0.218750 0.456250 0.229687 0.445833 0.237500 0.435417 0.243750 0.431250 0.253125 0.418750 0.256250 0.412500 0.257812 0.408333 0.259375 0.400000 0.259375 0.389583 0.257812 0.381250 0.256250 0.377083 0.246875 0.364583 0.237500 0.358333 0.218750 0.358333
0 0.653125 0.491667 0.642188 0.493750 0.635938 0.495833 0.629687 0.497917 0.623437 0.502083 0.617188 0.504167 0.604688 0.506250 0.592187 0.510417 0.570312 0.518750 0.559375 0.522917 0.554688 0.525000 0.550000 0.529167 0.545312 0.531250 0.528125 0.535417 0.517188 0.539583 0.504687 0.545833 0.496875 0.550000 0.493750 0.552083 0.492188 0.554167 0.490625 0.558333 0.490625 0.564583 0.492188 0.577083 0.495312 0.595833 0.498437 0.610417 0.501563 0.616667 0.503125 0.622917 0.506250 0.645833 0.510938 0.660417 0.518750 0.702083 0.521875 0.727083 0.525000 0.731250 0.531250 0.731250 0.542188 0.729167 0.557813 0.725000 0.565625 0.722917 0.570312 0.720833 0.578125 0.714583 0.587500 0.712500 0.592187 0.710417 0.600000 0.704167 0.610938 0.700000 0.617188 0.697917 0.623437 0.695833 0.653125 0.695833 0.660937 0.693750 0.667188 0.691667 0.673438 0.689583 0.681250 0.683333 0.685937 0.681250 0.696875 0.679167 0.698438 0.675000 0.698438 0.660417 0.696875 0.647917 0.695312 0.635417 0.693750 0.627083 0.689063 0.608333 0.684375 0.595833 0.682813 0.589583 0.681250 0.583333 0.679688 0.572917 0.673438 0.522917 0.671875 0.512500 0.668750 0.497917 0.667188 0.493750 0.653125 0.491667
0 0.282813 0.504167 0.279687 0.506250 0.276562 0.508333 0.271875 0.512500 0.265625 0.520833 0.264062 0.527083 0.264062 0.533333 0.267188 0.547917 0.271875 0.566667 0.273438 0.570833 0.275000 0.575000 0.281250 0.579167 0.289062 0.581250 0.292187 0.583333 0.296875 0.589583 0.300000 0.591667 0.307812 0.591667 0.318750 0.600000 0.323437 0.600000 0.331250 0.595833 0.334375 0.593750 0.339062 0.589583 0.340625 0.581250 0.340625 0.577083 0.337500 0.566667 0.326562 0.537500 0.320312 0.529167 0.315625 0.527083 0.304688 0.514583 0.292187 0.506250 0.287500 0.504167 0.282813 0.504167
0 0.326562 0.525000 0.325000 0.527083 0.320312 0.527083 0.326562 0.535417 0.329688 0.541667 0.332813 0.550000 0.337500 0.562500 0.342187 0.579167 0.342187 0.583333 0.345313 0.583333 0.348438 0.581250 0.356250 0.575000 0.362500 0.568750 0.368750 0.560417 0.370312 0.554167 0.373437 0.537500 0.371875 0.533333 0.367188 0.529167 0.364063 0.527083 0.356250 0.525000 0.326562 0.525000
0 0.215625 0.525000 0.210938 0.531250 0.209375 0.537500 0.209375 0.547917 0.210938 0.556250 0.212500 0.562500 0.214062 0.566667 0.215625 0.570833 0.226562 0.597917 0.229687 0.604167 0.234375 0.610417 0.246875 0.618750 0.253125 0.620833 0.260937 0.620833 0.267188 0.616667 0.270313 0.610417 0.271875 0.602083 0.273438 0.591667 0.273438 0.575000 0.271875 0.570833 0.268750 0.568750 0.262500 0.564583 0.251563 0.552083 0.235937 0.537500 0.231250 0.533333 0.226562 0.529167 0.223438 0.527083 0.220312 0.525000 0.215625 0.525000
0 0.168750 0.581250 0.162500 0.589583 0.160938 0.593750 0.159375 0.597917 0.159375 0.606250 0.164062 0.610417 0.167187 0.610417 0.170313 0.612500 0.173437 0.616667 0.173437 0.622917 0.167187 0.631250 0.162500 0.633333 0.150000 0.647917 0.146875 0.652083 0.150000 0.660417 0.151562 0.660417 0.159375 0.668750 0.162500 0.670833 0.167187 0.670833 0.171875 0.672917 0.178125 0.679167 0.182812 0.685417 0.182812 0.689583 0.185938 0.693750 0.190625 0.695833 0.195312 0.695833 0.200000 0.700000 0.203125 0.700000 0.207813 0.700000 0.210938 0.700000 0.214062 0.697917 0.217188 0.695833 0.221875 0.689583 0.226562 0.679167 0.228125 0.675000 0.229687 0.670833 0.231250 0.664583 0.232813 0.654167 0.234375 0.643750 0.234375 0.633333 0.232813 0.627083 0.231250 0.620833 0.229687 0.616667 0.223438 0.602083 0.218750 0.595833 0.212500 0.589583 0.209375 0.587500 0.204687 0.585417 0.198437 0.585417 0.192188 0.581250 0.168750 0.581250
0 0.293750 0.595833 0.282813 0.602083 0.279687 0.604167 0.268750 0.618750 0.259375 0.625000 0.256250 0.629167 0.253125 0.637500 0.248438 0.650000 0.246875 0.662500 0.246875 0.668750 0.248438 0.677083 0.251563 0.700000 0.253125 0.708333 0.254688 0.712500 0.256250 0.716667 0.259375 0.722917 0.264062 0.722917 0.267188 0.727083 0.278125 0.727083 0.279687 0.725000 0.287500 0.725000 0.289062 0.720833 0.289062 0.716667 0.292187 0.710417 0.292187 0.704167 0.295312 0.700000 0.315625 0.702083 0.318750 0.702083 0.331250 0.700000 0.329688 0.695833 0.328125 0.691667 0.321875 0.681250 0.318750 0.675000 0.318750 0.656250 0.317188 0.650000 0.309375 0.639583 0.309375 0.635417 0.314063 0.629167 0.315625 0.625000 0.317188 0.614583 0.317188 0.604167 0.314063 0.600000 0.310937 0.597917 0.307812 0.595833 0.293750 0.595833
0 0.296875 0.700000 0.293750 0.704167 0.292187 0.708333 0.290625 0.712500 0.290625 0.716667 0.289062 0.720833 0.285938 0.725000 0.282813 0.727083 0.278125 0.729167 0.270313 0.729167 0.267188 0.731250 0.265625 0.737500 0.262500 0.741667 0.251563 0.741667 0.245312 0.743750 0.240625 0.750000 0.239063 0.754167 0.239063 0.758333 0.240625 0.764583 0.242188 0.768750 0.245312 0.772917 0.254688 0.783333 0.259375 0.783333 0.262500 0.787500 0.287500 0.789583 0.298438 0.789583 0.304688 0.787500 0.312500 0.783333 0.317188 0.777083 0.321875 0.768750 0.326562 0.754167 0.329688 0.747917 0.332813 0.741667 0.339062 0.733333 0.339062 0.716667 0.337500 0.712500 0.335938 0.708333 0.334375 0.706250 0.331250 0.704167 0.318750 0.704167 0.314063 0.708333 0.307812 0.708333 0.306250 0.704167 0.301563 0.700000 0.296875 0.700000
0 0.332813 0.597917 0.323437 0.604167 0.321875 0.608333 0.320312 0.614583 0.320312 0.620833 0.318750 0.622917 0.318750 0.627083 0.320312 0.672917 0.321875 0.677083 0.323437 0.681250 0.328125 0.689583 0.332813 0.695833 0.339062 0.702083 0.342187 0.704167 0.350000 0.706250 0.353125 0.708333 0.356250 0.712500 0.364063 0.716667 0.384375 0.716667 0.389062 0.714583 0.393750 0.708333 0.395313 0.704167 0.395313 0.697917 0.390625 0.691667 0.389062 0.691667 0.385937 0.687500 0.382812 0.679167 0.384375 0.672917 0.385937 0.668750 0.401562 0.647917 0.406250 0.639583 0.412500 0.629167 0.414062 0.620833 0.412500 0.610417 0.410938 0.608333 0.410938 0.604167 0.407813 0.602083 0.398438 0.602083 0.390625 0.608333 0.376563 0.614583 0.370312 0.616667 0.346875 0.614583 0.345313 0.610417 0.345313 0.606250 0.343750 0.602083 0.342187 0.600000 0.339062 0.597917 0.332813 0.597917
24 0.571875 0.135417 0.568750 0.137500 0.560937 0.145833 0.548438 0.158333 0.534375 0.172917 0.514062 0.193750 0.504687 0.204167 0.500000 0.210417 0.498437 0.214583 0.498437 0.218750 0.500000 0.222917 0.501563 0.227083 0.514062 0.252083 0.526563 0.268750 0.535937 0.289583 0.548438 0.306250 0.565625 0.333333 0.571875 0.343750 0.582812 0.366667 0.587500 0.375000 0.596875 0.377083 0.603125 0.370833 0.625000 0.347917 0.640625 0.329167 0.646875 0.322917 0.653125 0.318750 0.660937 0.310417 0.670312 0.297917 0.668750 0.293750 0.667188 0.289583 0.664062 0.283333 0.659375 0.275000 0.654687 0.266667 0.648438 0.256250 0.642188 0.245833 0.632812 0.233333 0.618750 0.208333 0.615625 0.200000 0.601562 0.179167 0.593750 0.162500 0.587500 0.154167 0.584375 0.145833 0.576562 0.135417 0.571875 0.135417
6 0.801562 0.527083 0.800000 0.531250 0.798438 0.533333 0.796875 0.539583 0.796875 0.550000 0.795312 0.552083 0.795312 0.560417 0.796875 0.585417 0.798438 0.610417 0.801562 0.627083 0.801562 0.645833 0.804688 0.660417 0.806250 0.675000 0.804688 0.733333 0.807813 0.741667 0.807813 0.750000 0.807813 0.754167 0.806250 0.766667 0.809375 0.783333 0.809375 0.839583 0.812500 0.868750 0.818750 0.868750 0.818750 0.856250 0.815625 0.835417 0.814063 0.812500 0.814063 0.764583 0.810937 0.745833 0.809375 0.702083 0.809375 0.658333 0.806250 0.635417 0.807813 0.622917 0.807813 0.616667 0.804688 0.583333 0.804688 0.545833 0.801562 0.527083
6 0.803125 0.414583 0.801562 0.447917 0.801562 0.454167 0.803125 0.477083 0.803125 0.470833 0.804688 0.468750 0.806250 0.456250 0.806250 0.414583 0.803125 0.414583
6 0.743750 0.412500 0.700000 0.414583 0.696875 0.416667 0.695312 0.460417 0.696875 0.464583 0.710938 0.483333 0.717187 0.493750 0.720313 0.500000 0.725000 0.510417 0.731250 0.525000 0.732812 0.529167 0.734375 0.533333 0.737500 0.543750 0.742188 0.562500 0.743750 0.570833 0.745313 0.583333 0.746875 0.597917 0.746875 0.643750 0.745313 0.656250 0.743750 0.668750 0.740625 0.681250 0.735938 0.700000 0.729688 0.716667 0.723437 0.731250 0.720313 0.737500 0.712500 0.752083 0.704688 0.762500 0.703125 0.766667 0.701562 0.779167 0.703125 0.862500 0.704688 0.864583 0.704688 0.868750 0.707812 0.870833 0.757812 0.868750 0.781250 0.870833 0.782813 0.845833 0.779687 0.829167 0.778125 0.808333 0.776563 0.783333 0.775000 0.743750 0.775000 0.729167 0.775000 0.702083 0.775000 0.697917 0.778125 0.620833 0.778125 0.554167 0.776563 0.547917 0.775000 0.543750 0.773438 0.539583 0.767188 0.531250 0.764062 0.525000 0.760938 0.518750 0.759375 0.514583 0.757812 0.506250 0.756250 0.497917 0.756250 0.456250 0.759375 0.418750 0.757812 0.414583 0.743750 0.412500
6 0.834375 0.412500 0.834375 0.427083 0.835938 0.464583 0.837500 0.497917 0.840625 0.550000 0.843750 0.575000 0.843750 0.597917 0.839063 0.602083 0.837500 0.625000 0.839063 0.641667 0.840625 0.654167 0.843750 0.666667 0.845313 0.679167 0.846875 0.695833 0.848437 0.714583 0.848437 0.737500 0.850000 0.762500 0.851562 0.777083 0.853125 0.789583 0.857812 0.812500 0.859375 0.827083 0.860938 0.845833 0.860938 0.850000 0.859375 0.856250 0.857812 0.860417 0.853125 0.866667 0.846875 0.870833 0.843750 0.872917 0.846875 0.872917 0.860938 0.872917 0.865625 0.864583 0.873437 0.860417 0.876563 0.856250 0.878125 0.852083 0.878125 0.800000 0.876563 0.768750 0.875000 0.739583 0.871875 0.716667 0.871875 0.687500 0.868750 0.660417 0.867188 0.627083 0.865625 0.577083 0.864062 0.506250 0.864062 0.412500 0.860938 0.410417 0.834375 0.412500
