0 0.601562 0.560417 0.601562 0.564583 0.604688 0.566667 0.609375 0.568750 0.615625 0.577083 0.620313 0.579167 0.621875 0.581250 0.629687 0.593750 0.631250 0.597917 0.631250 0.608333 0.629687 0.612500 0.625000 0.614583 0.625000 0.618750 0.620313 0.627083 0.610938 0.639583 0.600000 0.652083 0.593750 0.656250 0.590625 0.658333 0.581250 0.662500 0.578125 0.664583 0.576562 0.668750 0.571875 0.668750 0.573438 0.675000 0.576562 0.677083 0.582812 0.679167 0.590625 0.679167 0.596875 0.675000 0.606250 0.668750 0.615625 0.658333 0.618750 0.650000 0.620313 0.643750 0.628125 0.629167 0.632812 0.618750 0.634375 0.614583 0.637500 0.604167 0.639062 0.593750 0.639062 0.585417 0.635938 0.575000 0.632812 0.570833 0.628125 0.568750 0.623437 0.566667 0.612500 0.564583 0.606250 0.560417 0.601562 0.560417
2 0.220312 0.139583 0.214062 0.147917 0.201563 0.166667 0.192188 0.183333 0.179688 0.202083 0.178125 0.204167 0.171875 0.210417 0.171875 0.212500 0.168750 0.216667 0.165625 0.220833 0.162500 0.225000 0.156250 0.229167 0.154688 0.233333 0.156250 0.241667 0.165625 0.252083 0.170313 0.254167 0.179688 0.264583 0.195312 0.281250 0.204687 0.291667 0.215625 0.304167 0.217188 0.306250 0.217188 0.308333 0.220312 0.312500 0.229687 0.320833 0.240625 0.333333 0.253125 0.350000 0.259375 0.356250 0.260937 0.356250 0.264062 0.360417 0.264062 0.362500 0.265625 0.364583 0.268750 0.366667 0.275000 0.370833 0.281250 0.370833 0.284375 0.368750 0.295312 0.354167 0.314063 0.325000 0.315625 0.322917 0.317188 0.320833 0.320312 0.318750 0.323437 0.314583 0.331250 0.300000 0.342187 0.285417 0.342187 0.279167 0.328125 0.262500 0.325000 0.258333 0.318750 0.247917 0.307812 0.235417 0.300000 0.229167 0.289062 0.216667 0.279687 0.206250 0.256250 0.179167 0.239063 0.156250 0.228125 0.143750 0.223438 0.139583 0.220312 0.139583
10 0.406250 0.102083 0.398438 0.104167 0.393750 0.108333 0.379688 0.108333 0.367188 0.110417 0.354687 0.114583 0.329688 0.118750 0.318750 0.118750 0.317188 0.127083 0.317188 0.131250 0.317188 0.139583 0.320312 0.145833 0.320312 0.152083 0.320312 0.170833 0.323437 0.181250 0.323437 0.220833 0.326562 0.231250 0.332813 0.231250 0.335938 0.235417 0.337500 0.235417 0.339062 0.237500 0.346875 0.247917 0.346875 0.250000 0.354687 0.260417 0.393750 0.260417 0.403125 0.256250 0.428125 0.256250 0.443750 0.254167 0.460938 0.250000 0.460938 0.247917 0.464062 0.243750 0.464062 0.202083 0.467187 0.200000 0.465625 0.189583 0.462500 0.187500 0.462500 0.172917 0.459375 0.166667 0.459375 0.152083 0.456250 0.133333 0.454688 0.127083 0.453125 0.122917 0.451562 0.118750 0.446875 0.112500 0.443750 0.102083 0.406250 0.102083
14 0.434375 0.258333 0.428125 0.260417 0.423438 0.262500 0.418750 0.264583 0.410938 0.268750 0.407813 0.270833 0.403125 0.275000 0.398438 0.279167 0.392188 0.285417 0.382812 0.297917 0.373437 0.316667 0.368750 0.329167 0.367188 0.335417 0.365625 0.341667 0.364063 0.350000 0.362500 0.364583 0.362500 0.381250 0.364063 0.397917 0.368750 0.416667 0.373437 0.429167 0.376563 0.435417 0.379688 0.441667 0.398438 0.466667 0.403125 0.470833 0.415625 0.479167 0.420312 0.481250 0.425000 0.483333 0.431250 0.485417 0.442188 0.487500 0.453125 0.487500 0.464062 0.485417 0.470313 0.483333 0.475000 0.481250 0.479687 0.479167 0.487500 0.475000 0.495312 0.468750 0.500000 0.464583 0.504687 0.460417 0.515625 0.445833 0.523438 0.431250 0.529687 0.414583 0.531250 0.408333 0.532813 0.402083 0.534375 0.393750 0.535937 0.377083 0.535937 0.366667 0.534375 0.364583 0.534375 0.352083 0.537500 0.347917 0.540625 0.345833 0.550000 0.341667 0.562500 0.333333 0.567187 0.329167 0.571875 0.322917 0.571875 0.314583 0.570312 0.310417 0.568750 0.306250 0.567187 0.304167 0.564063 0.302083 0.559375 0.302083 0.553125 0.304167 0.548438 0.306250 0.540625 0.312500 0.532813 0.314583 0.528125 0.318750 0.521875 0.310417 0.518750 0.302083 0.503125 0.281250 0.496875 0.275000 0.490625 0.270833 0.481250 0.264583 0.470313 0.260417 0.462500 0.258333 0.434375 0.258333
0 0.243750 0.450000 0.237500 0.458333 0.235937 0.464583 0.231250 0.470833 0.229687 0.475000 0.228125 0.479167 0.225000 0.489583 0.223438 0.495833 0.220312 0.510417 0.218750 0.525000 0.217188 0.531250 0.209375 0.560417 0.203125 0.575000 0.201563 0.581250 0.201563 0.589583 0.200000 0.595833 0.195312 0.608333 0.193750 0.614583 0.189062 0.641667 0.184375 0.652083 0.182812 0.658333 0.182812 0.672917 0.187500 0.679167 0.200000 0.687500 0.210938 0.693750 0.218750 0.697917 0.231250 0.702083 0.239063 0.706250 0.246875 0.712500 0.254688 0.714583 0.268750 0.725000 0.287500 0.733333 0.301563 0.743750 0.304688 0.743750 0.310937 0.739583 0.314063 0.735417 0.317188 0.727083 0.321875 0.714583 0.325000 0.704167 0.325000 0.695833 0.331250 0.670833 0.337500 0.647917 0.348438 0.610417 0.353125 0.597917 0.368750 0.558333 0.370312 0.543750 0.373437 0.539583 0.375000 0.535417 0.375000 0.527083 0.367188 0.516667 0.364063 0.514583 0.348438 0.508333 0.340625 0.504167 0.332813 0.497917 0.325000 0.493750 0.317188 0.489583 0.296875 0.481250 0.289062 0.477083 0.285938 0.475000 0.279687 0.468750 0.270313 0.462500 0.260937 0.456250 0.253125 0.452083 0.248438 0.450000 0.243750 0.450000
6 0.721875 0.439583 0.718750 0.441667 0.717187 0.504167 0.720313 0.533333 0.721875 0.568750 0.721875 0.610417 0.723437 0.622917 0.728125 0.639583 0.729688 0.650000 0.731250 0.660417 0.732812 0.679167 0.732812 0.712500 0.731250 0.731250 0.728125 0.745833 0.728125 0.779167 0.729688 0.820833 0.731250 0.825000 0.762500 0.827083 0.787500 0.831250 0.812500 0.833333 0.821875 0.833333 0.825000 0.831250 0.825000 0.825000 0.820312 0.804167 0.814063 0.787500 0.807813 0.760417 0.804688 0.745833 0.804688 0.737500 0.800000 0.720833 0.796875 0.704167 0.793750 0.685417 0.789062 0.656250 0.785937 0.635417 0.784375 0.625000 0.781250 0.593750 0.779687 0.583333 0.778125 0.572917 0.775000 0.554167 0.773438 0.545833 0.768750 0.533333 0.764062 0.525000 0.753125 0.514583 0.750000 0.510417 0.750000 0.508333 0.745313 0.502083 0.739062 0.485417 0.737500 0.477083 0.735938 0.466667 0.735938 0.456250 0.734375 0.454167 0.734375 0.443750 0.732812 0.439583 0.721875 0.439583
6 0.821875 0.418750 0.807813 0.420833 0.787500 0.425000 0.779687 0.427083 0.776563 0.429167 0.776563 0.435417 0.779687 0.443750 0.785937 0.477083 0.787500 0.487500 0.787500 0.500000 0.785937 0.535417 0.789062 0.547917 0.792188 0.562500 0.793750 0.568750 0.795312 0.575000 0.798438 0.581250 0.800000 0.587500 0.800000 0.593750 0.801562 0.600000 0.804688 0.606250 0.804688 0.612500 0.807813 0.618750 0.815625 0.652083 0.825000 0.691667 0.829688 0.718750 0.837500 0.745833 0.840625 0.762500 0.846875 0.795833 0.848437 0.814583 0.851562 0.825000 0.851562 0.833333 0.854688 0.837500 0.860938 0.837500 0.864062 0.833333 0.864062 0.812500 0.865625 0.808333 0.870313 0.800000 0.871875 0.797917 0.876563 0.795833 0.878125 0.783333 0.876563 0.770833 0.871875 0.752083 0.870313 0.737500 0.868750 0.725000 0.867188 0.710417 0.867188 0.675000 0.868750 0.622917 0.871875 0.589583 0.871875 0.554167 0.875000 0.529167 0.876563 0.504167 0.878125 0.466667 0.876563 0.454167 0.864062 0.452083 0.837500 0.452083 0.834375 0.450000 0.831250 0.439583 0.831250 0.433333 0.829688 0.425000 0.828125 0.420833 0.825000 0.418750 0.821875 0.418750
0 0.578125 0.533333 0.567187 0.535417 0.557813 0.537500 0.546875 0.541667 0.535937 0.545833 0.521875 0.552083 0.517188 0.554167 0.509375 0.560417 0.503125 0.568750 0.503125 0.579167 0.504687 0.585417 0.506250 0.589583 0.509375 0.595833 0.514062 0.602083 0.518750 0.606250 0.523438 0.610417 0.526563 0.612500 0.534375 0.614583 0.560937 0.614583 0.564063 0.612500 0.567187 0.610417 0.568750 0.608333 0.576562 0.595833 0.582812 0.583333 0.585938 0.581250 0.589063 0.577083 0.593750 0.564583 0.593750 0.543750 0.590625 0.535417 0.587500 0.533333 0.578125 0.533333
9 0.581250 0.085417 0.570312 0.087500 0.568750 0.089583 0.565625 0.089583 0.564063 0.093750 0.564063 0.097917 0.570312 0.106250 0.576562 0.108333 0.579688 0.110417 0.579688 0.118750 0.568750 0.131250 0.564063 0.139583 0.557813 0.158333 0.556250 0.168750 0.551562 0.179167 0.550000 0.185417 0.550000 0.189583 0.550000 0.202083 0.548438 0.214583 0.548438 0.225000 0.548438 0.231250 0.546875 0.239583 0.546875 0.243750 0.546875 0.247917 0.548438 0.254167 0.551562 0.264583 0.553125 0.268750 0.557813 0.279167 0.565625 0.291667 0.567187 0.293750 0.575000 0.300000 0.579688 0.304167 0.585938 0.306250 0.590625 0.308333 0.620313 0.308333 0.621875 0.306250 0.628125 0.306250 0.629687 0.302083 0.637500 0.300000 0.640625 0.297917 0.643750 0.295833 0.650000 0.289583 0.662500 0.275000 0.675000 0.258333 0.679688 0.250000 0.682813 0.243750 0.689063 0.227083 0.690625 0.220833 0.692187 0.212500 0.693750 0.202083 0.693750 0.191667 0.692187 0.170833 0.690625 0.158333 0.685937 0.145833 0.682813 0.141667 0.681250 0.135417 0.679688 0.131250 0.678125 0.129167 0.667188 0.116667 0.662500 0.114583 0.657813 0.108333 0.654687 0.106250 0.646875 0.102083 0.639062 0.100000 0.632812 0.097917 0.615625 0.100000 0.607812 0.089583 0.600000 0.087500 0.584375 0.087500 0.581250 0.085417
0 0.495312 0.572917 0.492188 0.575000 0.489063 0.577083 0.487500 0.579167 0.485938 0.583333 0.485938 0.587500 0.481250 0.597917 0.478125 0.608333 0.476562 0.614583 0.471875 0.637500 0.470313 0.645833 0.468750 0.654167 0.467187 0.666667 0.467187 0.679167 0.470313 0.683333 0.479687 0.683333 0.489063 0.677083 0.501563 0.660417 0.510938 0.645833 0.514062 0.637500 0.520312 0.629167 0.525000 0.612500 0.523438 0.612500 0.512500 0.602083 0.507812 0.595833 0.504687 0.589583 0.503125 0.585417 0.501563 0.579167 0.501563 0.572917 0.495312 0.572917
0 0.529687 0.614583 0.525000 0.620833 0.512500 0.643750 0.509375 0.650000 0.509375 0.656250 0.514062 0.662500 0.517188 0.664583 0.525000 0.666667 0.535937 0.666667 0.537500 0.668750 0.546875 0.668750 0.548438 0.664583 0.548438 0.654167 0.550000 0.645833 0.551562 0.639583 0.553125 0.635417 0.560937 0.622917 0.560937 0.616667 0.529687 0.614583
0 0.598437 0.564583 0.595313 0.572917 0.593750 0.575000 0.578125 0.593750 0.573438 0.604167 0.562500 0.618750 0.553125 0.637500 0.551562 0.641667 0.550000 0.647917 0.548438 0.658333 0.550000 0.668750 0.553125 0.670833 0.564063 0.670833 0.565625 0.668750 0.576562 0.668750 0.579688 0.662500 0.592187 0.656250 0.596875 0.652083 0.603125 0.645833 0.610938 0.637500 0.620313 0.625000 0.623437 0.616667 0.626563 0.612500 0.628125 0.612500 0.629687 0.593750 0.618750 0.579167 0.609375 0.568750 0.606250 0.568750 0.604688 0.564583 0.598437 0.564583
3 0.760938 0.366667 0.759375 0.370833 0.756250 0.370833 0.754687 0.368750 0.750000 0.370833 0.746875 0.379167 0.743750 0.372917 0.739062 0.372917 0.737500 0.379167 0.734375 0.381250 0.731250 0.377083 0.729688 0.381250 0.729688 0.389583 0.731250 0.408333 0.734375 0.439583 0.735938 0.454167 0.737500 0.466667 0.739062 0.477083 0.740625 0.485417 0.743750 0.493750 0.748437 0.506250 0.754687 0.514583 0.770312 0.533333 0.771875 0.537500 0.773438 0.541667 0.775000 0.547917 0.781250 0.583333 0.782813 0.606250 0.784375 0.616667 0.787500 0.627083 0.787500 0.637500 0.796875 0.695833 0.803125 0.731250 0.806250 0.745833 0.809375 0.760417 0.814063 0.781250 0.815625 0.787500 0.828125 0.833333 0.831250 0.843750 0.832812 0.847917 0.835938 0.852083 0.842187 0.852083 0.846875 0.850000 0.850000 0.847917 0.853125 0.839583 0.851562 0.833333 0.848437 0.822917 0.845313 0.795833 0.835938 0.745833 0.829688 0.725000 0.826562 0.704167 0.820312 0.677083 0.817187 0.670833 0.804688 0.612500 0.801562 0.606250 0.796875 0.581250 0.792188 0.568750 0.790625 0.562500 0.789062 0.556250 0.785937 0.541667 0.784375 0.533333 0.785937 0.502083 0.785937 0.485417 0.782813 0.468750 0.779687 0.450000 0.778125 0.441667 0.775000 0.433333 0.773438 0.425000 0.770312 0.406250 0.768750 0.395833 0.767188 0.375000 0.765625 0.368750 0.764062 0.364583 0.760938 0.366667
0 0.612500 0.708333 0.609375 0.710417 0.606250 0.712500 0.601562 0.716667 0.600000 0.720833 0.598437 0.727083 0.596875 0.743750 0.595313 0.752083 0.590625 0.764583 0.587500 0.770833 0.579688 0.781250 0.575000 0.783333 0.565625 0.783333 0.562500 0.787500 0.562500 0.793750 0.564063 0.800000 0.565625 0.806250 0.567187 0.810417 0.578125 0.825000 0.581250 0.827083 0.584375 0.829167 0.615625 0.829167 0.626563 0.827083 0.631250 0.825000 0.635938 0.822917 0.645312 0.814583 0.651563 0.806250 0.651563 0.804167 0.657813 0.797917 0.659375 0.795833 0.664062 0.787500 0.665625 0.783333 0.665625 0.772917 0.664062 0.768750 0.660937 0.764583 0.650000 0.754167 0.645312 0.752083 0.637500 0.756250 0.631250 0.747917 0.628125 0.741667 0.628125 0.735417 0.625000 0.731250 0.623437 0.716667 0.621875 0.712500 0.620313 0.710417 0.617188 0.708333 0.612500 0.708333
0 0.639062 0.631250 0.635938 0.633333 0.634375 0.635417 0.632812 0.641667 0.626563 0.650000 0.618750 0.658333 0.615625 0.658333 0.607812 0.668750 0.601562 0.672917 0.596875 0.677083 0.592187 0.677083 0.589063 0.679167 0.587500 0.697917 0.589063 0.706250 0.590625 0.710417 0.593750 0.714583 0.598437 0.716667 0.603125 0.714583 0.609375 0.708333 0.614062 0.706250 0.618750 0.708333 0.621875 0.710417 0.623437 0.712500 0.625000 0.716667 0.628125 0.725000 0.628125 0.731250 0.631250 0.735417 0.635938 0.737500 0.645312 0.739583 0.651563 0.737500 0.660937 0.731250 0.667188 0.725000 0.675000 0.714583 0.681250 0.712500 0.684375 0.710417 0.689063 0.706250 0.692187 0.700000 0.696875 0.689583 0.696875 0.668750 0.695312 0.660417 0.693750 0.656250 0.689063 0.650000 0.681250 0.643750 0.678125 0.641667 0.670312 0.637500 0.657813 0.637500 0.651563 0.633333 0.645312 0.633333 0.643750 0.631250 0.639062 0.631250
0 0.507812 0.668750 0.504687 0.670833 0.503125 0.672917 0.496875 0.683333 0.495312 0.687500 0.493750 0.693750 0.493750 0.708333 0.495312 0.714583 0.506250 0.729167 0.507812 0.733333 0.509375 0.737500 0.509375 0.741667 0.510938 0.745833 0.512500 0.750000 0.520312 0.760417 0.525000 0.764583 0.529687 0.768750 0.534375 0.770833 0.564063 0.772917 0.576562 0.772917 0.578125 0.770833 0.582812 0.770833 0.587500 0.760417 0.593750 0.752083 0.595313 0.743750 0.596875 0.735417 0.596875 0.720833 0.593750 0.716667 0.592187 0.716667 0.589063 0.712500 0.587500 0.708333 0.587500 0.704167 0.584375 0.700000 0.582812 0.695833 0.582812 0.691667 0.584375 0.689583 0.584375 0.683333 0.582812 0.679167 0.578125 0.679167 0.573438 0.675000 0.568750 0.672917 0.565625 0.672917 0.559375 0.677083 0.551562 0.677083 0.546875 0.679167 0.543750 0.681250 0.537500 0.677083 0.534375 0.672917 0.531250 0.670833 0.523438 0.668750 0.507812 0.668750
24 0.784375 0.079167 0.784375 0.081250 0.781250 0.085417 0.779687 0.089583 0.778125 0.093750 0.775000 0.104167 0.773438 0.114583 0.768750 0.125000 0.765625 0.135417 0.753125 0.185417 0.746875 0.202083 0.740625 0.210417 0.740625 0.222917 0.739062 0.231250 0.737500 0.235417 0.732812 0.241667 0.725000 0.245833 0.720313 0.252083 0.720313 0.258333 0.725000 0.275000 0.723437 0.281250 0.723437 0.297917 0.726562 0.300000 0.731250 0.300000 0.743750 0.308333 0.757812 0.314583 0.795312 0.329167 0.809375 0.337500 0.815625 0.337500 0.825000 0.331250 0.826562 0.327083 0.834375 0.304167 0.839063 0.281250 0.850000 0.252083 0.854688 0.237500 0.857812 0.227083 0.859375 0.216667 0.864062 0.206250 0.865625 0.195833 0.870313 0.181250 0.873437 0.177083 0.875000 0.170833 0.876563 0.160417 0.881250 0.150000 0.885938 0.131250 0.882812 0.122917 0.879687 0.120833 0.873437 0.116667 0.864062 0.114583 0.859375 0.110417 0.854688 0.110417 0.850000 0.104167 0.845313 0.102083 0.835938 0.097917 0.826562 0.095833 0.821875 0.093750 0.809375 0.087500 0.801562 0.081250 0.792188 0.077083 0.784375 0.079167
