13 0.417187 0.214583 0.410938 0.216667 0.401562 0.222917 0.396875 0.227083 0.384375 0.243750 0.378125 0.260417 0.376563 0.268750 0.376563 0.300000 0.378125 0.308333 0.381250 0.318750 0.387500 0.331250 0.393750 0.339583 0.400000 0.345833 0.409375 0.352083 0.414062 0.354167 0.420312 0.356250 0.435937 0.356250 0.442188 0.354167 0.446875 0.352083 0.456250 0.345833 0.460938 0.341667 0.471875 0.327083 0.475000 0.320833 0.476562 0.316667 0.479687 0.306250 0.481250 0.295833 0.481250 0.272917 0.479687 0.264583 0.478125 0.258333 0.473438 0.245833 0.468750 0.237500 0.462500 0.229167 0.457813 0.225000 0.445312 0.216667 0.439063 0.214583 0.417187 0.214583
22 0.268750 0.460417 0.264062 0.466667 0.250000 0.477083 0.246875 0.477083 0.239063 0.483333 0.223438 0.497917 0.207813 0.510417 0.193750 0.518750 0.190625 0.522917 0.190625 0.529167 0.192188 0.535417 0.196875 0.545833 0.200000 0.552083 0.204687 0.560417 0.212500 0.560417 0.212500 0.558333 0.215625 0.552083 0.221875 0.541667 0.237500 0.520833 0.246875 0.510417 0.264062 0.493750 0.271875 0.487500 0.279687 0.485417 0.282813 0.481250 0.285938 0.481250 0.292187 0.475000 0.290625 0.470833 0.284375 0.468750 0.282813 0.470833 0.278125 0.470833 0.275000 0.466667 0.275000 0.464583 0.271875 0.460417 0.268750 0.460417
0 0.664062 0.600000 0.645312 0.606250 0.634375 0.606250 0.629687 0.608333 0.618750 0.622917 0.612500 0.627083 0.606250 0.629167 0.601562 0.633333 0.598437 0.637500 0.595313 0.645833 0.593750 0.654167 0.587500 0.662500 0.585938 0.666667 0.584375 0.677083 0.581250 0.681250 0.579688 0.687500 0.579688 0.718750 0.581250 0.743750 0.582812 0.764583 0.587500 0.770833 0.589063 0.770833 0.595313 0.779167 0.600000 0.787500 0.601562 0.793750 0.604688 0.806250 0.606250 0.810417 0.609375 0.814583 0.614062 0.816667 0.620313 0.816667 0.626563 0.820833 0.634375 0.820833 0.643750 0.833333 0.648438 0.835417 0.653125 0.835417 0.675000 0.835417 0.682813 0.835417 0.690625 0.829167 0.701562 0.829167 0.704688 0.827083 0.707812 0.825000 0.709375 0.822917 0.710938 0.816667 0.714063 0.812500 0.721875 0.804167 0.726562 0.804167 0.729688 0.802083 0.731250 0.800000 0.732812 0.795833 0.732812 0.787500 0.737500 0.781250 0.743750 0.777083 0.746875 0.768750 0.746875 0.764583 0.743750 0.756250 0.743750 0.752083 0.746875 0.747917 0.748437 0.741667 0.748437 0.735417 0.750000 0.731250 0.754687 0.725000 0.753125 0.712500 0.753125 0.708333 0.756250 0.700000 0.756250 0.693750 0.754687 0.689583 0.750000 0.683333 0.746875 0.675000 0.743750 0.668750 0.743750 0.658333 0.742188 0.652083 0.737500 0.645833 0.734375 0.643750 0.731250 0.643750 0.725000 0.635417 0.723437 0.629167 0.712500 0.612500 0.709375 0.608333 0.704688 0.606250 0.692187 0.606250 0.687500 0.602083 0.682813 0.600000 0.675000 0.600000 0.671875 0.600000 0.664062 0.600000
0 0.314063 0.627083 0.309375 0.629167 0.306250 0.633333 0.306250 0.666667 0.307812 0.681250 0.310937 0.689583 0.312500 0.697917 0.312500 0.725000 0.315625 0.743750 0.315625 0.772917 0.318750 0.785417 0.320312 0.820833 0.320312 0.860417 0.323437 0.875000 0.332813 0.875000 0.342187 0.872917 0.348438 0.870833 0.354687 0.868750 0.376563 0.860417 0.384375 0.856250 0.400000 0.847917 0.407813 0.843750 0.414062 0.837500 0.421875 0.835417 0.425000 0.831250 0.425000 0.822917 0.423438 0.816667 0.415625 0.804167 0.403125 0.787500 0.398438 0.779167 0.395313 0.772917 0.392188 0.766667 0.389062 0.756250 0.379688 0.741667 0.376563 0.735417 0.373437 0.729167 0.373437 0.725000 0.368750 0.714583 0.365625 0.708333 0.350000 0.681250 0.340625 0.658333 0.335938 0.652083 0.334375 0.643750 0.321875 0.627083 0.314063 0.627083
1 0.501563 0.168750 0.492188 0.172917 0.481250 0.175000 0.464062 0.175000 0.457813 0.170833 0.454688 0.175000 0.450000 0.175000 0.446875 0.179167 0.445312 0.183333 0.446875 0.189583 0.453125 0.197917 0.454688 0.204167 0.459375 0.208333 0.460938 0.214583 0.468750 0.235417 0.473438 0.241667 0.476562 0.247917 0.481250 0.260417 0.482812 0.268750 0.482812 0.300000 0.481250 0.310417 0.478125 0.314583 0.476562 0.322917 0.476562 0.337500 0.478125 0.354167 0.481250 0.366667 0.482812 0.383333 0.484375 0.397917 0.485938 0.414583 0.487500 0.433333 0.487500 0.450000 0.481250 0.464583 0.481250 0.487500 0.484375 0.495833 0.490625 0.495833 0.495312 0.489583 0.500000 0.487500 0.509375 0.483333 0.537500 0.483333 0.557813 0.481250 0.571875 0.479167 0.578125 0.477083 0.581250 0.472917 0.581250 0.468750 0.579688 0.456250 0.570312 0.443750 0.570312 0.441667 0.567187 0.437500 0.571875 0.435417 0.571875 0.429167 0.564063 0.427083 0.562500 0.414583 0.564063 0.402083 0.567187 0.402083 0.567187 0.395833 0.559375 0.393750 0.557813 0.387500 0.556250 0.375000 0.554688 0.360417 0.556250 0.337500 0.562500 0.337500 0.562500 0.333333 0.557813 0.327083 0.556250 0.320833 0.551562 0.314583 0.550000 0.310417 0.548438 0.306250 0.546875 0.297917 0.545312 0.277083 0.543750 0.258333 0.543750 0.233333 0.545312 0.229167 0.548438 0.225000 0.550000 0.225000 0.551562 0.218750 0.542188 0.216667 0.542188 0.200000 0.543750 0.193750 0.550000 0.179167 0.548438 0.170833 0.542188 0.168750 0.528125 0.166667 0.510938 0.166667 0.501563 0.168750
4 0.876563 0.450000 0.871875 0.452083 0.867188 0.454167 0.862500 0.458333 0.857812 0.462500 0.846875 0.477083 0.839063 0.489583 0.835938 0.495833 0.832812 0.502083 0.826562 0.516667 0.825000 0.520833 0.823438 0.527083 0.821875 0.533333 0.820312 0.543750 0.821875 0.560417 0.823438 0.568750 0.831250 0.587500 0.832812 0.593750 0.834375 0.602083 0.832812 0.612500 0.831250 0.618750 0.829688 0.625000 0.825000 0.639583 0.815625 0.666667 0.814063 0.670833 0.807813 0.683333 0.804688 0.695833 0.800000 0.704167 0.798438 0.712500 0.785937 0.741667 0.784375 0.752083 0.784375 0.760417 0.782813 0.768750 0.778125 0.787500 0.775000 0.797917 0.773438 0.802083 0.768750 0.812500 0.759375 0.829167 0.757812 0.833333 0.756250 0.837500 0.753125 0.850000 0.745313 0.881250 0.743750 0.889583 0.742188 0.900000 0.740625 0.908333 0.742188 0.912500 0.745313 0.914583 0.750000 0.916667 0.757812 0.916667 0.759375 0.912500 0.760938 0.908333 0.767188 0.885417 0.770312 0.881250 0.778125 0.856250 0.782813 0.841667 0.784375 0.831250 0.787500 0.820833 0.793750 0.806250 0.800000 0.783333 0.804688 0.766667 0.809375 0.743750 0.814063 0.733333 0.820312 0.710417 0.826562 0.681250 0.829688 0.670833 0.837500 0.650000 0.839063 0.643750 0.840625 0.637500 0.840625 0.631250 0.845313 0.612500 0.846875 0.608333 0.854688 0.597917 0.870313 0.589583 0.873437 0.587500 0.881250 0.579167 0.890625 0.564583 0.895312 0.560417 0.898438 0.554167 0.901563 0.545833 0.907813 0.529167 0.907813 0.522917 0.910937 0.516667 0.912500 0.508333 0.912500 0.500000 0.914062 0.497917 0.914062 0.491667 0.912500 0.479167 0.910937 0.472917 0.906250 0.460417 0.903125 0.456250 0.900000 0.454167 0.896875 0.452083 0.892188 0.450000 0.876563 0.450000
4 0.906250 0.556250 0.900000 0.558333 0.896875 0.560417 0.871875 0.593750 0.870313 0.597917 0.868750 0.604167 0.867188 0.614583 0.867188 0.635417 0.868750 0.643750 0.875000 0.664583 0.875000 0.685417 0.868750 0.710417 0.862500 0.733333 0.848437 0.779167 0.826562 0.868750 0.820312 0.895833 0.818750 0.904167 0.817187 0.912500 0.821875 0.920833 0.825000 0.918750 0.826562 0.912500 0.834375 0.893750 0.840625 0.872917 0.859375 0.810417 0.864062 0.793750 0.868750 0.777083 0.870313 0.770833 0.870313 0.764583 0.878125 0.739583 0.879687 0.733333 0.884375 0.708333 0.885938 0.702083 0.887500 0.695833 0.889062 0.691667 0.892188 0.685417 0.895312 0.681250 0.900000 0.677083 0.904687 0.672917 0.909375 0.670833 0.914062 0.666667 0.921875 0.658333 0.923438 0.656250 0.928125 0.647917 0.929688 0.643750 0.931250 0.639583 0.932813 0.631250 0.934375 0.612500 0.934375 0.604167 0.932813 0.602083 0.932813 0.591667 0.928125 0.572917 0.926562 0.568750 0.918750 0.558333 0.914062 0.556250 0.906250 0.556250
22 0.668750 0.175000 0.665625 0.179167 0.660937 0.191667 0.657813 0.202083 0.657813 0.208333 0.664062 0.216667 0.668750 0.227083 0.671875 0.227083 0.676562 0.233333 0.681250 0.235417 0.700000 0.241667 0.720313 0.245833 0.726562 0.250000 0.753125 0.256250 0.759375 0.260417 0.767188 0.262500 0.781250 0.264583 0.782813 0.266667 0.787500 0.266667 0.790625 0.264583 0.792188 0.262500 0.793750 0.258333 0.795312 0.250000 0.798438 0.233333 0.796875 0.216667 0.792188 0.214583 0.781250 0.212500 0.764062 0.204167 0.757812 0.204167 0.726562 0.191667 0.709375 0.185417 0.695312 0.183333 0.689063 0.181250 0.685937 0.177083 0.681250 0.175000 0.668750 0.175000
12 0.860938 0.233333 0.851562 0.235417 0.845313 0.237500 0.840625 0.239583 0.828125 0.247917 0.821875 0.254167 0.806250 0.272917 0.804688 0.275000 0.800000 0.283333 0.798438 0.287500 0.793750 0.306250 0.792188 0.320833 0.792188 0.347917 0.793750 0.356250 0.795312 0.364583 0.798438 0.375000 0.800000 0.379167 0.803125 0.385417 0.807813 0.393750 0.817187 0.406250 0.828125 0.416667 0.837500 0.422917 0.842187 0.425000 0.846875 0.427083 0.854688 0.429167 0.881250 0.429167 0.889062 0.427083 0.893750 0.425000 0.898438 0.422917 0.907813 0.416667 0.918750 0.406250 0.929688 0.391667 0.935937 0.377083 0.937500 0.372917 0.940625 0.358333 0.942187 0.350000 0.943750 0.341667 0.945312 0.331250 0.945312 0.314583 0.942187 0.302083 0.939063 0.289583 0.937500 0.283333 0.931250 0.275000 0.929688 0.268750 0.920312 0.256250 0.912500 0.247917 0.900000 0.239583 0.895312 0.237500 0.890625 0.235417 0.882812 0.233333 0.860938 0.233333
8 0.184375 0.183333 0.173437 0.187500 0.168750 0.189583 0.164062 0.191667 0.160938 0.193750 0.153125 0.200000 0.140625 0.216667 0.137500 0.222917 0.132812 0.235417 0.131250 0.241667 0.129688 0.252083 0.129688 0.277083 0.131250 0.287500 0.132812 0.293750 0.137500 0.306250 0.140625 0.312500 0.153125 0.331250 0.162500 0.341667 0.168750 0.345833 0.176563 0.352083 0.179688 0.354167 0.182812 0.356250 0.206250 0.368750 0.217188 0.370833 0.232813 0.379167 0.245312 0.381250 0.276562 0.381250 0.281250 0.379167 0.290625 0.372917 0.303125 0.356250 0.306250 0.350000 0.307812 0.345833 0.309375 0.337500 0.309375 0.304167 0.307812 0.295833 0.306250 0.289583 0.304688 0.285417 0.303125 0.281250 0.298438 0.272917 0.275000 0.243750 0.256250 0.220833 0.248438 0.212500 0.242188 0.206250 0.234375 0.200000 0.228125 0.197917 0.221875 0.191667 0.218750 0.189583 0.214062 0.187500 0.207813 0.185417 0.200000 0.183333 0.184375 0.183333
6 0.746875 0.845833 0.732812 0.860417 0.728125 0.866667 0.726562 0.870833 0.721875 0.889583 0.723437 0.900000 0.726562 0.902083 0.732812 0.906250 0.739062 0.906250 0.740625 0.902083 0.742188 0.893750 0.745313 0.870833 0.750000 0.856250 0.750000 0.850000 0.751563 0.847917 0.751563 0.843750 0.746875 0.845833
6 0.860938 0.597917 0.857812 0.600000 0.854688 0.602083 0.850000 0.608333 0.848437 0.612500 0.846875 0.616667 0.843750 0.629167 0.842187 0.641667 0.839063 0.652083 0.834375 0.662500 0.831250 0.672917 0.818750 0.725000 0.814063 0.741667 0.809375 0.752083 0.806250 0.768750 0.800000 0.785417 0.795312 0.808333 0.775000 0.872917 0.771875 0.883333 0.768750 0.887500 0.764062 0.902083 0.760938 0.912500 0.760938 0.918750 0.764062 0.922917 0.767188 0.925000 0.775000 0.929167 0.787500 0.933333 0.795312 0.937500 0.798438 0.939583 0.807813 0.947917 0.817187 0.952083 0.848437 0.975000 0.853125 0.975000 0.854688 0.970833 0.856250 0.966667 0.857812 0.956250 0.860938 0.947917 0.864062 0.943750 0.870313 0.943750 0.871875 0.945833 0.879687 0.943750 0.881250 0.931250 0.881250 0.916667 0.885938 0.889583 0.887500 0.858333 0.889062 0.847917 0.890625 0.841667 0.895312 0.829167 0.900000 0.814583 0.910937 0.783333 0.940625 0.706250 0.946875 0.687500 0.948438 0.677083 0.951562 0.672917 0.962500 0.641667 0.964063 0.635417 0.962500 0.627083 0.959375 0.625000 0.956250 0.625000 0.935937 0.614583 0.934375 0.622917 0.934375 0.633333 0.932813 0.641667 0.931250 0.645833 0.928125 0.652083 0.917188 0.666667 0.912500 0.670833 0.903125 0.677083 0.898438 0.681250 0.893750 0.687500 0.889062 0.700000 0.885938 0.712500 0.873437 0.766667 0.865625 0.795833 0.860938 0.812500 0.857812 0.822917 0.853125 0.833333 0.848437 0.854167 0.837500 0.889583 0.832812 0.904167 0.831250 0.908333 0.829688 0.912500 0.826562 0.918750 0.823438 0.922917 0.820312 0.922917 0.815625 0.916667 0.815625 0.908333 0.817187 0.900000 0.823438 0.879167 0.828125 0.852083 0.829688 0.845833 0.834375 0.833333 0.835938 0.827083 0.840625 0.802083 0.848437 0.770833 0.854688 0.754167 0.856250 0.741667 0.867188 0.706250 0.871875 0.687500 0.871875 0.679167 0.873437 0.677083 0.873437 0.670833 0.871875 0.668750 0.871875 0.660417 0.865625 0.639583 0.867188 0.606250 0.867188 0.597917 0.860938 0.597917
6 0.810937 0.537500 0.809375 0.541667 0.807813 0.545833 0.806250 0.552083 0.801562 0.572917 0.798438 0.593750 0.795312 0.606250 0.790625 0.618750 0.789062 0.625000 0.778125 0.670833 0.778125 0.677083 0.781250 0.685417 0.782813 0.693750 0.784375 0.702083 0.785937 0.712500 0.785937 0.725000 0.790625 0.722917 0.790625 0.720833 0.793750 0.716667 0.795312 0.712500 0.795312 0.708333 0.821875 0.641667 0.825000 0.627083 0.828125 0.622917 0.829688 0.616667 0.831250 0.608333 0.831250 0.597917 0.829688 0.591667 0.828125 0.585417 0.821875 0.570833 0.820312 0.564583 0.818750 0.554167 0.817187 0.535417 0.810937 0.537500
