3 0.864062 0.525000 0.860938 0.527083 0.854688 0.537500 0.851562 0.545833 0.846875 0.554167 0.839063 0.564583 0.834375 0.572917 0.831250 0.581250 0.825000 0.589583 0.821875 0.595833 0.817187 0.608333 0.815625 0.614583 0.815625 0.631250 0.814063 0.641667 0.812500 0.645833 0.807813 0.654167 0.796875 0.670833 0.784375 0.687500 0.776563 0.702083 0.764062 0.718750 0.757812 0.731250 0.746875 0.745833 0.739062 0.760417 0.726562 0.777083 0.718750 0.789583 0.712500 0.800000 0.706250 0.810417 0.701562 0.818750 0.696875 0.827083 0.695312 0.833333 0.687500 0.845833 0.681250 0.858333 0.673438 0.875000 0.671875 0.879167 0.671875 0.887500 0.678125 0.895833 0.681250 0.897917 0.684375 0.897917 0.687500 0.895833 0.701562 0.877083 0.714063 0.858333 0.726562 0.839583 0.740625 0.814583 0.745313 0.802083 0.751563 0.793750 0.759375 0.779167 0.760938 0.772917 0.765625 0.766667 0.767188 0.760417 0.775000 0.745833 0.782813 0.731250 0.800000 0.700000 0.804688 0.691667 0.818750 0.670833 0.820312 0.668750 0.828125 0.660417 0.831250 0.658333 0.850000 0.650000 0.854688 0.647917 0.860938 0.639583 0.862500 0.633333 0.865625 0.616667 0.871875 0.600000 0.884375 0.572917 0.892188 0.552083 0.890625 0.547917 0.884375 0.539583 0.881250 0.537500 0.878125 0.537500 0.873437 0.531250 0.864062 0.525000
15 0.434375 0.302083 0.426563 0.304167 0.412500 0.310417 0.403125 0.316667 0.398438 0.320833 0.393750 0.325000 0.381250 0.341667 0.378125 0.347917 0.375000 0.354167 0.370312 0.366667 0.368750 0.372917 0.367188 0.379167 0.365625 0.391667 0.365625 0.425000 0.367188 0.433333 0.368750 0.439583 0.370312 0.445833 0.371875 0.450000 0.373437 0.454167 0.376563 0.460417 0.385937 0.475000 0.392188 0.483333 0.396875 0.487500 0.404687 0.493750 0.412500 0.500000 0.415625 0.502083 0.429688 0.508333 0.435937 0.510417 0.457813 0.510417 0.471875 0.504167 0.482812 0.497917 0.487500 0.493750 0.495312 0.481250 0.500000 0.477083 0.506250 0.466667 0.509375 0.460417 0.512500 0.454167 0.514062 0.450000 0.515625 0.443750 0.517188 0.437500 0.518750 0.427083 0.520312 0.414583 0.520312 0.395833 0.518750 0.379167 0.517188 0.372917 0.514062 0.362500 0.512500 0.358333 0.503125 0.339583 0.493750 0.327083 0.487500 0.320833 0.482812 0.316667 0.476562 0.312500 0.467187 0.306250 0.462500 0.304167 0.456250 0.302083 0.434375 0.302083
0 0.265625 0.625000 0.257812 0.629167 0.251563 0.631250 0.246875 0.635417 0.243750 0.641667 0.237500 0.658333 0.226562 0.693750 0.223438 0.704167 0.215625 0.731250 0.210938 0.754167 0.204687 0.768750 0.201563 0.781250 0.196875 0.800000 0.196875 0.806250 0.192188 0.825000 0.187500 0.837500 0.184375 0.850000 0.184375 0.858333 0.185938 0.864583 0.187500 0.868750 0.195312 0.883333 0.201563 0.891667 0.204687 0.893750 0.210938 0.895833 0.217188 0.897917 0.225000 0.900000 0.239063 0.902083 0.259375 0.902083 0.270313 0.900000 0.278125 0.897917 0.282813 0.895833 0.292187 0.889583 0.303125 0.881250 0.314063 0.868750 0.326562 0.850000 0.328125 0.843750 0.325000 0.837500 0.321875 0.827083 0.321875 0.820833 0.326562 0.810417 0.328125 0.793750 0.329688 0.787500 0.335938 0.777083 0.337500 0.772917 0.339062 0.766667 0.337500 0.752083 0.334375 0.739583 0.334375 0.704167 0.332813 0.681250 0.329688 0.672917 0.325000 0.660417 0.310937 0.643750 0.309375 0.641667 0.309375 0.639583 0.307812 0.637500 0.306250 0.637500 0.303125 0.633333 0.300000 0.631250 0.296875 0.629167 0.292187 0.627083 0.287500 0.625000 0.265625 0.625000
16 0.573438 0.147917 0.498437 0.152083 0.481250 0.150000 0.459375 0.152083 0.454688 0.154167 0.450000 0.158333 0.440625 0.160417 0.437500 0.162500 0.431250 0.170833 0.428125 0.179167 0.423438 0.185417 0.415625 0.185417 0.414062 0.189583 0.412500 0.197917 0.412500 0.222917 0.415625 0.229167 0.421875 0.233333 0.428125 0.241667 0.429688 0.245833 0.431250 0.254167 0.434375 0.260417 0.439063 0.266667 0.443750 0.266667 0.446875 0.268750 0.451562 0.275000 0.454688 0.285417 0.459375 0.287500 0.490625 0.287500 0.518750 0.291667 0.560937 0.293750 0.620313 0.295833 0.626563 0.295833 0.628125 0.293750 0.637500 0.291667 0.639062 0.287500 0.640625 0.281250 0.642188 0.270833 0.642188 0.225000 0.643750 0.208333 0.646875 0.193750 0.646875 0.158333 0.643750 0.154167 0.634375 0.152083 0.603125 0.152083 0.579688 0.147917 0.573438 0.147917
22 0.700000 0.177083 0.696875 0.179167 0.695312 0.181250 0.693750 0.185417 0.693750 0.195833 0.690625 0.202083 0.690625 0.210417 0.692187 0.214583 0.695312 0.214583 0.696875 0.216667 0.703125 0.218750 0.703125 0.225000 0.704688 0.229167 0.717187 0.233333 0.821875 0.233333 0.825000 0.231250 0.826562 0.229167 0.828125 0.225000 0.829688 0.214583 0.829688 0.202083 0.828125 0.197917 0.823438 0.197917 0.821875 0.195833 0.810937 0.195833 0.809375 0.193750 0.784375 0.189583 0.770312 0.187500 0.742188 0.185417 0.728125 0.183333 0.717187 0.179167 0.700000 0.177083
13 0.592187 0.306250 0.585938 0.308333 0.582812 0.312500 0.578125 0.312500 0.575000 0.314583 0.568750 0.320833 0.554688 0.339583 0.550000 0.347917 0.546875 0.354167 0.542188 0.366667 0.539062 0.377083 0.537500 0.402083 0.539062 0.414583 0.542188 0.422917 0.542188 0.433333 0.543750 0.441667 0.545312 0.445833 0.546875 0.450000 0.550000 0.456250 0.557813 0.466667 0.564063 0.472917 0.571875 0.481250 0.581250 0.487500 0.585938 0.489583 0.590625 0.491667 0.617188 0.491667 0.625000 0.489583 0.632812 0.485417 0.635938 0.483333 0.653125 0.470833 0.670312 0.447917 0.671875 0.443750 0.673438 0.439583 0.675000 0.431250 0.675000 0.418750 0.678125 0.408333 0.678125 0.391667 0.676562 0.379167 0.675000 0.366667 0.673438 0.360417 0.670312 0.356250 0.670312 0.352083 0.667188 0.345833 0.660937 0.335417 0.650000 0.320833 0.645312 0.316667 0.635938 0.310417 0.631250 0.308333 0.626563 0.306250 0.592187 0.306250
6 0.667188 0.545833 0.664062 0.550000 0.662500 0.572917 0.662500 0.602083 0.659375 0.631250 0.659375 0.668750 0.657813 0.700000 0.656250 0.725000 0.653125 0.750000 0.651563 0.777083 0.651563 0.806250 0.646875 0.858333 0.645312 0.891667 0.645312 0.904167 0.646875 0.908333 0.648438 0.910417 0.651563 0.912500 0.659375 0.914583 0.671875 0.916667 0.715625 0.920833 0.729688 0.922917 0.756250 0.927083 0.782813 0.931250 0.807813 0.935417 0.845313 0.943750 0.860938 0.943750 0.873437 0.945833 0.885938 0.947917 0.896875 0.950000 0.914062 0.956250 0.923438 0.958333 0.934375 0.960417 0.945312 0.958333 0.946875 0.937500 0.946875 0.868750 0.950000 0.825000 0.950000 0.764583 0.953125 0.735417 0.954688 0.691667 0.954688 0.652083 0.956250 0.616667 0.959375 0.583333 0.959375 0.579167 0.956250 0.575000 0.945312 0.572917 0.931250 0.570833 0.910937 0.568750 0.892188 0.566667 0.889062 0.568750 0.885938 0.572917 0.882812 0.581250 0.878125 0.595833 0.871875 0.606250 0.870313 0.610417 0.864062 0.635417 0.862500 0.641667 0.857812 0.647917 0.848437 0.654167 0.832812 0.660417 0.829688 0.662500 0.826562 0.664583 0.809375 0.687500 0.790625 0.720833 0.784375 0.735417 0.778125 0.743750 0.771875 0.756250 0.764062 0.770833 0.762500 0.777083 0.750000 0.797917 0.740625 0.818750 0.735938 0.827083 0.731250 0.835417 0.723437 0.847917 0.712500 0.864583 0.687500 0.897917 0.684375 0.900000 0.681250 0.900000 0.678125 0.897917 0.675000 0.895833 0.670312 0.889583 0.670312 0.877083 0.675000 0.866667 0.682813 0.850000 0.687500 0.843750 0.689063 0.837500 0.696875 0.822917 0.701562 0.814583 0.712500 0.795833 0.726562 0.772917 0.742188 0.752083 0.753125 0.735417 0.757812 0.725000 0.765625 0.712500 0.778125 0.695833 0.787500 0.679167 0.801562 0.660417 0.807813 0.650000 0.809375 0.645833 0.810937 0.641667 0.812500 0.635417 0.812500 0.622917 0.814063 0.612500 0.815625 0.606250 0.817187 0.602083 0.818750 0.597917 0.823438 0.587500 0.829688 0.579167 0.834375 0.562500 0.821875 0.560417 0.818750 0.560417 0.815625 0.562500 0.812500 0.572917 0.809375 0.577083 0.803125 0.577083 0.792188 0.575000 0.754687 0.566667 0.737500 0.562500 0.729688 0.560417 0.721875 0.558333 0.715625 0.554167 0.701562 0.550000 0.693750 0.547917 0.684375 0.545833 0.667188 0.545833
10 0.685937 0.381250 0.682813 0.385417 0.682813 0.395833 0.679688 0.406250 0.678125 0.427083 0.676562 0.435417 0.675000 0.441667 0.673438 0.447917 0.671875 0.452083 0.667188 0.458333 0.667188 0.462500 0.664062 0.466667 0.662500 0.466667 0.659375 0.470833 0.657813 0.479167 0.656250 0.487500 0.654687 0.497917 0.653125 0.512500 0.653125 0.529167 0.656250 0.531250 0.660937 0.531250 0.665625 0.535417 0.670312 0.535417 0.675000 0.539583 0.679688 0.541667 0.700000 0.545833 0.707812 0.547917 0.712500 0.552083 0.718750 0.554167 0.726562 0.556250 0.734375 0.556250 0.748437 0.562500 0.764062 0.562500 0.775000 0.564583 0.781250 0.568750 0.789062 0.570833 0.798438 0.572917 0.803125 0.570833 0.804688 0.572917 0.807813 0.572917 0.810937 0.568750 0.812500 0.562500 0.817187 0.545833 0.817187 0.535417 0.821875 0.518750 0.823438 0.510417 0.825000 0.491667 0.826562 0.481250 0.829688 0.477083 0.831250 0.470833 0.831250 0.460417 0.834375 0.456250 0.834375 0.450000 0.837500 0.445833 0.837500 0.435417 0.835938 0.425000 0.831250 0.418750 0.825000 0.418750 0.818750 0.414583 0.804688 0.410417 0.779687 0.404167 0.770312 0.404167 0.762500 0.402083 0.754687 0.400000 0.740625 0.393750 0.731250 0.393750 0.715625 0.389583 0.700000 0.383333 0.690625 0.381250 0.685937 0.381250
8 0.285938 0.139583 0.278125 0.141667 0.271875 0.143750 0.265625 0.147917 0.256250 0.154167 0.250000 0.160417 0.243750 0.168750 0.239063 0.177083 0.232813 0.193750 0.231250 0.200000 0.229687 0.210417 0.229687 0.235417 0.231250 0.245833 0.232813 0.252083 0.235937 0.262500 0.239063 0.270833 0.243750 0.283333 0.246875 0.289583 0.257812 0.304167 0.267188 0.314583 0.271875 0.318750 0.278125 0.320833 0.289062 0.331250 0.296875 0.333333 0.303125 0.339583 0.306250 0.341667 0.310937 0.343750 0.317188 0.345833 0.340625 0.345833 0.346875 0.343750 0.351562 0.341667 0.356250 0.339583 0.359375 0.337500 0.362500 0.335417 0.367188 0.331250 0.378125 0.316667 0.384375 0.300000 0.385937 0.293750 0.387500 0.285417 0.387500 0.252083 0.385937 0.243750 0.384375 0.239583 0.381250 0.235417 0.381250 0.229167 0.376563 0.216667 0.368750 0.206250 0.365625 0.197917 0.360938 0.189583 0.345313 0.166667 0.342187 0.162500 0.337500 0.158333 0.331250 0.154167 0.318750 0.145833 0.314063 0.143750 0.307812 0.141667 0.301563 0.139583 0.285938 0.139583
0 0.512500 0.564583 0.504687 0.570833 0.496875 0.570833 0.489063 0.566667 0.484375 0.568750 0.481250 0.570833 0.473438 0.579167 0.470313 0.575000 0.460938 0.575000 0.456250 0.577083 0.456250 0.579167 0.453125 0.583333 0.445312 0.583333 0.442188 0.585417 0.439063 0.589583 0.439063 0.593750 0.434375 0.600000 0.426563 0.606250 0.423438 0.608333 0.418750 0.608333 0.415625 0.610417 0.412500 0.614583 0.412500 0.618750 0.410938 0.622917 0.409375 0.625000 0.407813 0.625000 0.401562 0.633333 0.392188 0.637500 0.389062 0.641667 0.387500 0.645833 0.387500 0.654167 0.390625 0.658333 0.390625 0.668750 0.387500 0.679167 0.385937 0.683333 0.381250 0.691667 0.379688 0.697917 0.379688 0.704167 0.376563 0.710417 0.376563 0.718750 0.379688 0.722917 0.384375 0.725000 0.387500 0.727083 0.387500 0.733333 0.385937 0.739583 0.385937 0.745833 0.387500 0.750000 0.393750 0.758333 0.393750 0.764583 0.398438 0.777083 0.396875 0.791667 0.396875 0.804167 0.398438 0.810417 0.407813 0.825000 0.412500 0.829167 0.420312 0.829167 0.421875 0.827083 0.431250 0.827083 0.434375 0.831250 0.435937 0.837500 0.439063 0.843750 0.442188 0.845833 0.442188 0.850000 0.446875 0.856250 0.450000 0.858333 0.454688 0.858333 0.459375 0.854167 0.462500 0.856250 0.465625 0.860417 0.465625 0.862500 0.468750 0.866667 0.473438 0.868750 0.476562 0.868750 0.485938 0.862500 0.492188 0.864583 0.495312 0.862500 0.498437 0.858333 0.500000 0.847917 0.504687 0.847917 0.509375 0.845833 0.514062 0.839583 0.531250 0.839583 0.535937 0.845833 0.540625 0.845833 0.546875 0.837500 0.546875 0.833333 0.545312 0.831250 0.546875 0.822917 0.548438 0.822917 0.551562 0.818750 0.557813 0.818750 0.560937 0.818750 0.564063 0.816667 0.567187 0.812500 0.568750 0.808333 0.568750 0.804167 0.573438 0.795833 0.575000 0.791667 0.575000 0.783333 0.579688 0.777083 0.581250 0.777083 0.587500 0.768750 0.585938 0.760417 0.584375 0.760417 0.581250 0.747917 0.581250 0.743750 0.589063 0.735417 0.592187 0.731250 0.592187 0.722917 0.592187 0.718750 0.592187 0.712500 0.598437 0.706250 0.598437 0.700000 0.596875 0.695833 0.593750 0.691667 0.590625 0.689583 0.587500 0.689583 0.582812 0.683333 0.581250 0.679167 0.581250 0.672917 0.585938 0.662500 0.589063 0.658333 0.590625 0.658333 0.592187 0.656250 0.593750 0.652083 0.593750 0.645833 0.592187 0.641667 0.589063 0.637500 0.578125 0.637500 0.575000 0.635417 0.573438 0.620833 0.570312 0.616667 0.568750 0.616667 0.565625 0.612500 0.565625 0.608333 0.560937 0.602083 0.557813 0.600000 0.554688 0.600000 0.553125 0.602083 0.550000 0.602083 0.546875 0.600000 0.545312 0.589583 0.540625 0.583333 0.532813 0.583333 0.529687 0.579167 0.526563 0.570833 0.521875 0.564583 0.512500 0.564583
26 0.220312 0.381250 0.217188 0.383333 0.200000 0.406250 0.195312 0.416667 0.193750 0.420833 0.193750 0.425000 0.192188 0.429167 0.190625 0.433333 0.185938 0.439583 0.184375 0.445833 0.181250 0.452083 0.173437 0.462500 0.173437 0.466667 0.171875 0.470833 0.175000 0.483333 0.175000 0.495833 0.176563 0.502083 0.181250 0.512500 0.184375 0.518750 0.189062 0.522917 0.190625 0.525000 0.200000 0.539583 0.201563 0.545833 0.212500 0.560417 0.217188 0.562500 0.220312 0.566667 0.220312 0.604167 0.221875 0.608333 0.225000 0.612500 0.229687 0.616667 0.234375 0.618750 0.256250 0.618750 0.262500 0.614583 0.265625 0.610417 0.267188 0.606250 0.271875 0.589583 0.271875 0.581250 0.273438 0.575000 0.278125 0.568750 0.285938 0.566667 0.292187 0.562500 0.295312 0.560417 0.296875 0.558333 0.298438 0.554167 0.300000 0.547917 0.301563 0.541667 0.303125 0.533333 0.304688 0.522917 0.304688 0.504167 0.306250 0.489583 0.307812 0.483333 0.309375 0.479167 0.314063 0.477083 0.317188 0.475000 0.320312 0.472917 0.325000 0.468750 0.332813 0.460417 0.340625 0.450000 0.342187 0.445833 0.342187 0.441667 0.343750 0.437500 0.348438 0.431250 0.348438 0.422917 0.345313 0.414583 0.340625 0.402083 0.337500 0.395833 0.331250 0.387500 0.321875 0.381250 0.306250 0.381250 0.292187 0.387500 0.282813 0.389583 0.264062 0.389583 0.254688 0.387500 0.239063 0.381250 0.220312 0.381250
