0 0.454688 0.762500 0.448437 0.764583 0.439063 0.768750 0.429688 0.772917 0.425000 0.775000 0.418750 0.781250 0.415625 0.783333 0.412500 0.783333 0.403125 0.789583 0.390625 0.800000 0.382812 0.808333 0.375000 0.816667 0.362500 0.833333 0.356250 0.843750 0.354687 0.847917 0.353125 0.852083 0.351562 0.858333 0.351562 0.870833 0.353125 0.875000 0.359375 0.883333 0.364063 0.887500 0.371875 0.889583 0.378125 0.887500 0.400000 0.872917 0.409375 0.862500 0.418750 0.854167 0.421875 0.852083 0.425000 0.850000 0.446875 0.837500 0.456250 0.833333 0.475000 0.827083 0.493750 0.818750 0.500000 0.814583 0.503125 0.810417 0.507812 0.797917 0.507812 0.783333 0.504687 0.777083 0.501563 0.772917 0.498437 0.770833 0.495312 0.768750 0.490625 0.768750 0.485938 0.772917 0.473438 0.772917 0.470313 0.770833 0.465625 0.764583 0.462500 0.762500 0.454688 0.762500
0 0.398438 0.502083 0.393750 0.504167 0.390625 0.506250 0.389062 0.516667 0.385937 0.520833 0.379688 0.522917 0.360938 0.522917 0.357812 0.527083 0.354687 0.537500 0.354687 0.543750 0.357812 0.572917 0.357812 0.581250 0.356250 0.587500 0.348438 0.604167 0.346875 0.612500 0.345313 0.616667 0.334375 0.643750 0.328125 0.654167 0.323437 0.666667 0.323437 0.683333 0.320312 0.687500 0.315625 0.689583 0.307812 0.700000 0.306250 0.704167 0.303125 0.714583 0.303125 0.720833 0.304688 0.722917 0.304688 0.731250 0.303125 0.735417 0.301563 0.737500 0.300000 0.737500 0.298438 0.739583 0.298438 0.741667 0.295312 0.745833 0.289062 0.760417 0.287500 0.766667 0.285938 0.772917 0.285938 0.783333 0.287500 0.789583 0.289062 0.793750 0.292187 0.797917 0.293750 0.797917 0.300000 0.804167 0.306250 0.812500 0.310937 0.816667 0.317188 0.818750 0.325000 0.820833 0.335938 0.820833 0.339062 0.820833 0.348438 0.808333 0.351562 0.806250 0.356250 0.806250 0.373437 0.808333 0.378125 0.806250 0.381250 0.804167 0.384375 0.802083 0.401562 0.787500 0.407813 0.779167 0.410938 0.772917 0.417187 0.758333 0.420312 0.747917 0.421875 0.741667 0.423438 0.735417 0.425000 0.720833 0.428125 0.714583 0.429688 0.706250 0.429688 0.697917 0.428125 0.654167 0.426563 0.647917 0.423438 0.641667 0.423438 0.635417 0.406250 0.612500 0.404687 0.608333 0.403125 0.604167 0.403125 0.583333 0.404687 0.572917 0.406250 0.566667 0.415625 0.554167 0.420312 0.552083 0.423438 0.550000 0.425000 0.520833 0.423438 0.516667 0.418750 0.510417 0.409375 0.504167 0.404687 0.502083 0.398438 0.502083
0 0.437500 0.654167 0.434375 0.656250 0.431250 0.660417 0.431250 0.697917 0.432812 0.710417 0.434375 0.716667 0.439063 0.729167 0.445312 0.737500 0.467187 0.764583 0.471875 0.768750 0.475000 0.770833 0.484375 0.770833 0.487500 0.768750 0.490625 0.764583 0.492188 0.758333 0.493750 0.747917 0.493750 0.731250 0.490625 0.722917 0.470313 0.668750 0.467187 0.664583 0.462500 0.660417 0.459375 0.658333 0.454688 0.656250 0.450000 0.654167 0.437500 0.654167
0 0.492188 0.654167 0.481250 0.656250 0.471875 0.660417 0.471875 0.670833 0.475000 0.681250 0.478125 0.689583 0.482812 0.702083 0.489063 0.716667 0.493750 0.722917 0.498437 0.727083 0.503125 0.731250 0.506250 0.733333 0.509375 0.735417 0.526563 0.743750 0.537500 0.743750 0.543750 0.737500 0.548438 0.731250 0.551562 0.725000 0.553125 0.720833 0.553125 0.716667 0.551562 0.712500 0.546875 0.704167 0.537500 0.691667 0.532813 0.681250 0.523438 0.666667 0.517188 0.658333 0.512500 0.656250 0.507812 0.654167 0.492188 0.654167
0 0.509375 0.589583 0.504687 0.591667 0.500000 0.595833 0.490625 0.597917 0.487500 0.600000 0.484375 0.602083 0.473438 0.616667 0.462500 0.635417 0.453125 0.645833 0.453125 0.654167 0.457813 0.656250 0.465625 0.654167 0.481250 0.656250 0.492188 0.654167 0.500000 0.652083 0.518750 0.643750 0.525000 0.641667 0.528125 0.639583 0.529687 0.625000 0.528125 0.610417 0.526563 0.606250 0.525000 0.602083 0.517188 0.591667 0.514062 0.589583 0.509375 0.589583
0 0.448437 0.541667 0.443750 0.545833 0.432812 0.547917 0.428125 0.550000 0.420312 0.556250 0.415625 0.556250 0.409375 0.562500 0.406250 0.572917 0.404687 0.581250 0.404687 0.606250 0.406250 0.610417 0.412500 0.620833 0.418750 0.629167 0.421875 0.631250 0.437500 0.631250 0.442188 0.635417 0.445312 0.635417 0.448437 0.633333 0.454688 0.625000 0.457813 0.622917 0.460938 0.622917 0.464062 0.620833 0.467187 0.618750 0.481250 0.602083 0.487500 0.593750 0.489063 0.589583 0.489063 0.562500 0.485938 0.558333 0.481250 0.554167 0.471875 0.550000 0.465625 0.543750 0.462500 0.541667 0.448437 0.541667
0 0.465625 0.520833 0.462500 0.522917 0.451562 0.535417 0.450000 0.539583 0.460938 0.539583 0.467187 0.543750 0.482812 0.554167 0.485938 0.558333 0.487500 0.558333 0.490625 0.566667 0.490625 0.587500 0.489063 0.591667 0.485938 0.595833 0.482812 0.600000 0.481250 0.602083 0.467187 0.618750 0.460938 0.625000 0.457813 0.625000 0.454688 0.627083 0.446875 0.639583 0.450000 0.645833 0.453125 0.645833 0.460938 0.633333 0.468750 0.625000 0.471875 0.620833 0.473438 0.614583 0.479687 0.606250 0.489063 0.597917 0.492188 0.591667 0.493750 0.587500 0.493750 0.564583 0.492188 0.558333 0.485938 0.541667 0.481250 0.531250 0.478125 0.525000 0.473438 0.520833 0.465625 0.520833
8 0.214062 0.016667 0.203125 0.020833 0.198437 0.022917 0.192188 0.029167 0.185938 0.031250 0.175000 0.045833 0.171875 0.052083 0.167187 0.062500 0.165625 0.066667 0.164062 0.070833 0.159375 0.087500 0.159375 0.127083 0.162500 0.137500 0.167187 0.147917 0.167187 0.154167 0.168750 0.158333 0.170313 0.162500 0.175000 0.168750 0.175000 0.170833 0.178125 0.175000 0.179688 0.175000 0.181250 0.177083 0.195312 0.197917 0.201563 0.202083 0.215625 0.218750 0.221875 0.225000 0.231250 0.233333 0.235937 0.237500 0.250000 0.247917 0.259375 0.258333 0.271875 0.266667 0.285938 0.272917 0.298438 0.275000 0.304688 0.275000 0.306250 0.272917 0.314063 0.272917 0.332813 0.264583 0.335938 0.262500 0.340625 0.256250 0.345313 0.247917 0.346875 0.243750 0.350000 0.233333 0.353125 0.218750 0.353125 0.191667 0.351562 0.181250 0.350000 0.177083 0.345313 0.168750 0.339062 0.147917 0.329688 0.133333 0.326562 0.122917 0.317188 0.104167 0.310937 0.095833 0.306250 0.081250 0.301563 0.072917 0.295312 0.064583 0.293750 0.058333 0.278125 0.037500 0.273438 0.033333 0.264062 0.027083 0.256250 0.022917 0.250000 0.020833 0.242188 0.018750 0.229687 0.016667 0.214062 0.016667
9 0.084375 0.091667 0.078125 0.093750 0.073438 0.100000 0.065625 0.104167 0.059375 0.112500 0.057813 0.116667 0.057813 0.125000 0.057813 0.127083 0.051562 0.137500 0.050000 0.141667 0.050000 0.147917 0.043750 0.154167 0.043750 0.158333 0.048438 0.160417 0.050000 0.162500 0.051562 0.166667 0.053125 0.195833 0.051562 0.216667 0.053125 0.225000 0.054688 0.229167 0.057813 0.233333 0.059375 0.241667 0.060937 0.245833 0.065625 0.254167 0.078125 0.270833 0.087500 0.281250 0.090625 0.283333 0.093750 0.285417 0.112500 0.295833 0.120313 0.300000 0.128125 0.302083 0.143750 0.312500 0.148438 0.314583 0.153125 0.316667 0.164062 0.320833 0.170313 0.322917 0.182812 0.325000 0.201563 0.325000 0.206250 0.320833 0.210938 0.314583 0.215625 0.312500 0.220312 0.308333 0.228125 0.297917 0.231250 0.295833 0.234375 0.295833 0.237500 0.293750 0.240625 0.289583 0.243750 0.279167 0.245312 0.268750 0.245312 0.252083 0.243750 0.247917 0.240625 0.243750 0.235937 0.239583 0.231250 0.237500 0.220312 0.227083 0.209375 0.212500 0.203125 0.206250 0.193750 0.200000 0.173437 0.172917 0.170313 0.164583 0.164062 0.147917 0.162500 0.135417 0.160938 0.131250 0.156250 0.125000 0.153125 0.122917 0.150000 0.120833 0.135937 0.114583 0.128125 0.114583 0.125000 0.110417 0.125000 0.106250 0.120313 0.100000 0.117188 0.097917 0.114062 0.095833 0.107813 0.093750 0.098437 0.091667 0.084375 0.091667
1 0.792188 0.483333 0.785937 0.487500 0.778125 0.487500 0.773438 0.493750 0.773438 0.504167 0.775000 0.512500 0.778125 0.516667 0.779687 0.531250 0.779687 0.564583 0.782813 0.572917 0.784375 0.581250 0.782813 0.647917 0.781250 0.708333 0.779687 0.737500 0.778125 0.756250 0.771875 0.775000 0.765625 0.783333 0.764062 0.787500 0.762500 0.791667 0.762500 0.812500 0.776563 0.812500 0.778125 0.814583 0.800000 0.814583 0.801562 0.816667 0.821875 0.816667 0.826562 0.814583 0.829688 0.812500 0.835938 0.814583 0.843750 0.820833 0.853125 0.822917 0.857812 0.825000 0.860938 0.829167 0.864062 0.829167 0.864062 0.822917 0.867188 0.812500 0.867188 0.797917 0.865625 0.791667 0.860938 0.783333 0.860938 0.743750 0.865625 0.685417 0.867188 0.614583 0.868750 0.585417 0.870313 0.575000 0.873437 0.570833 0.873437 0.562500 0.875000 0.560417 0.875000 0.554167 0.871875 0.552083 0.871875 0.543750 0.876563 0.525000 0.881250 0.514583 0.882812 0.508333 0.882812 0.502083 0.885938 0.495833 0.882812 0.493750 0.876563 0.491667 0.862500 0.489583 0.839063 0.489583 0.818750 0.483333 0.792188 0.483333
26 0.743750 0.108333 0.737500 0.110417 0.731250 0.114583 0.726562 0.116667 0.718750 0.127083 0.717187 0.135417 0.715625 0.160417 0.715625 0.175000 0.718750 0.181250 0.718750 0.185417 0.717187 0.189583 0.710938 0.200000 0.707812 0.206250 0.707812 0.220833 0.712500 0.247917 0.712500 0.272917 0.710938 0.279167 0.709375 0.283333 0.700000 0.304167 0.696875 0.314583 0.695312 0.322917 0.695312 0.341667 0.707812 0.358333 0.714063 0.360417 0.717187 0.364583 0.720313 0.366667 0.726562 0.366667 0.732812 0.362500 0.756250 0.360417 0.759375 0.362500 0.767188 0.360417 0.765625 0.350000 0.768750 0.345833 0.775000 0.345833 0.778125 0.350000 0.790625 0.368750 0.795312 0.372917 0.798438 0.372917 0.803125 0.364583 0.818750 0.366667 0.828125 0.366667 0.834375 0.364583 0.837500 0.362500 0.840625 0.360417 0.843750 0.356250 0.845313 0.356250 0.846875 0.354167 0.848437 0.350000 0.850000 0.345833 0.850000 0.339583 0.854688 0.333333 0.857812 0.333333 0.873437 0.335417 0.878125 0.331250 0.887500 0.318750 0.889062 0.314583 0.889062 0.304167 0.890625 0.297917 0.893750 0.293750 0.895312 0.287500 0.895312 0.250000 0.893750 0.245833 0.890625 0.239583 0.881250 0.227083 0.875000 0.220833 0.867188 0.214583 0.859375 0.210417 0.850000 0.208333 0.845313 0.204167 0.840625 0.204167 0.835938 0.210417 0.832812 0.216667 0.829688 0.227083 0.825000 0.237500 0.821875 0.241667 0.818750 0.237500 0.818750 0.231250 0.814063 0.218750 0.809375 0.210417 0.801562 0.202083 0.796875 0.195833 0.789062 0.181250 0.787500 0.177083 0.789062 0.147917 0.789062 0.137500 0.787500 0.135417 0.787500 0.122917 0.785937 0.118750 0.782813 0.114583 0.779687 0.112500 0.776563 0.110417 0.771875 0.108333 0.759375 0.106250 0.743750 0.108333
24 0.203125 0.558333 0.196875 0.560417 0.190625 0.564583 0.184375 0.564583 0.176563 0.570833 0.168750 0.572917 0.134375 0.581250 0.128125 0.583333 0.117188 0.587500 0.114062 0.589583 0.112500 0.591667 0.112500 0.593750 0.109375 0.597917 0.109375 0.612500 0.112500 0.620833 0.112500 0.629167 0.121875 0.670833 0.121875 0.683333 0.123438 0.691667 0.129688 0.714583 0.129688 0.722917 0.135937 0.743750 0.137500 0.764583 0.143750 0.785417 0.143750 0.793750 0.150000 0.802083 0.154688 0.804167 0.160938 0.804167 0.165625 0.800000 0.175000 0.800000 0.189062 0.795833 0.200000 0.791667 0.204687 0.789583 0.209375 0.787500 0.212500 0.785417 0.215625 0.781250 0.215625 0.777083 0.212500 0.770833 0.210938 0.760417 0.209375 0.750000 0.209375 0.731250 0.206250 0.712500 0.204687 0.689583 0.206250 0.670833 0.207813 0.650000 0.209375 0.639583 0.210938 0.629167 0.215625 0.606250 0.217188 0.602083 0.221875 0.593750 0.221875 0.581250 0.220312 0.577083 0.214062 0.562500 0.210938 0.558333 0.203125 0.558333
6 0.778125 0.593750 0.775000 0.604167 0.775000 0.625000 0.773438 0.639583 0.770312 0.654167 0.770312 0.672917 0.767188 0.687500 0.765625 0.708333 0.765625 0.729167 0.764062 0.750000 0.762500 0.770833 0.760938 0.779167 0.757812 0.781250 0.757812 0.785417 0.754687 0.789583 0.753125 0.800000 0.756250 0.818750 0.756250 0.825000 0.754687 0.843750 0.753125 0.860417 0.751563 0.875000 0.750000 0.881250 0.746875 0.885417 0.745313 0.891667 0.754687 0.889583 0.756250 0.875000 0.767188 0.877083 0.776563 0.875000 0.785937 0.870833 0.785937 0.868750 0.787500 0.864583 0.785937 0.852083 0.784375 0.839583 0.782813 0.831250 0.781250 0.825000 0.779687 0.820833 0.778125 0.818750 0.775000 0.816667 0.764062 0.816667 0.760938 0.812500 0.760938 0.793750 0.762500 0.789583 0.765625 0.783333 0.770312 0.777083 0.771875 0.772917 0.773438 0.768750 0.775000 0.760417 0.776563 0.750000 0.778125 0.729167 0.778125 0.633333 0.779687 0.631250 0.779687 0.585417 0.778125 0.593750
6 0.737500 0.404167 0.735938 0.408333 0.735938 0.472917 0.735938 0.502083 0.734375 0.510417 0.732812 0.516667 0.728125 0.525000 0.726562 0.529167 0.725000 0.535417 0.723437 0.550000 0.725000 0.589583 0.726562 0.625000 0.728125 0.660417 0.731250 0.691667 0.731250 0.777083 0.732812 0.779167 0.732812 0.787500 0.735938 0.783333 0.735938 0.770833 0.739062 0.756250 0.743750 0.712500 0.743750 0.695833 0.746875 0.679167 0.746875 0.647917 0.743750 0.633333 0.737500 0.616667 0.735938 0.610417 0.734375 0.597917 0.734375 0.593750 0.735938 0.579167 0.740625 0.554167 0.745313 0.535417 0.756250 0.506250 0.762500 0.491667 0.768750 0.483333 0.768750 0.481250 0.773438 0.475000 0.778125 0.475000 0.781250 0.479167 0.785937 0.477083 0.787500 0.472917 0.789062 0.458333 0.789062 0.441667 0.790625 0.439583 0.790625 0.425000 0.789062 0.422917 0.787500 0.404167 0.748437 0.402083 0.737500 0.404167
6 0.623437 0.400000 0.621875 0.410417 0.621875 0.452083 0.620313 0.481250 0.617188 0.493750 0.615625 0.514583 0.615625 0.541667 0.610938 0.589583 0.610938 0.616667 0.607812 0.643750 0.607812 0.693750 0.606250 0.725000 0.603125 0.754167 0.603125 0.787500 0.600000 0.818750 0.598437 0.847917 0.598437 0.864583 0.600000 0.868750 0.603125 0.870833 0.615625 0.872917 0.635938 0.872917 0.660937 0.879167 0.693750 0.881250 0.715625 0.885417 0.717187 0.887500 0.725000 0.887500 0.723437 0.872917 0.714063 0.872917 0.709375 0.866667 0.707812 0.858333 0.706250 0.833333 0.704688 0.802083 0.704688 0.654167 0.706250 0.610417 0.709375 0.568750 0.709375 0.543750 0.707812 0.537500 0.706250 0.531250 0.703125 0.525000 0.695312 0.514583 0.693750 0.510417 0.692187 0.506250 0.690625 0.493750 0.690625 0.470833 0.693750 0.412500 0.693750 0.408333 0.692187 0.406250 0.692187 0.402083 0.689063 0.400000 0.653125 0.397917 0.623437 0.400000
23 0.193750 0.810417 0.175000 0.812500 0.160938 0.814583 0.157812 0.816667 0.154688 0.820833 0.153125 0.827083 0.153125 0.852083 0.154688 0.856250 0.185938 0.858333 0.214062 0.856250 0.234375 0.854167 0.235937 0.852083 0.242188 0.852083 0.242188 0.847917 0.237500 0.839583 0.231250 0.822917 0.228125 0.816667 0.223438 0.810417 0.193750 0.810417
7 0.100000 0.318750 0.092188 0.320833 0.087500 0.322917 0.082812 0.325000 0.070312 0.333333 0.065625 0.337500 0.059375 0.343750 0.046875 0.360417 0.039062 0.375000 0.037500 0.379167 0.035937 0.383333 0.034375 0.389583 0.032813 0.395833 0.031250 0.404167 0.029687 0.412500 0.029687 0.450000 0.031250 0.458333 0.035937 0.477083 0.037500 0.481250 0.039062 0.485417 0.042188 0.491667 0.045312 0.497917 0.051562 0.508333 0.054688 0.512500 0.062500 0.520833 0.068750 0.527083 0.079687 0.535417 0.084375 0.537500 0.093750 0.541667 0.101562 0.543750 0.131250 0.543750 0.139063 0.541667 0.148438 0.537500 0.162500 0.531250 0.171875 0.525000 0.176563 0.518750 0.184375 0.514583 0.190625 0.506250 0.198437 0.500000 0.209375 0.493750 0.217188 0.483333 0.220312 0.477083 0.225000 0.464583 0.226562 0.458333 0.226562 0.441667 0.209375 0.418750 0.204687 0.410417 0.203125 0.406250 0.198437 0.389583 0.196875 0.377083 0.195312 0.372917 0.190625 0.366667 0.187500 0.362500 0.170313 0.341667 0.165625 0.337500 0.154688 0.329167 0.151562 0.327083 0.137500 0.320833 0.129688 0.318750 0.100000 0.318750
20 0.365625 0.131250 0.362500 0.133333 0.359375 0.137500 0.357812 0.143750 0.357812 0.162500 0.359375 0.189583 0.357812 0.268750 0.354687 0.289583 0.354687 0.297917 0.356250 0.302083 0.357812 0.306250 0.359375 0.308333 0.362500 0.310417 0.409375 0.310417 0.421875 0.314583 0.453125 0.316667 0.498437 0.316667 0.504687 0.320833 0.523438 0.322917 0.582812 0.325000 0.623437 0.325000 0.629687 0.322917 0.634375 0.320833 0.637500 0.318750 0.642188 0.312500 0.643750 0.247917 0.645312 0.177083 0.645312 0.150000 0.643750 0.145833 0.637500 0.141667 0.571875 0.141667 0.515625 0.139583 0.459375 0.137500 0.420312 0.135417 0.385937 0.131250 0.365625 0.131250
19 0.260937 0.289583 0.246875 0.291667 0.243750 0.295833 0.235937 0.297917 0.232813 0.300000 0.229687 0.302083 0.225000 0.306250 0.210938 0.325000 0.207813 0.331250 0.206250 0.335417 0.204687 0.339583 0.203125 0.345833 0.201563 0.352083 0.201563 0.385417 0.203125 0.393750 0.206250 0.404167 0.209375 0.408333 0.210938 0.416667 0.212500 0.420833 0.217188 0.427083 0.228125 0.439583 0.235937 0.445833 0.240625 0.447917 0.245312 0.450000 0.253125 0.452083 0.262500 0.454167 0.273438 0.456250 0.309375 0.456250 0.312500 0.452083 0.317188 0.450000 0.326562 0.447917 0.329688 0.445833 0.340625 0.431250 0.345313 0.422917 0.348438 0.416667 0.350000 0.412500 0.350000 0.402083 0.353125 0.395833 0.353125 0.387500 0.351562 0.377083 0.350000 0.370833 0.348438 0.366667 0.343750 0.356250 0.335938 0.343750 0.326562 0.331250 0.312500 0.316667 0.307812 0.312500 0.303125 0.310417 0.298438 0.304167 0.293750 0.300000 0.282813 0.293750 0.278125 0.291667 0.271875 0.289583 0.264062 0.289583 0.260937 0.289583
3 0.718750 0.377083 0.718750 0.379167 0.715625 0.383333 0.712500 0.377083 0.707812 0.377083 0.704688 0.383333 0.700000 0.377083 0.696875 0.381250 0.695312 0.395833 0.693750 0.427083 0.692187 0.479167 0.692187 0.491667 0.693750 0.506250 0.695312 0.510417 0.698438 0.516667 0.704688 0.525000 0.707812 0.531250 0.709375 0.535417 0.710938 0.541667 0.710938 0.572917 0.709375 0.620833 0.706250 0.668750 0.706250 0.789583 0.707812 0.827083 0.709375 0.856250 0.710938 0.866667 0.714063 0.870833 0.725000 0.868750 0.726562 0.864583 0.728125 0.843750 0.729688 0.820833 0.729688 0.702083 0.726562 0.668750 0.723437 0.600000 0.721875 0.556250 0.721875 0.545833 0.723437 0.533333 0.726562 0.525000 0.731250 0.516667 0.732812 0.508333 0.734375 0.500000 0.734375 0.479167 0.734375 0.420833 0.731250 0.375000 0.728125 0.381250 0.723437 0.375000 0.718750 0.377083
5 0.775000 0.477083 0.768750 0.485417 0.764062 0.493750 0.759375 0.504167 0.748437 0.533333 0.745313 0.543750 0.743750 0.550000 0.739062 0.575000 0.737500 0.585417 0.737500 0.606250 0.739062 0.612500 0.740625 0.618750 0.746875 0.635417 0.748437 0.641667 0.750000 0.650000 0.750000 0.670833 0.746875 0.702083 0.743750 0.733333 0.742188 0.747917 0.740625 0.762500 0.735938 0.804167 0.728125 0.854167 0.728125 0.883333 0.732812 0.889583 0.735938 0.891667 0.739062 0.891667 0.743750 0.887500 0.746875 0.881250 0.748437 0.875000 0.750000 0.862500 0.750000 0.843750 0.751563 0.827083 0.756250 0.800000 0.759375 0.772917 0.760938 0.752083 0.760938 0.729167 0.762500 0.704167 0.764062 0.687500 0.767188 0.672917 0.768750 0.656250 0.771875 0.622917 0.773438 0.602083 0.775000 0.577083 0.775000 0.547917 0.776563 0.545833 0.776563 0.518750 0.773438 0.510417 0.773438 0.493750 0.778125 0.481250 0.775000 0.477083
