0 0.328125 0.660417 0.325000 0.662500 0.325000 0.681250 0.326562 0.695833 0.328125 0.712500 0.329688 0.716667 0.331250 0.720833 0.334375 0.727083 0.339062 0.733333 0.342187 0.735417 0.354687 0.741667 0.359375 0.743750 0.364063 0.745833 0.371875 0.745833 0.382812 0.737500 0.387500 0.735417 0.393750 0.735417 0.401562 0.731250 0.401562 0.727083 0.396875 0.718750 0.395313 0.706250 0.396875 0.693750 0.396875 0.687500 0.393750 0.685417 0.387500 0.681250 0.382812 0.679167 0.376563 0.677083 0.367188 0.677083 0.360938 0.675000 0.356250 0.672917 0.353125 0.668750 0.350000 0.666667 0.345313 0.666667 0.340625 0.662500 0.335938 0.660417 0.328125 0.660417
0 0.445312 0.116667 0.439063 0.118750 0.434375 0.120833 0.421875 0.129167 0.417187 0.133333 0.412500 0.137500 0.409375 0.141667 0.401562 0.154167 0.398438 0.160417 0.392188 0.177083 0.390625 0.183333 0.389062 0.189583 0.387500 0.200000 0.387500 0.227083 0.389062 0.237500 0.390625 0.243750 0.392188 0.250000 0.393750 0.254167 0.396875 0.260417 0.400000 0.266667 0.406250 0.277083 0.412500 0.285417 0.420312 0.293750 0.425000 0.297917 0.428125 0.300000 0.431250 0.302083 0.435937 0.304167 0.442188 0.306250 0.451562 0.308333 0.462500 0.308333 0.471875 0.306250 0.476562 0.304167 0.481250 0.302083 0.489063 0.297917 0.496875 0.291667 0.501563 0.287500 0.509375 0.277083 0.515625 0.266667 0.520312 0.258333 0.521875 0.254167 0.523438 0.250000 0.528125 0.231250 0.529687 0.218750 0.529687 0.195833 0.528125 0.183333 0.526563 0.177083 0.525000 0.170833 0.520312 0.158333 0.517188 0.152083 0.501563 0.131250 0.498437 0.129167 0.487500 0.122917 0.473438 0.116667 0.445312 0.116667
0 0.470313 0.616667 0.467187 0.620833 0.457813 0.627083 0.453125 0.629167 0.439063 0.633333 0.431250 0.635417 0.420312 0.637500 0.401562 0.639583 0.376563 0.639583 0.359375 0.637500 0.353125 0.635417 0.343750 0.631250 0.337500 0.629167 0.329688 0.622917 0.325000 0.616667 0.320312 0.622917 0.320312 0.639583 0.321875 0.643750 0.331250 0.656250 0.334375 0.658333 0.342187 0.660417 0.360938 0.672917 0.368750 0.675000 0.378125 0.677083 0.385937 0.677083 0.400000 0.672917 0.404687 0.672917 0.435937 0.677083 0.443750 0.677083 0.450000 0.672917 0.464062 0.668750 0.471875 0.668750 0.476562 0.666667 0.484375 0.656250 0.485938 0.652083 0.487500 0.647917 0.489063 0.641667 0.489063 0.635417 0.487500 0.629167 0.478125 0.616667 0.475000 0.614583 0.470313 0.616667
0 0.465625 0.554167 0.460938 0.556250 0.456250 0.560417 0.450000 0.562500 0.440625 0.562500 0.431250 0.566667 0.415625 0.568750 0.392188 0.570833 0.375000 0.570833 0.362500 0.566667 0.337500 0.566667 0.331250 0.568750 0.326562 0.572917 0.321875 0.579167 0.318750 0.585417 0.317188 0.591667 0.317188 0.595833 0.318750 0.602083 0.320312 0.606250 0.323437 0.610417 0.323437 0.612500 0.325000 0.614583 0.326562 0.614583 0.334375 0.622917 0.337500 0.625000 0.345313 0.629167 0.350000 0.631250 0.354687 0.633333 0.360938 0.635417 0.376563 0.637500 0.403125 0.637500 0.418750 0.635417 0.429688 0.633333 0.437500 0.631250 0.451562 0.627083 0.457813 0.625000 0.460938 0.622917 0.464062 0.620833 0.468750 0.616667 0.482812 0.597917 0.485938 0.591667 0.487500 0.585417 0.487500 0.570833 0.484375 0.562500 0.481250 0.560417 0.475000 0.556250 0.470313 0.554167 0.465625 0.554167
0 0.392188 0.518750 0.364063 0.520833 0.354687 0.522917 0.343750 0.525000 0.337500 0.527083 0.329688 0.531250 0.320312 0.537500 0.309375 0.547917 0.306250 0.552083 0.303125 0.558333 0.301563 0.566667 0.301563 0.575000 0.303125 0.579167 0.304688 0.583333 0.309375 0.589583 0.312500 0.591667 0.315625 0.591667 0.317188 0.587500 0.318750 0.581250 0.329688 0.566667 0.334375 0.564583 0.365625 0.564583 0.409375 0.566667 0.425000 0.564583 0.435937 0.562500 0.443750 0.558333 0.453125 0.558333 0.457813 0.556250 0.464062 0.552083 0.464062 0.547917 0.462500 0.543750 0.460938 0.541667 0.456250 0.539583 0.453125 0.535417 0.450000 0.533333 0.442188 0.529167 0.429688 0.522917 0.425000 0.520833 0.395313 0.518750 0.392188 0.518750
0 0.407813 0.683333 0.401562 0.687500 0.398438 0.691667 0.396875 0.695833 0.396875 0.706250 0.398438 0.716667 0.400000 0.720833 0.404687 0.727083 0.404687 0.737500 0.407813 0.743750 0.407813 0.752083 0.404687 0.762500 0.400000 0.775000 0.396875 0.779167 0.395313 0.785417 0.392188 0.793750 0.395313 0.797917 0.400000 0.802083 0.403125 0.804167 0.406250 0.806250 0.412500 0.806250 0.418750 0.800000 0.431250 0.783333 0.435937 0.779167 0.440625 0.775000 0.443750 0.772917 0.446875 0.770833 0.451562 0.768750 0.459375 0.768750 0.462500 0.770833 0.465625 0.775000 0.465625 0.777083 0.470313 0.783333 0.475000 0.783333 0.478125 0.781250 0.482812 0.775000 0.484375 0.766667 0.484375 0.741667 0.482812 0.733333 0.481250 0.729167 0.475000 0.720833 0.471875 0.710417 0.467187 0.702083 0.462500 0.697917 0.457813 0.693750 0.454688 0.691667 0.440625 0.685417 0.434375 0.683333 0.407813 0.683333
20 0.140625 0.564583 0.135937 0.566667 0.131250 0.568750 0.126562 0.575000 0.121875 0.587500 0.121875 0.600000 0.120313 0.610417 0.118750 0.620833 0.112500 0.650000 0.110937 0.660417 0.110937 0.670833 0.106250 0.700000 0.096875 0.750000 0.095312 0.764583 0.095312 0.779167 0.093750 0.789583 0.090625 0.808333 0.087500 0.816667 0.082812 0.845833 0.078125 0.875000 0.071875 0.925000 0.067187 0.941667 0.067187 0.958333 0.068750 0.962500 0.070312 0.964583 0.073438 0.966667 0.081250 0.968750 0.095312 0.968750 0.104688 0.972917 0.114062 0.972917 0.160938 0.985417 0.181250 0.989583 0.192188 0.991667 0.196875 0.991667 0.201563 0.989583 0.204687 0.987500 0.209375 0.981250 0.210938 0.977083 0.212500 0.960417 0.215625 0.933333 0.215625 0.910417 0.217188 0.891667 0.218750 0.877083 0.221875 0.868750 0.221875 0.858333 0.225000 0.847917 0.226562 0.837500 0.228125 0.825000 0.226562 0.816667 0.217188 0.789583 0.215625 0.783333 0.214062 0.777083 0.207813 0.743750 0.206250 0.727083 0.204687 0.704167 0.204687 0.687500 0.206250 0.664583 0.207813 0.650000 0.209375 0.639583 0.210938 0.631250 0.212500 0.622917 0.218750 0.600000 0.218750 0.587500 0.215625 0.585417 0.209375 0.585417 0.207813 0.583333 0.201563 0.583333 0.195312 0.581250 0.190625 0.577083 0.181250 0.577083 0.171875 0.570833 0.159375 0.570833 0.154688 0.566667 0.146875 0.564583 0.140625 0.564583
0 0.390625 0.737500 0.384375 0.739583 0.375000 0.745833 0.370312 0.750000 0.365625 0.756250 0.362500 0.766667 0.356250 0.775000 0.354687 0.775000 0.348438 0.783333 0.342187 0.800000 0.342187 0.831250 0.346875 0.850000 0.346875 0.862500 0.348438 0.868750 0.350000 0.872917 0.353125 0.877083 0.356250 0.879167 0.359375 0.881250 0.364063 0.883333 0.368750 0.883333 0.371875 0.881250 0.376563 0.875000 0.378125 0.870833 0.376563 0.860417 0.379688 0.856250 0.384375 0.852083 0.387500 0.850000 0.393750 0.847917 0.403125 0.845833 0.414062 0.845833 0.426563 0.850000 0.439063 0.847917 0.440625 0.843750 0.442188 0.829167 0.443750 0.827083 0.442188 0.820833 0.437500 0.818750 0.421875 0.804167 0.418750 0.802083 0.415625 0.804167 0.412500 0.808333 0.404687 0.808333 0.401562 0.806250 0.398438 0.804167 0.393750 0.800000 0.389062 0.793750 0.389062 0.787500 0.396875 0.777083 0.400000 0.770833 0.406250 0.752083 0.406250 0.745833 0.403125 0.741667 0.403125 0.739583 0.390625 0.737500
24 0.548438 0.362500 0.543750 0.366667 0.534375 0.379167 0.528125 0.383333 0.510938 0.406250 0.504687 0.410417 0.489063 0.429167 0.481250 0.439583 0.479687 0.443750 0.485938 0.450000 0.504687 0.464583 0.510938 0.466667 0.517188 0.475000 0.525000 0.479167 0.529687 0.483333 0.537500 0.491667 0.543750 0.500000 0.554688 0.516667 0.556250 0.518750 0.559375 0.527083 0.567187 0.537500 0.570312 0.543750 0.573438 0.550000 0.578125 0.560417 0.589063 0.589583 0.589063 0.595833 0.592187 0.602083 0.596875 0.602083 0.600000 0.595833 0.617188 0.575000 0.631250 0.560417 0.632812 0.560417 0.635938 0.556250 0.654687 0.529167 0.654687 0.518750 0.653125 0.514583 0.645312 0.502083 0.642188 0.497917 0.637500 0.489583 0.626563 0.475000 0.626563 0.472917 0.610938 0.447917 0.600000 0.433333 0.595313 0.422917 0.584375 0.408333 0.579688 0.397917 0.565625 0.377083 0.557813 0.366667 0.551562 0.362500 0.548438 0.362500
7 0.626563 0.143750 0.620313 0.145833 0.606250 0.152083 0.603125 0.154167 0.600000 0.156250 0.592187 0.164583 0.590625 0.164583 0.589063 0.166667 0.576562 0.185417 0.575000 0.189583 0.575000 0.193750 0.571875 0.197917 0.570312 0.202083 0.568750 0.208333 0.562500 0.235417 0.560937 0.243750 0.560937 0.258333 0.557813 0.270833 0.556250 0.285417 0.556250 0.318750 0.560937 0.331250 0.565625 0.339583 0.579688 0.358333 0.584375 0.362500 0.592187 0.368750 0.603125 0.370833 0.620313 0.370833 0.631250 0.368750 0.639062 0.364583 0.643750 0.362500 0.650000 0.354167 0.667188 0.341667 0.675000 0.333333 0.682813 0.325000 0.695312 0.308333 0.698438 0.300000 0.704688 0.283333 0.706250 0.277083 0.707812 0.270833 0.709375 0.262500 0.710938 0.250000 0.710938 0.222917 0.706250 0.206250 0.700000 0.187500 0.682813 0.164583 0.678125 0.162500 0.673438 0.156250 0.670312 0.154167 0.656250 0.145833 0.650000 0.143750 0.626563 0.143750
9 0.042188 0.052083 0.034375 0.054167 0.026562 0.058333 0.020313 0.062500 0.010937 0.068750 0.006250 0.072917 0.000000 0.079167 0.001563 0.250000 0.003125 0.250000 0.012500 0.258333 0.017188 0.264583 0.021875 0.268750 0.031250 0.275000 0.059375 0.293750 0.076563 0.302083 0.093750 0.308333 0.114062 0.320833 0.123438 0.322917 0.128125 0.325000 0.154688 0.337500 0.157812 0.339583 0.160938 0.343750 0.164062 0.345833 0.167187 0.347917 0.171875 0.350000 0.189062 0.356250 0.195312 0.358333 0.203125 0.358333 0.210938 0.362500 0.218750 0.362500 0.235937 0.360417 0.250000 0.354167 0.257812 0.350000 0.265625 0.343750 0.271875 0.335417 0.275000 0.329167 0.275000 0.325000 0.273438 0.316667 0.275000 0.306250 0.276562 0.297917 0.281250 0.281250 0.281250 0.264583 0.279687 0.258333 0.278125 0.252083 0.275000 0.245833 0.271875 0.239583 0.267188 0.231250 0.262500 0.225000 0.260937 0.225000 0.254688 0.216667 0.242188 0.206250 0.234375 0.195833 0.220312 0.183333 0.206250 0.168750 0.196875 0.156250 0.192188 0.152083 0.182812 0.145833 0.171875 0.135417 0.165625 0.129167 0.156250 0.116667 0.146875 0.106250 0.139063 0.102083 0.134375 0.097917 0.112500 0.075000 0.107813 0.070833 0.103125 0.066667 0.090625 0.058333 0.084375 0.056250 0.078125 0.054167 0.064062 0.052083 0.042188 0.052083
3 0.693750 0.445833 0.689063 0.450000 0.682813 0.447917 0.678125 0.452083 0.671875 0.450000 0.668750 0.454167 0.660937 0.454167 0.660937 0.464583 0.664062 0.483333 0.664062 0.506250 0.667188 0.522917 0.667188 0.541667 0.668750 0.554167 0.670312 0.562500 0.671875 0.568750 0.673438 0.575000 0.675000 0.579167 0.676562 0.583333 0.684375 0.595833 0.692187 0.604167 0.695312 0.610417 0.696875 0.614583 0.698438 0.620833 0.700000 0.633333 0.701562 0.670833 0.706250 0.718750 0.707812 0.733333 0.710938 0.747917 0.710938 0.762500 0.714063 0.789583 0.715625 0.802083 0.717187 0.814583 0.723437 0.841667 0.726562 0.868750 0.732812 0.895833 0.732812 0.906250 0.734375 0.914583 0.737500 0.920833 0.739062 0.933333 0.740625 0.939583 0.742188 0.943750 0.745313 0.947917 0.753125 0.947917 0.762500 0.943750 0.762500 0.935417 0.760938 0.920833 0.757812 0.906250 0.757812 0.891667 0.756250 0.879167 0.751563 0.845833 0.750000 0.835417 0.748437 0.827083 0.745313 0.818750 0.743750 0.808333 0.742188 0.789583 0.734375 0.745833 0.726562 0.714583 0.725000 0.706250 0.723437 0.697917 0.723437 0.689583 0.718750 0.664583 0.714063 0.650000 0.710938 0.631250 0.709375 0.620833 0.709375 0.595833 0.712500 0.587500 0.714063 0.577083 0.714063 0.562500 0.709375 0.529167 0.707812 0.518750 0.703125 0.497917 0.700000 0.477083 0.698438 0.464583 0.698438 0.452083 0.696875 0.450000 0.696875 0.445833 0.693750 0.445833
8 0.328125 0.239583 0.321875 0.241667 0.317188 0.243750 0.307812 0.250000 0.303125 0.254167 0.295312 0.262500 0.293750 0.264583 0.287500 0.275000 0.282813 0.287500 0.279687 0.297917 0.278125 0.308333 0.276562 0.322917 0.276562 0.343750 0.281250 0.362500 0.282813 0.368750 0.287500 0.379167 0.304688 0.402083 0.310937 0.408333 0.321875 0.416667 0.331250 0.422917 0.337500 0.422917 0.342187 0.427083 0.350000 0.429167 0.373437 0.429167 0.381250 0.427083 0.392188 0.422917 0.401562 0.416667 0.407813 0.410417 0.418750 0.395833 0.421875 0.389583 0.423438 0.385417 0.425000 0.379167 0.426563 0.372917 0.428125 0.362500 0.428125 0.339583 0.426563 0.329167 0.425000 0.322917 0.423438 0.318750 0.420312 0.314583 0.418750 0.306250 0.415625 0.300000 0.412500 0.293750 0.401562 0.275000 0.387500 0.256250 0.379688 0.250000 0.376563 0.247917 0.373437 0.245833 0.365625 0.241667 0.357812 0.239583 0.328125 0.239583
6 0.714063 0.529167 0.712500 0.533333 0.712500 0.537500 0.714063 0.550000 0.717187 0.558333 0.717187 0.581250 0.712500 0.595833 0.712500 0.614583 0.714063 0.627083 0.717187 0.637500 0.717187 0.650000 0.718750 0.656250 0.721875 0.662500 0.723437 0.672917 0.725000 0.689583 0.732812 0.731250 0.737500 0.745833 0.739062 0.764583 0.746875 0.797917 0.748437 0.818750 0.753125 0.835417 0.753125 0.845833 0.756250 0.856250 0.756250 0.870833 0.759375 0.879167 0.760938 0.891667 0.760938 0.902083 0.762500 0.912500 0.765625 0.920833 0.770312 0.920833 0.775000 0.922917 0.779687 0.927083 0.784375 0.929167 0.792188 0.931250 0.804688 0.931250 0.809375 0.933333 0.812500 0.937500 0.817187 0.939583 0.823438 0.941667 0.826562 0.939583 0.842187 0.943750 0.845313 0.943750 0.850000 0.941667 0.851562 0.933333 0.853125 0.925000 0.853125 0.908333 0.856250 0.893750 0.857812 0.879167 0.857812 0.860417 0.860938 0.841667 0.860938 0.820833 0.862500 0.802083 0.865625 0.793750 0.865625 0.777083 0.868750 0.762500 0.868750 0.741667 0.870313 0.722917 0.871875 0.714583 0.875000 0.706250 0.876563 0.695833 0.879687 0.670833 0.882812 0.647917 0.882812 0.633333 0.887500 0.610417 0.889062 0.589583 0.889062 0.570833 0.887500 0.566667 0.884375 0.564583 0.878125 0.564583 0.867188 0.558333 0.857812 0.558333 0.850000 0.554167 0.837500 0.554167 0.804688 0.547917 0.793750 0.545833 0.778125 0.539583 0.748437 0.535417 0.739062 0.531250 0.728125 0.529167 0.714063 0.529167
6 0.660937 0.522917 0.650000 0.539583 0.640625 0.547917 0.637500 0.552083 0.623437 0.572917 0.621875 0.575000 0.604688 0.593750 0.596875 0.604167 0.596875 0.616667 0.601562 0.637500 0.603125 0.647917 0.604688 0.660417 0.606250 0.689583 0.604688 0.725000 0.603125 0.739583 0.601562 0.752083 0.598437 0.762500 0.598437 0.772917 0.595313 0.783333 0.592187 0.795833 0.589063 0.806250 0.584375 0.818750 0.576562 0.833333 0.576562 0.837500 0.570312 0.847917 0.565625 0.852083 0.564063 0.858333 0.559375 0.864583 0.559375 0.868750 0.560937 0.872917 0.564063 0.875000 0.590625 0.875000 0.612500 0.877083 0.623437 0.879167 0.632812 0.881250 0.646875 0.885417 0.653125 0.887500 0.665625 0.893750 0.671875 0.895833 0.696875 0.900000 0.704688 0.902083 0.710938 0.906250 0.720313 0.908333 0.729688 0.908333 0.729688 0.900000 0.728125 0.897917 0.728125 0.887500 0.726562 0.879167 0.723437 0.870833 0.718750 0.843750 0.718750 0.833333 0.714063 0.814583 0.710938 0.791667 0.710938 0.777083 0.707812 0.764583 0.706250 0.737500 0.703125 0.725000 0.703125 0.700000 0.700000 0.687500 0.698438 0.670833 0.698438 0.650000 0.696875 0.629167 0.695312 0.620833 0.693750 0.616667 0.692187 0.612500 0.689063 0.606250 0.673438 0.585417 0.671875 0.579167 0.671875 0.575000 0.670312 0.568750 0.667188 0.564583 0.665625 0.552083 0.665625 0.535417 0.660937 0.522917
0 0.503125 0.595833 0.500000 0.600000 0.496875 0.608333 0.490625 0.625000 0.490625 0.641667 0.489063 0.647917 0.484375 0.660417 0.476562 0.670833 0.475000 0.677083 0.473438 0.683333 0.473438 0.695833 0.475000 0.700000 0.481250 0.708333 0.485938 0.712500 0.490625 0.712500 0.490625 0.706250 0.489063 0.704167 0.489063 0.695833 0.500000 0.681250 0.521875 0.656250 0.534375 0.637500 0.532813 0.633333 0.526563 0.614583 0.523438 0.608333 0.517188 0.600000 0.512500 0.597917 0.507812 0.597917 0.506250 0.595833 0.503125 0.595833
23 0.737500 0.202083 0.709375 0.206250 0.709375 0.216667 0.712500 0.229167 0.712500 0.245833 0.715625 0.247917 0.732812 0.247917 0.762500 0.247917 0.779687 0.245833 0.785937 0.241667 0.787500 0.237500 0.787500 0.208333 0.785937 0.204167 0.782813 0.202083 0.737500 0.202083
2 0.792188 0.237500 0.789062 0.239583 0.784375 0.245833 0.781250 0.247917 0.778125 0.250000 0.767188 0.252083 0.759375 0.256250 0.735938 0.268750 0.729688 0.275000 0.718750 0.281250 0.712500 0.281250 0.709375 0.285417 0.704688 0.285417 0.701562 0.293750 0.701562 0.297917 0.703125 0.304167 0.707812 0.320833 0.712500 0.331250 0.715625 0.347917 0.720313 0.358333 0.721875 0.368750 0.725000 0.379167 0.729688 0.389583 0.731250 0.400000 0.740625 0.425000 0.746875 0.452083 0.751563 0.466667 0.753125 0.470833 0.754687 0.475000 0.764062 0.477083 0.767188 0.472917 0.778125 0.468750 0.781250 0.464583 0.792188 0.464583 0.803125 0.458333 0.806250 0.454167 0.818750 0.447917 0.826562 0.443750 0.831250 0.443750 0.835938 0.441667 0.842187 0.435417 0.848437 0.435417 0.857812 0.429167 0.857812 0.425000 0.854688 0.414583 0.850000 0.404167 0.845313 0.383333 0.840625 0.368750 0.832812 0.345833 0.829688 0.341667 0.821875 0.316667 0.812500 0.281250 0.801562 0.245833 0.800000 0.241667 0.796875 0.237500 0.792188 0.237500
0 0.550000 0.633333 0.545312 0.635417 0.539062 0.641667 0.535937 0.641667 0.532813 0.643750 0.520312 0.658333 0.500000 0.683333 0.490625 0.695833 0.490625 0.704167 0.493750 0.710417 0.493750 0.718750 0.495312 0.722917 0.496875 0.727083 0.504687 0.737500 0.507812 0.739583 0.515625 0.739583 0.518750 0.737500 0.521875 0.735417 0.526563 0.729167 0.531250 0.720833 0.537500 0.706250 0.548438 0.677083 0.553125 0.658333 0.554688 0.647917 0.553125 0.633333 0.550000 0.633333
0 0.451562 0.770833 0.446875 0.772917 0.443750 0.775000 0.440625 0.777083 0.435937 0.781250 0.431250 0.787500 0.431250 0.795833 0.432812 0.806250 0.434375 0.810417 0.437500 0.814583 0.442188 0.818750 0.443750 0.818750 0.443750 0.835417 0.443750 0.839583 0.445312 0.843750 0.446875 0.847917 0.451562 0.856250 0.457813 0.864583 0.460938 0.866667 0.471875 0.868750 0.481250 0.868750 0.487500 0.864583 0.490625 0.862500 0.492188 0.860417 0.496875 0.852083 0.500000 0.845833 0.501563 0.841667 0.503125 0.837500 0.503125 0.806250 0.501563 0.802083 0.493750 0.791667 0.484375 0.781250 0.481250 0.781250 0.476562 0.785417 0.470313 0.785417 0.467187 0.783333 0.465625 0.781250 0.459375 0.770833 0.451562 0.770833
0 0.295312 0.643750 0.290625 0.645833 0.287500 0.650000 0.282813 0.662500 0.273438 0.689583 0.270313 0.700000 0.268750 0.708333 0.268750 0.731250 0.270313 0.735417 0.282813 0.752083 0.289062 0.758333 0.301563 0.768750 0.304688 0.770833 0.317188 0.768750 0.318750 0.764583 0.321875 0.756250 0.326562 0.737500 0.326562 0.693750 0.325000 0.679167 0.323437 0.662500 0.317188 0.654167 0.312500 0.650000 0.309375 0.647917 0.306250 0.645833 0.301563 0.643750 0.295312 0.643750
