24 0.209375 0.189583 0.206250 0.193750 0.200000 0.208333 0.193750 0.229167 0.187500 0.241667 0.185938 0.245833 0.184375 0.254167 0.176563 0.272917 0.168750 0.287500 0.164062 0.304167 0.156250 0.318750 0.145313 0.345833 0.143750 0.350000 0.137500 0.368750 0.137500 0.377083 0.139063 0.381250 0.142187 0.385417 0.148438 0.389583 0.159375 0.397917 0.168750 0.404167 0.178125 0.408333 0.187500 0.414583 0.200000 0.425000 0.221875 0.439583 0.229687 0.439583 0.232813 0.437500 0.235937 0.435417 0.237500 0.433333 0.242188 0.420833 0.246875 0.414583 0.251563 0.406250 0.251563 0.397917 0.253125 0.391667 0.256250 0.385417 0.264062 0.375000 0.265625 0.370833 0.264062 0.364583 0.265625 0.358333 0.267188 0.354167 0.275000 0.335417 0.282813 0.318750 0.282813 0.314583 0.296875 0.283333 0.303125 0.266667 0.301563 0.245833 0.300000 0.245833 0.296875 0.241667 0.284375 0.235417 0.270313 0.222917 0.267188 0.220833 0.264062 0.218750 0.250000 0.210417 0.245312 0.210417 0.237500 0.206250 0.234375 0.204167 0.226562 0.197917 0.220312 0.189583 0.214062 0.187500 0.209375 0.189583
0 0.678125 0.156250 0.670312 0.158333 0.665625 0.160417 0.659375 0.164583 0.656250 0.168750 0.656250 0.175000 0.657813 0.179167 0.659375 0.183333 0.662500 0.187500 0.664062 0.191667 0.665625 0.195833 0.668750 0.206250 0.670312 0.212500 0.671875 0.220833 0.670312 0.243750 0.670312 0.256250 0.679688 0.270833 0.684375 0.283333 0.684375 0.289583 0.685937 0.295833 0.687500 0.300000 0.693750 0.310417 0.695312 0.312500 0.703125 0.320833 0.714063 0.331250 0.725000 0.341667 0.729688 0.345833 0.737500 0.352083 0.745313 0.356250 0.760938 0.356250 0.773438 0.358333 0.779687 0.360417 0.784375 0.364583 0.789062 0.366667 0.795312 0.368750 0.829688 0.370833 0.843750 0.370833 0.848437 0.368750 0.853125 0.364583 0.854688 0.360417 0.856250 0.356250 0.856250 0.322917 0.854688 0.314583 0.853125 0.308333 0.842187 0.279167 0.835938 0.264583 0.832812 0.258333 0.828125 0.250000 0.814063 0.229167 0.801562 0.210417 0.792188 0.197917 0.785937 0.191667 0.781250 0.187500 0.778125 0.185417 0.773438 0.183333 0.768750 0.181250 0.764062 0.181250 0.759375 0.179167 0.756250 0.177083 0.750000 0.170833 0.746875 0.168750 0.742188 0.166667 0.735938 0.164583 0.718750 0.164583 0.710938 0.162500 0.703125 0.158333 0.695312 0.156250 0.678125 0.156250
0 0.385937 0.572917 0.381250 0.577083 0.378125 0.581250 0.376563 0.585417 0.375000 0.595833 0.373437 0.600000 0.370312 0.604167 0.368750 0.608333 0.367188 0.612500 0.367188 0.618750 0.362500 0.633333 0.357812 0.643750 0.351562 0.668750 0.346875 0.683333 0.342187 0.695833 0.335938 0.708333 0.329688 0.725000 0.326562 0.735417 0.325000 0.745833 0.326562 0.750000 0.328125 0.752083 0.340625 0.762500 0.343750 0.764583 0.351562 0.768750 0.356250 0.770833 0.360938 0.770833 0.365625 0.772917 0.373437 0.779167 0.385937 0.785417 0.398438 0.791667 0.446875 0.814583 0.479687 0.829167 0.485938 0.831250 0.493750 0.833333 0.496875 0.831250 0.503125 0.822917 0.504687 0.818750 0.506250 0.814583 0.509375 0.804167 0.512500 0.793750 0.514062 0.787500 0.515625 0.781250 0.515625 0.775000 0.517188 0.768750 0.518750 0.762500 0.526563 0.743750 0.526563 0.735417 0.528125 0.729167 0.532813 0.718750 0.535937 0.708333 0.537500 0.695833 0.539062 0.689583 0.543750 0.681250 0.545312 0.677083 0.546875 0.670833 0.545312 0.660417 0.542188 0.658333 0.539062 0.658333 0.535937 0.656250 0.529687 0.650000 0.523438 0.645833 0.504687 0.635417 0.500000 0.633333 0.493750 0.633333 0.484375 0.627083 0.470313 0.622917 0.456250 0.616667 0.448437 0.612500 0.443750 0.608333 0.439063 0.602083 0.432812 0.597917 0.414062 0.585417 0.406250 0.583333 0.398438 0.577083 0.390625 0.572917 0.385937 0.572917
13 0.703125 0.354167 0.682813 0.356250 0.675000 0.358333 0.667188 0.360417 0.662500 0.362500 0.654687 0.366667 0.651563 0.368750 0.637500 0.387500 0.631250 0.402083 0.629687 0.408333 0.628125 0.414583 0.628125 0.456250 0.632812 0.470833 0.634375 0.475000 0.635938 0.479167 0.648438 0.495833 0.657813 0.502083 0.668750 0.504167 0.673438 0.508333 0.689063 0.508333 0.712500 0.500000 0.717187 0.497917 0.726562 0.491667 0.734375 0.483333 0.735938 0.483333 0.737500 0.481250 0.743750 0.470833 0.750000 0.460417 0.754687 0.450000 0.756250 0.441667 0.757812 0.435417 0.757812 0.406250 0.754687 0.395833 0.753125 0.391667 0.751563 0.387500 0.742188 0.370833 0.737500 0.368750 0.720313 0.356250 0.714063 0.354167 0.703125 0.354167
0 0.529687 0.741667 0.526563 0.750000 0.526563 0.754167 0.529687 0.762500 0.535937 0.762500 0.539062 0.760417 0.542188 0.756250 0.543750 0.752083 0.543750 0.745833 0.539062 0.741667 0.535937 0.739583 0.529687 0.741667
0 0.457813 0.422917 0.451562 0.427083 0.437500 0.427083 0.423438 0.429167 0.420312 0.431250 0.414062 0.439583 0.410938 0.441667 0.403125 0.443750 0.390625 0.441667 0.385937 0.447917 0.385937 0.452083 0.382812 0.456250 0.375000 0.456250 0.371875 0.458333 0.370312 0.460417 0.368750 0.464583 0.368750 0.468750 0.367188 0.472917 0.364063 0.475000 0.357812 0.485417 0.351562 0.487500 0.348438 0.491667 0.348438 0.504167 0.345313 0.508333 0.337500 0.516667 0.337500 0.522917 0.340625 0.527083 0.342187 0.533333 0.337500 0.539583 0.329688 0.545833 0.326562 0.545833 0.323437 0.547917 0.318750 0.554167 0.318750 0.564583 0.321875 0.568750 0.321875 0.577083 0.318750 0.585417 0.317188 0.589583 0.315625 0.591667 0.309375 0.597917 0.307812 0.604167 0.307812 0.610417 0.303125 0.620833 0.303125 0.627083 0.304688 0.631250 0.309375 0.637500 0.309375 0.650000 0.310937 0.654167 0.312500 0.656250 0.317188 0.658333 0.318750 0.666667 0.318750 0.670833 0.326562 0.679167 0.329688 0.683333 0.332813 0.693750 0.337500 0.695833 0.340625 0.691667 0.343750 0.685417 0.345313 0.675000 0.353125 0.650000 0.360938 0.631250 0.364063 0.620833 0.365625 0.608333 0.367188 0.604167 0.371875 0.597917 0.373437 0.591667 0.373437 0.585417 0.375000 0.579167 0.378125 0.575000 0.382812 0.570833 0.393750 0.570833 0.398438 0.575000 0.403125 0.575000 0.410938 0.579167 0.417187 0.583333 0.423438 0.589583 0.426563 0.591667 0.429688 0.591667 0.432812 0.593750 0.435937 0.595833 0.445312 0.606250 0.448437 0.608333 0.451562 0.610417 0.456250 0.612500 0.465625 0.614583 0.473438 0.620833 0.478125 0.622917 0.482812 0.622917 0.487500 0.625000 0.492188 0.629167 0.496875 0.631250 0.503125 0.631250 0.517188 0.637500 0.528125 0.643750 0.543750 0.654167 0.550000 0.664583 0.548438 0.675000 0.545312 0.685417 0.546875 0.695833 0.551562 0.693750 0.554688 0.697917 0.551562 0.702083 0.548438 0.704167 0.545312 0.706250 0.539062 0.706250 0.535937 0.710417 0.534375 0.720833 0.535937 0.725000 0.539062 0.729167 0.542188 0.731250 0.546875 0.731250 0.550000 0.729167 0.553125 0.722917 0.560937 0.720833 0.564063 0.716667 0.571875 0.714583 0.582812 0.714583 0.587500 0.712500 0.590625 0.710417 0.592187 0.708333 0.593750 0.704167 0.592187 0.693750 0.592187 0.689583 0.593750 0.685417 0.595313 0.683333 0.596875 0.683333 0.598437 0.681250 0.600000 0.677083 0.600000 0.668750 0.596875 0.662500 0.596875 0.658333 0.601562 0.647917 0.606250 0.629167 0.606250 0.600000 0.601562 0.593750 0.600000 0.593750 0.596875 0.589583 0.595313 0.585417 0.598437 0.579167 0.600000 0.570833 0.601562 0.562500 0.601562 0.552083 0.596875 0.543750 0.595313 0.531250 0.590625 0.525000 0.585938 0.522917 0.585938 0.516667 0.584375 0.510417 0.578125 0.502083 0.562500 0.500000 0.562500 0.493750 0.560937 0.489583 0.556250 0.483333 0.554688 0.483333 0.551562 0.479167 0.550000 0.472917 0.546875 0.468750 0.542188 0.466667 0.539062 0.462500 0.539062 0.460417 0.534375 0.454167 0.529687 0.452083 0.525000 0.445833 0.521875 0.443750 0.518750 0.441667 0.506250 0.441667 0.501563 0.439583 0.496875 0.433333 0.492188 0.431250 0.484375 0.433333 0.481250 0.433333 0.479687 0.431250 0.475000 0.431250 0.470313 0.429167 0.462500 0.422917 0.457813 0.422917
23 0.129688 0.775000 0.121875 0.781250 0.120313 0.783333 0.118750 0.787500 0.117188 0.791667 0.115625 0.797917 0.115625 0.810417 0.120313 0.816667 0.123438 0.818750 0.128125 0.820833 0.132812 0.822917 0.148438 0.829167 0.159375 0.831250 0.170313 0.837500 0.187500 0.841667 0.193750 0.843750 0.206250 0.852083 0.210938 0.854167 0.226562 0.860417 0.232813 0.860417 0.235937 0.854167 0.242188 0.837500 0.243750 0.829167 0.242188 0.816667 0.239063 0.814583 0.229687 0.812500 0.218750 0.806250 0.198437 0.800000 0.178125 0.791667 0.168750 0.787500 0.159375 0.781250 0.154688 0.779167 0.140625 0.775000 0.129688 0.775000
6 0.781250 0.481250 0.768750 0.485417 0.748437 0.493750 0.726562 0.497917 0.720313 0.500000 0.707812 0.506250 0.695312 0.510417 0.660937 0.518750 0.656250 0.520833 0.653125 0.522917 0.651563 0.527083 0.653125 0.539583 0.656250 0.556250 0.660937 0.583333 0.665625 0.610417 0.670312 0.627083 0.673438 0.652083 0.675000 0.660417 0.681250 0.685417 0.681250 0.693750 0.682813 0.700000 0.689063 0.706250 0.690625 0.691667 0.690625 0.654167 0.692187 0.637500 0.693750 0.629167 0.695312 0.620833 0.700000 0.606250 0.703125 0.600000 0.714063 0.577083 0.720313 0.568750 0.728125 0.564583 0.731250 0.568750 0.735938 0.568750 0.740625 0.572917 0.746875 0.572917 0.751563 0.579167 0.757812 0.581250 0.757812 0.593750 0.754687 0.610417 0.753125 0.618750 0.748437 0.629167 0.746875 0.639583 0.743750 0.650000 0.742188 0.654167 0.737500 0.664583 0.734375 0.670833 0.723437 0.687500 0.717187 0.697917 0.712500 0.708333 0.701562 0.737500 0.695312 0.762500 0.695312 0.772917 0.696875 0.781250 0.704688 0.812500 0.706250 0.820833 0.706250 0.829167 0.715625 0.870833 0.715625 0.879167 0.718750 0.889583 0.718750 0.895833 0.731250 0.895833 0.742188 0.891667 0.753125 0.889583 0.765625 0.889583 0.773438 0.887500 0.781250 0.885417 0.789062 0.881250 0.796875 0.879167 0.804688 0.877083 0.814063 0.877083 0.821875 0.872917 0.829688 0.870833 0.840625 0.868750 0.853125 0.868750 0.862500 0.866667 0.868750 0.862500 0.876563 0.860417 0.876563 0.854167 0.873437 0.850000 0.868750 0.829167 0.865625 0.808333 0.859375 0.787500 0.856250 0.772917 0.853125 0.758333 0.848437 0.735417 0.845313 0.718750 0.840625 0.693750 0.837500 0.675000 0.837500 0.664583 0.835938 0.654167 0.834375 0.645833 0.832812 0.637500 0.831250 0.635417 0.831250 0.631250 0.828125 0.631250 0.826562 0.637500 0.828125 0.666667 0.826562 0.685417 0.823438 0.700000 0.821875 0.731250 0.818750 0.745833 0.817187 0.777083 0.815625 0.791667 0.810937 0.816667 0.810937 0.831250 0.809375 0.843750 0.807813 0.856250 0.806250 0.864583 0.804688 0.868750 0.803125 0.870833 0.801562 0.870833 0.798438 0.872917 0.793750 0.866667 0.792188 0.862500 0.792188 0.847917 0.793750 0.818750 0.795312 0.787500 0.796875 0.758333 0.798438 0.735417 0.800000 0.716667 0.801562 0.700000 0.804688 0.668750 0.806250 0.652083 0.807813 0.641667 0.810937 0.633333 0.810937 0.614583 0.806250 0.606250 0.804688 0.597917 0.800000 0.589583 0.798438 0.585417 0.796875 0.579167 0.795312 0.572917 0.793750 0.564583 0.793750 0.558333 0.795312 0.545833 0.801562 0.525000 0.801562 0.506250 0.800000 0.495833 0.798438 0.487500 0.796875 0.483333 0.781250 0.481250
3 0.723437 0.568750 0.715625 0.579167 0.704688 0.602083 0.698438 0.618750 0.696875 0.625000 0.695312 0.631250 0.693750 0.641667 0.693750 0.685417 0.692187 0.702083 0.690625 0.712500 0.687500 0.725000 0.678125 0.762500 0.670312 0.791667 0.656250 0.843750 0.650000 0.866667 0.643750 0.881250 0.640625 0.891667 0.637500 0.902083 0.631250 0.925000 0.629687 0.933333 0.628125 0.945833 0.628125 0.958333 0.631250 0.966667 0.634375 0.966667 0.637500 0.964583 0.642188 0.956250 0.643750 0.952083 0.645312 0.947917 0.648438 0.937500 0.653125 0.918750 0.653125 0.912500 0.656250 0.900000 0.660937 0.887500 0.662500 0.881250 0.662500 0.875000 0.664062 0.868750 0.667188 0.862500 0.668750 0.850000 0.676562 0.820833 0.684375 0.791667 0.690625 0.775000 0.692187 0.768750 0.693750 0.756250 0.700000 0.733333 0.703125 0.725000 0.707812 0.712500 0.717187 0.693750 0.721875 0.685417 0.729688 0.675000 0.739062 0.656250 0.740625 0.652083 0.743750 0.641667 0.750000 0.620833 0.751563 0.614583 0.754687 0.600000 0.756250 0.587500 0.754687 0.581250 0.750000 0.585417 0.746875 0.581250 0.746875 0.577083 0.739062 0.577083 0.737500 0.572917 0.731250 0.575000 0.728125 0.568750 0.723437 0.568750
9 0.310937 0.000000 0.306250 0.004167 0.300000 0.012500 0.298438 0.018750 0.290625 0.033333 0.275000 0.054167 0.273438 0.058333 0.273438 0.091667 0.275000 0.100000 0.279687 0.118750 0.281250 0.122917 0.285938 0.131250 0.289062 0.139583 0.289062 0.150000 0.287500 0.152083 0.287500 0.160417 0.289062 0.162500 0.289062 0.172917 0.292187 0.191667 0.293750 0.197917 0.300000 0.208333 0.301563 0.212500 0.303125 0.220833 0.309375 0.229167 0.314063 0.239583 0.318750 0.252083 0.328125 0.270833 0.334375 0.279167 0.340625 0.293750 0.345313 0.302083 0.350000 0.310417 0.360938 0.325000 0.375000 0.335417 0.384375 0.337500 0.406250 0.337500 0.415625 0.335417 0.420312 0.333333 0.426563 0.329167 0.435937 0.322917 0.443750 0.316667 0.448437 0.310417 0.451562 0.304167 0.453125 0.300000 0.454688 0.295833 0.456250 0.287500 0.459375 0.270833 0.460938 0.258333 0.462500 0.216667 0.462500 0.143750 0.460938 0.133333 0.457813 0.129167 0.456250 0.116667 0.453125 0.106250 0.450000 0.102083 0.450000 0.095833 0.454688 0.089583 0.467187 0.075000 0.471875 0.066667 0.473438 0.062500 0.475000 0.058333 0.476562 0.052083 0.478125 0.045833 0.478125 0.022917 0.476562 0.012500 0.475000 0.006250 0.471875 0.000000 0.460938 0.000000 0.460938 0.006250 0.464062 0.014583 0.465625 0.025000 0.465625 0.041667 0.464062 0.050000 0.462500 0.054167 0.460938 0.058333 0.454688 0.066667 0.454688 0.068750 0.450000 0.075000 0.442188 0.079167 0.439063 0.077083 0.428125 0.064583 0.423438 0.058333 0.421875 0.052083 0.420312 0.041667 0.417187 0.031250 0.412500 0.020833 0.406250 0.010417 0.404687 0.008333 0.400000 0.004167 0.396875 0.000000 0.310937 0.000000
4 0.837500 0.485417 0.829688 0.487500 0.826562 0.489583 0.823438 0.491667 0.815625 0.502083 0.809375 0.512500 0.806250 0.518750 0.801562 0.533333 0.800000 0.539583 0.798438 0.547917 0.798438 0.575000 0.800000 0.581250 0.801562 0.587500 0.806250 0.595833 0.809375 0.604167 0.810937 0.612500 0.810937 0.641667 0.809375 0.660417 0.804688 0.693750 0.803125 0.710417 0.801562 0.729167 0.800000 0.750000 0.798438 0.775000 0.798438 0.808333 0.795312 0.839583 0.796875 0.868750 0.803125 0.866667 0.804688 0.862500 0.806250 0.850000 0.807813 0.822917 0.814063 0.783333 0.814063 0.768750 0.817187 0.754167 0.820312 0.722917 0.823438 0.687500 0.825000 0.668750 0.825000 0.650000 0.826562 0.629167 0.828125 0.620833 0.829688 0.614583 0.832812 0.608333 0.837500 0.600000 0.845313 0.589583 0.848437 0.583333 0.851562 0.577083 0.856250 0.564583 0.857812 0.556250 0.859375 0.543750 0.859375 0.527083 0.857812 0.516667 0.856250 0.510417 0.854688 0.506250 0.853125 0.502083 0.850000 0.495833 0.843750 0.487500 0.837500 0.485417
22 0.168750 0.718750 0.154688 0.720833 0.151562 0.725000 0.150000 0.729167 0.148438 0.735417 0.145313 0.737500 0.142187 0.737500 0.139063 0.739583 0.137500 0.764583 0.139063 0.768750 0.145313 0.772917 0.167187 0.775000 0.182812 0.775000 0.276562 0.772917 0.276562 0.768750 0.275000 0.762500 0.265625 0.739583 0.262500 0.725000 0.259375 0.720833 0.240625 0.718750 0.168750 0.718750
8 0.595313 0.152083 0.589063 0.154167 0.584375 0.156250 0.575000 0.162500 0.570312 0.166667 0.557813 0.183333 0.554688 0.189583 0.551562 0.195833 0.550000 0.200000 0.548438 0.204167 0.546875 0.210417 0.545312 0.216667 0.543750 0.225000 0.542188 0.233333 0.542188 0.245833 0.539062 0.258333 0.539062 0.285417 0.540625 0.295833 0.542188 0.304167 0.545312 0.314583 0.546875 0.318750 0.548438 0.322917 0.551562 0.329167 0.554688 0.335417 0.557813 0.339583 0.562500 0.343750 0.575000 0.352083 0.581250 0.354167 0.601562 0.354167 0.606250 0.352083 0.618750 0.343750 0.623437 0.339583 0.640625 0.316667 0.645312 0.308333 0.648438 0.302083 0.650000 0.295833 0.659375 0.281250 0.662500 0.275000 0.667188 0.262500 0.668750 0.254167 0.670312 0.245833 0.670312 0.225000 0.664062 0.200000 0.659375 0.187500 0.656250 0.181250 0.646875 0.168750 0.640625 0.162500 0.631250 0.156250 0.626563 0.154167 0.620313 0.152083 0.595313 0.152083
