8 0.806250 0.079167 0.800000 0.081250 0.795312 0.083333 0.784375 0.091667 0.776563 0.093750 0.767188 0.104167 0.748437 0.129167 0.739062 0.143750 0.734375 0.152083 0.732812 0.158333 0.725000 0.170833 0.715625 0.183333 0.710938 0.191667 0.710938 0.202083 0.714063 0.210417 0.714063 0.235417 0.712500 0.241667 0.710938 0.245833 0.706250 0.254167 0.706250 0.260417 0.707812 0.266667 0.709375 0.270833 0.710938 0.272917 0.723437 0.287500 0.728125 0.291667 0.731250 0.293750 0.735938 0.295833 0.743750 0.297917 0.754687 0.297917 0.762500 0.295833 0.767188 0.293750 0.771875 0.291667 0.779687 0.287500 0.785937 0.283333 0.792188 0.277083 0.795312 0.275000 0.809375 0.268750 0.818750 0.262500 0.831250 0.250000 0.837500 0.247917 0.842187 0.243750 0.846875 0.239583 0.854688 0.229167 0.860938 0.218750 0.870313 0.200000 0.871875 0.195833 0.873437 0.191667 0.875000 0.185417 0.876563 0.179167 0.878125 0.166667 0.878125 0.147917 0.876563 0.137500 0.875000 0.131250 0.873437 0.125000 0.871875 0.120833 0.867188 0.110417 0.854688 0.093750 0.848437 0.089583 0.835938 0.081250 0.829688 0.079167 0.806250 0.079167
0 0.454688 0.612500 0.450000 0.614583 0.443750 0.620833 0.437500 0.629167 0.432812 0.631250 0.426563 0.639583 0.425000 0.647917 0.423438 0.652083 0.415625 0.662500 0.415625 0.664583 0.409375 0.672917 0.404687 0.677083 0.401562 0.677083 0.396875 0.683333 0.385937 0.700000 0.373437 0.712500 0.339062 0.758333 0.337500 0.762500 0.337500 0.770833 0.332813 0.785417 0.331250 0.795833 0.331250 0.810417 0.334375 0.812500 0.343750 0.812500 0.346875 0.814583 0.350000 0.816667 0.353125 0.825000 0.353125 0.831250 0.357812 0.841667 0.360938 0.845833 0.365625 0.847917 0.384375 0.847917 0.390625 0.843750 0.400000 0.843750 0.406250 0.839583 0.406250 0.837500 0.409375 0.831250 0.412500 0.827083 0.417187 0.822917 0.421875 0.818750 0.426563 0.818750 0.429688 0.816667 0.432812 0.814583 0.443750 0.806250 0.454688 0.793750 0.459375 0.787500 0.460938 0.783333 0.462500 0.772917 0.475000 0.756250 0.475000 0.741667 0.476562 0.733333 0.478125 0.727083 0.482812 0.718750 0.482812 0.714583 0.484375 0.710417 0.487500 0.706250 0.489063 0.706250 0.490625 0.704167 0.492188 0.700000 0.492188 0.693750 0.485938 0.685417 0.484375 0.679167 0.481250 0.664583 0.481250 0.652083 0.479687 0.647917 0.475000 0.639583 0.473438 0.633333 0.473438 0.625000 0.470313 0.616667 0.467187 0.612500 0.464062 0.610417 0.460938 0.610417 0.454688 0.612500
0 0.367188 0.535417 0.360938 0.537500 0.346875 0.543750 0.343750 0.543750 0.340625 0.545833 0.335938 0.550000 0.328125 0.558333 0.315625 0.575000 0.312500 0.581250 0.304688 0.597917 0.300000 0.608333 0.295312 0.620833 0.290625 0.635417 0.289062 0.652083 0.289062 0.685417 0.287500 0.689583 0.285938 0.693750 0.279687 0.706250 0.273438 0.722917 0.271875 0.729167 0.271875 0.735417 0.264062 0.754167 0.262500 0.760417 0.257812 0.783333 0.257812 0.793750 0.259375 0.800000 0.260937 0.804167 0.267188 0.812500 0.271875 0.816667 0.275000 0.818750 0.287500 0.818750 0.295312 0.808333 0.301563 0.810417 0.310937 0.814583 0.321875 0.814583 0.326562 0.808333 0.328125 0.804167 0.329688 0.797917 0.331250 0.781250 0.334375 0.772917 0.334375 0.764583 0.335938 0.760417 0.337500 0.756250 0.343750 0.750000 0.375000 0.706250 0.384375 0.697917 0.387500 0.693750 0.393750 0.683333 0.393750 0.679167 0.396875 0.675000 0.404687 0.670833 0.409375 0.666667 0.417187 0.656250 0.420312 0.650000 0.425000 0.637500 0.431250 0.629167 0.437500 0.622917 0.443750 0.618750 0.453125 0.606250 0.454688 0.602083 0.456250 0.595833 0.456250 0.587500 0.454688 0.581250 0.446875 0.570833 0.443750 0.564583 0.440625 0.554167 0.432812 0.543750 0.423438 0.537500 0.414062 0.537500 0.404687 0.543750 0.396875 0.543750 0.387500 0.537500 0.382812 0.535417 0.367188 0.535417
0 0.598437 0.456250 0.593750 0.462500 0.592187 0.466667 0.590625 0.472917 0.590625 0.502083 0.592187 0.506250 0.601562 0.518750 0.607812 0.520833 0.631250 0.525000 0.640625 0.525000 0.651563 0.516667 0.657813 0.514583 0.665625 0.512500 0.673438 0.512500 0.679688 0.510417 0.682813 0.508333 0.682813 0.500000 0.678125 0.493750 0.670312 0.487500 0.667188 0.485417 0.634375 0.464583 0.629687 0.462500 0.621875 0.462500 0.607812 0.456250 0.598437 0.456250
1 0.353125 0.310417 0.351562 0.314583 0.348438 0.322917 0.343750 0.335417 0.335938 0.358333 0.334375 0.368750 0.329688 0.379167 0.328125 0.385417 0.328125 0.393750 0.325000 0.400000 0.325000 0.406250 0.328125 0.410417 0.335938 0.414583 0.343750 0.416667 0.346875 0.420833 0.350000 0.422917 0.357812 0.425000 0.365625 0.425000 0.373437 0.431250 0.381250 0.433333 0.384375 0.437500 0.392188 0.439583 0.398438 0.445833 0.401562 0.447917 0.414062 0.454167 0.418750 0.454167 0.439063 0.464583 0.459375 0.477083 0.464062 0.479167 0.473438 0.481250 0.498437 0.493750 0.501563 0.495833 0.504687 0.497917 0.514062 0.506250 0.523438 0.512500 0.531250 0.514583 0.534375 0.516667 0.540625 0.525000 0.543750 0.527083 0.550000 0.529167 0.557813 0.527083 0.557813 0.522917 0.560937 0.516667 0.562500 0.506250 0.562500 0.495833 0.564063 0.485417 0.567187 0.475000 0.568750 0.464583 0.570312 0.450000 0.568750 0.427083 0.565625 0.425000 0.543750 0.425000 0.534375 0.422917 0.528125 0.420833 0.521875 0.414583 0.517188 0.412500 0.512500 0.412500 0.507812 0.410417 0.487500 0.400000 0.479687 0.393750 0.475000 0.393750 0.457813 0.383333 0.448437 0.381250 0.426563 0.368750 0.421875 0.366667 0.415625 0.366667 0.406250 0.360417 0.401562 0.360417 0.392188 0.356250 0.389062 0.352083 0.382812 0.335417 0.379688 0.331250 0.379688 0.329167 0.378125 0.327083 0.376563 0.327083 0.371875 0.322917 0.367188 0.316667 0.357812 0.310417 0.353125 0.310417
0 0.695312 0.508333 0.682813 0.510417 0.675000 0.514583 0.657813 0.516667 0.653125 0.518750 0.648438 0.520833 0.640625 0.527083 0.629687 0.541667 0.625000 0.550000 0.623437 0.554167 0.621875 0.558333 0.621875 0.572917 0.623437 0.577083 0.628125 0.583333 0.632812 0.587500 0.635938 0.589583 0.651563 0.589583 0.660937 0.587500 0.668750 0.585417 0.675000 0.581250 0.681250 0.579167 0.690625 0.577083 0.703125 0.575000 0.750000 0.577083 0.760938 0.577083 0.762500 0.575000 0.775000 0.575000 0.778125 0.572917 0.784375 0.564583 0.785937 0.560417 0.787500 0.556250 0.789062 0.550000 0.789062 0.541667 0.787500 0.537500 0.785937 0.533333 0.779687 0.525000 0.775000 0.520833 0.767188 0.516667 0.760938 0.516667 0.754687 0.512500 0.745313 0.510417 0.734375 0.508333 0.695312 0.508333
0 0.626563 0.122917 0.620313 0.125000 0.615625 0.127083 0.610938 0.129167 0.607812 0.131250 0.600000 0.137500 0.595313 0.141667 0.581250 0.160417 0.578125 0.168750 0.573438 0.181250 0.571875 0.187500 0.570312 0.195833 0.568750 0.208333 0.568750 0.231250 0.570312 0.243750 0.571875 0.252083 0.573438 0.258333 0.579688 0.275000 0.582812 0.281250 0.587500 0.289583 0.593750 0.297917 0.598437 0.302083 0.603125 0.306250 0.610938 0.310417 0.615625 0.312500 0.621875 0.314583 0.648438 0.314583 0.654687 0.312500 0.659375 0.310417 0.664062 0.308333 0.667188 0.306250 0.670312 0.304167 0.678125 0.297917 0.685937 0.289583 0.692187 0.281250 0.696875 0.272917 0.700000 0.266667 0.703125 0.260417 0.707812 0.247917 0.709375 0.239583 0.710938 0.229167 0.710938 0.210417 0.709375 0.197917 0.707812 0.191667 0.703125 0.177083 0.701562 0.172917 0.696875 0.162500 0.690625 0.152083 0.687500 0.147917 0.676562 0.135417 0.671875 0.131250 0.668750 0.129167 0.654687 0.122917 0.626563 0.122917
0 0.707812 0.577083 0.693750 0.579167 0.689063 0.581250 0.685937 0.585417 0.681250 0.587500 0.676562 0.587500 0.671875 0.589583 0.662500 0.595833 0.653125 0.608333 0.651563 0.614583 0.651563 0.620833 0.653125 0.627083 0.659375 0.635417 0.662500 0.637500 0.665625 0.639583 0.673438 0.641667 0.682813 0.643750 0.723437 0.641667 0.732812 0.641667 0.737500 0.645833 0.743750 0.645833 0.767188 0.643750 0.793750 0.650000 0.806250 0.650000 0.812500 0.647917 0.815625 0.643750 0.817187 0.643750 0.818750 0.641667 0.818750 0.639583 0.821875 0.635417 0.823438 0.631250 0.825000 0.625000 0.825000 0.616667 0.823438 0.608333 0.821875 0.604167 0.814063 0.593750 0.806250 0.589583 0.795312 0.585417 0.784375 0.583333 0.779687 0.579167 0.775000 0.579167 0.759375 0.581250 0.739062 0.577083 0.707812 0.577083
20 0.267188 0.147917 0.260937 0.156250 0.254688 0.172917 0.248438 0.195833 0.231250 0.239583 0.225000 0.262500 0.215625 0.285417 0.206250 0.318750 0.198437 0.341667 0.190625 0.364583 0.189062 0.368750 0.184375 0.377083 0.175000 0.408333 0.160938 0.443750 0.153125 0.466667 0.151562 0.472917 0.151562 0.481250 0.153125 0.483333 0.153125 0.487500 0.157812 0.491667 0.160938 0.493750 0.164062 0.495833 0.181250 0.506250 0.195312 0.512500 0.212500 0.522917 0.215625 0.527083 0.232813 0.537500 0.246875 0.545833 0.251563 0.547917 0.256250 0.547917 0.259375 0.545833 0.275000 0.527083 0.278125 0.522917 0.282813 0.516667 0.284375 0.510417 0.287500 0.497917 0.298438 0.466667 0.301563 0.462500 0.307812 0.439583 0.321875 0.404167 0.323437 0.397917 0.325000 0.383333 0.329688 0.364583 0.334375 0.352083 0.350000 0.310417 0.356250 0.302083 0.359375 0.293750 0.364063 0.281250 0.370312 0.258333 0.379688 0.235417 0.381250 0.229167 0.381250 0.218750 0.373437 0.208333 0.367188 0.204167 0.354687 0.195833 0.331250 0.183333 0.328125 0.181250 0.321875 0.175000 0.318750 0.172917 0.306250 0.166667 0.303125 0.164583 0.290625 0.154167 0.287500 0.152083 0.284375 0.150000 0.279687 0.147917 0.267188 0.147917
0 0.739062 0.425000 0.735938 0.427083 0.734375 0.429167 0.732812 0.433333 0.732812 0.439583 0.734375 0.441667 0.734375 0.450000 0.737500 0.464583 0.739062 0.470833 0.743750 0.487500 0.746875 0.493750 0.746875 0.497917 0.748437 0.502083 0.753125 0.504167 0.757812 0.508333 0.768750 0.514583 0.785937 0.522917 0.796875 0.522917 0.800000 0.520833 0.807813 0.510417 0.809375 0.506250 0.810937 0.497917 0.812500 0.483333 0.812500 0.477083 0.810937 0.468750 0.807813 0.462500 0.803125 0.458333 0.796875 0.454167 0.785937 0.447917 0.771875 0.435417 0.768750 0.433333 0.760938 0.429167 0.756250 0.427083 0.750000 0.425000 0.739062 0.425000
25 0.850000 0.652083 0.842187 0.654167 0.834375 0.656250 0.831250 0.658333 0.823438 0.668750 0.817187 0.675000 0.803125 0.687500 0.795312 0.693750 0.792188 0.695833 0.789062 0.697917 0.776563 0.704167 0.771875 0.706250 0.760938 0.710417 0.753125 0.712500 0.743750 0.714583 0.701562 0.714583 0.690625 0.712500 0.682813 0.710417 0.676562 0.708333 0.659375 0.700000 0.640625 0.687500 0.629687 0.677083 0.625000 0.672917 0.582812 0.672917 0.550000 0.675000 0.526563 0.679167 0.526563 0.700000 0.525000 0.720833 0.523438 0.733333 0.521875 0.741667 0.520312 0.750000 0.515625 0.768750 0.510938 0.781250 0.503125 0.802083 0.493750 0.820833 0.484375 0.833333 0.482812 0.837500 0.481250 0.847917 0.482812 0.887500 0.484375 0.891667 0.507812 0.891667 0.528125 0.889583 0.546875 0.887500 0.565625 0.883333 0.585938 0.881250 0.617188 0.879167 0.654687 0.879167 0.676562 0.875000 0.714063 0.875000 0.742188 0.872917 0.762500 0.868750 0.798438 0.868750 0.812500 0.864583 0.834375 0.864583 0.842187 0.868750 0.851562 0.870833 0.882812 0.870833 0.885938 0.868750 0.885938 0.812500 0.884375 0.768750 0.881250 0.737500 0.879687 0.704167 0.879687 0.658333 0.878125 0.654167 0.850000 0.652083
0 0.714063 0.360417 0.703125 0.362500 0.695312 0.366667 0.684375 0.375000 0.679688 0.381250 0.681250 0.389583 0.682813 0.389583 0.693750 0.400000 0.706250 0.416667 0.707812 0.420833 0.709375 0.425000 0.709375 0.435417 0.710938 0.437500 0.710938 0.443750 0.715625 0.441667 0.723437 0.433333 0.734375 0.427083 0.742188 0.420833 0.748437 0.412500 0.753125 0.410417 0.764062 0.400000 0.768750 0.393750 0.768750 0.387500 0.767188 0.381250 0.765625 0.377083 0.760938 0.370833 0.757812 0.368750 0.754687 0.366667 0.750000 0.364583 0.740625 0.362500 0.720313 0.360417 0.714063 0.360417
0 0.662500 0.387500 0.657813 0.393750 0.656250 0.393750 0.653125 0.397917 0.651563 0.406250 0.651563 0.431250 0.653125 0.443750 0.654687 0.450000 0.664062 0.475000 0.667188 0.481250 0.671875 0.487500 0.678125 0.491667 0.684375 0.502083 0.695312 0.502083 0.700000 0.500000 0.704688 0.495833 0.709375 0.493750 0.709375 0.470833 0.707812 0.468750 0.709375 0.445833 0.709375 0.441667 0.707812 0.427083 0.704688 0.416667 0.695312 0.404167 0.687500 0.395833 0.682813 0.393750 0.678125 0.387500 0.670312 0.385417 0.662500 0.387500
