0 0.293750 0.656250 0.289062 0.658333 0.282813 0.662500 0.279687 0.666667 0.278125 0.670833 0.276562 0.675000 0.275000 0.685417 0.275000 0.697917 0.278125 0.712500 0.278125 0.731250 0.279687 0.737500 0.282813 0.743750 0.287500 0.750000 0.292187 0.762500 0.298438 0.766667 0.304688 0.768750 0.314063 0.768750 0.321875 0.779167 0.325000 0.781250 0.332813 0.781250 0.339062 0.779167 0.342187 0.777083 0.345313 0.772917 0.350000 0.770833 0.354687 0.760417 0.354687 0.747917 0.353125 0.741667 0.350000 0.737500 0.348438 0.731250 0.348438 0.722917 0.362500 0.706250 0.367188 0.700000 0.368750 0.693750 0.365625 0.687500 0.364063 0.681250 0.357812 0.672917 0.354687 0.672917 0.350000 0.675000 0.345313 0.679167 0.340625 0.681250 0.332813 0.683333 0.317188 0.683333 0.314063 0.681250 0.303125 0.666667 0.301563 0.660417 0.298438 0.656250 0.293750 0.656250
22 0.600000 0.241667 0.592187 0.245833 0.590625 0.260417 0.590625 0.279167 0.587500 0.297917 0.585938 0.335417 0.582812 0.370833 0.579688 0.387500 0.578125 0.410417 0.579688 0.416667 0.582812 0.418750 0.596875 0.422917 0.600000 0.425000 0.606250 0.422917 0.607812 0.418750 0.607812 0.408333 0.610938 0.404167 0.614062 0.406250 0.618750 0.404167 0.618750 0.389583 0.618750 0.245833 0.615625 0.243750 0.604688 0.241667 0.600000 0.241667
17 0.464062 0.352083 0.467187 0.354167 0.476562 0.366667 0.478125 0.370833 0.476562 0.385417 0.476562 0.395833 0.481250 0.402083 0.481250 0.404167 0.484375 0.408333 0.500000 0.414583 0.509375 0.420833 0.514062 0.427083 0.515625 0.431250 0.517188 0.435417 0.517188 0.445833 0.515625 0.450000 0.510938 0.447917 0.510938 0.441667 0.506250 0.435417 0.503125 0.437500 0.500000 0.441667 0.500000 0.447917 0.503125 0.452083 0.507812 0.452083 0.510938 0.447917 0.515625 0.450000 0.514062 0.454167 0.507812 0.462500 0.503125 0.464583 0.500000 0.464583 0.495312 0.460417 0.487500 0.460417 0.481250 0.458333 0.476562 0.456250 0.468750 0.452083 0.450000 0.441667 0.442188 0.437500 0.439063 0.435417 0.431250 0.425000 0.429688 0.418750 0.429688 0.410417 0.431250 0.408333 0.431250 0.397917 0.426563 0.391667 0.426563 0.389583 0.423438 0.385417 0.421875 0.385417 0.418750 0.381250 0.418750 0.368750 0.423438 0.362500 0.426563 0.360417 0.437500 0.360417 0.453125 0.352083 0.464062 0.352083
8 0.882812 0.110417 0.878125 0.114583 0.876563 0.112500 0.871875 0.116667 0.860938 0.118750 0.856250 0.120833 0.853125 0.122917 0.850000 0.125000 0.842187 0.133333 0.835938 0.139583 0.820312 0.158333 0.818750 0.160417 0.814063 0.166667 0.812500 0.168750 0.807813 0.177083 0.807813 0.183333 0.812500 0.195833 0.812500 0.233333 0.809375 0.237500 0.807813 0.245833 0.806250 0.250000 0.803125 0.256250 0.800000 0.262500 0.793750 0.272917 0.787500 0.281250 0.776563 0.291667 0.775000 0.291667 0.773438 0.297917 0.776563 0.304167 0.779687 0.308333 0.781250 0.308333 0.785937 0.314583 0.798438 0.322917 0.804688 0.325000 0.828125 0.325000 0.837500 0.318750 0.843750 0.318750 0.851562 0.314583 0.865625 0.304167 0.876563 0.300000 0.884375 0.295833 0.887500 0.293750 0.893750 0.287500 0.896875 0.285417 0.906250 0.281250 0.910937 0.279167 0.915625 0.272917 0.926562 0.266667 0.942187 0.245833 0.946875 0.237500 0.950000 0.231250 0.951562 0.227083 0.953125 0.222917 0.954688 0.216667 0.956250 0.210417 0.957812 0.202083 0.957812 0.177083 0.956250 0.168750 0.954688 0.162500 0.953125 0.156250 0.951562 0.152083 0.948438 0.145833 0.945312 0.139583 0.937500 0.129167 0.931250 0.122917 0.918750 0.114583 0.914062 0.112500 0.907813 0.110417 0.882812 0.110417
2 0.256250 0.656250 0.229687 0.662500 0.215625 0.662500 0.204687 0.664583 0.193750 0.668750 0.182812 0.668750 0.176563 0.670833 0.171875 0.675000 0.164062 0.677083 0.164062 0.687500 0.165625 0.708333 0.168750 0.722917 0.170313 0.739583 0.173437 0.772917 0.173437 0.793750 0.178125 0.829167 0.178125 0.850000 0.179688 0.868750 0.182812 0.877083 0.196875 0.877083 0.256250 0.875000 0.260937 0.872917 0.265625 0.866667 0.281250 0.858333 0.284375 0.856250 0.285938 0.820833 0.284375 0.795833 0.279687 0.770833 0.279687 0.756250 0.275000 0.731250 0.273438 0.714583 0.271875 0.697917 0.271875 0.664583 0.268750 0.656250 0.256250 0.656250
14 0.282813 0.231250 0.273438 0.233333 0.267188 0.235417 0.262500 0.237500 0.257812 0.239583 0.245312 0.247917 0.232813 0.260417 0.223438 0.272917 0.217188 0.285417 0.210938 0.287500 0.207813 0.283333 0.203125 0.281250 0.190625 0.275000 0.184375 0.275000 0.179688 0.277083 0.176563 0.283333 0.179688 0.295833 0.182812 0.295833 0.195312 0.304167 0.203125 0.310417 0.206250 0.314583 0.206250 0.322917 0.204687 0.370833 0.206250 0.377083 0.209375 0.383333 0.209375 0.389583 0.214062 0.402083 0.221875 0.416667 0.235937 0.435417 0.242188 0.441667 0.253125 0.450000 0.256250 0.452083 0.259375 0.452083 0.262500 0.456250 0.265625 0.458333 0.273438 0.462500 0.278125 0.464583 0.315625 0.464583 0.323437 0.462500 0.334375 0.458333 0.337500 0.456250 0.340625 0.452083 0.354687 0.445833 0.357812 0.443750 0.362500 0.439583 0.375000 0.422917 0.376563 0.416667 0.381250 0.410417 0.382812 0.406250 0.384375 0.402083 0.385937 0.395833 0.387500 0.385417 0.387500 0.341667 0.385937 0.333333 0.384375 0.325000 0.378125 0.306250 0.376563 0.302083 0.367188 0.283333 0.359375 0.272917 0.354687 0.262500 0.353125 0.260417 0.346875 0.254167 0.340625 0.247917 0.335938 0.243750 0.328125 0.239583 0.320312 0.235417 0.315625 0.233333 0.300000 0.231250 0.282813 0.231250
19 0.740625 0.137500 0.734375 0.139583 0.729688 0.141667 0.725000 0.143750 0.721875 0.145833 0.707812 0.158333 0.703125 0.164583 0.698438 0.172917 0.687500 0.193750 0.684375 0.200000 0.681250 0.206250 0.679688 0.212500 0.671875 0.225000 0.668750 0.233333 0.664062 0.245833 0.662500 0.254167 0.662500 0.277083 0.664062 0.285417 0.665625 0.291667 0.667188 0.295833 0.668750 0.300000 0.679688 0.314583 0.684375 0.318750 0.692187 0.325000 0.695312 0.327083 0.701562 0.329167 0.709375 0.331250 0.717187 0.329167 0.723437 0.327083 0.728125 0.325000 0.732812 0.322917 0.740625 0.318750 0.754687 0.308333 0.759375 0.302083 0.764062 0.300000 0.768750 0.293750 0.779687 0.287500 0.785937 0.281250 0.793750 0.270833 0.800000 0.262500 0.801562 0.254167 0.807813 0.243750 0.809375 0.235417 0.809375 0.206250 0.807813 0.195833 0.806250 0.189583 0.800000 0.172917 0.796875 0.166667 0.785937 0.152083 0.781250 0.147917 0.771875 0.141667 0.767188 0.139583 0.760938 0.137500 0.740625 0.137500
26 0.667188 0.683333 0.664062 0.685417 0.657813 0.693750 0.645312 0.712500 0.634375 0.714583 0.626563 0.714583 0.621875 0.716667 0.618750 0.718750 0.618750 0.731250 0.609375 0.743750 0.606250 0.752083 0.600000 0.760417 0.595313 0.768750 0.593750 0.775000 0.589063 0.779167 0.582812 0.772917 0.573438 0.772917 0.559375 0.779167 0.553125 0.783333 0.550000 0.785417 0.546875 0.793750 0.546875 0.812500 0.551562 0.843750 0.553125 0.850000 0.554688 0.856250 0.556250 0.860417 0.560937 0.868750 0.562500 0.870833 0.565625 0.872917 0.575000 0.872917 0.582812 0.870833 0.589063 0.868750 0.592187 0.866667 0.595313 0.862500 0.601562 0.860417 0.603125 0.854167 0.609375 0.852083 0.618750 0.862500 0.621875 0.864583 0.628125 0.866667 0.631250 0.868750 0.635938 0.872917 0.640625 0.879167 0.650000 0.885417 0.654687 0.887500 0.660937 0.889583 0.671875 0.891667 0.690625 0.893750 0.712500 0.893750 0.717187 0.891667 0.720313 0.889583 0.723437 0.887500 0.729688 0.881250 0.732812 0.875000 0.734375 0.866667 0.745313 0.852083 0.746875 0.847917 0.746875 0.835417 0.742188 0.822917 0.739062 0.818750 0.737500 0.814583 0.735938 0.810417 0.734375 0.804167 0.732812 0.797917 0.732812 0.766667 0.731250 0.760417 0.729688 0.756250 0.728125 0.754167 0.726562 0.754167 0.725000 0.752083 0.723437 0.747917 0.725000 0.725000 0.725000 0.714583 0.723437 0.708333 0.721875 0.704167 0.718750 0.697917 0.715625 0.693750 0.712500 0.691667 0.707812 0.689583 0.698438 0.687500 0.687500 0.687500 0.676562 0.685417 0.675000 0.683333 0.667188 0.683333
15 0.168750 0.452083 0.164062 0.454167 0.159375 0.456250 0.156250 0.460417 0.150000 0.462500 0.143750 0.466667 0.139063 0.470833 0.132812 0.477083 0.125000 0.485417 0.118750 0.495833 0.115625 0.502083 0.114062 0.508333 0.109375 0.514583 0.107813 0.520833 0.106250 0.527083 0.104688 0.539583 0.101562 0.545833 0.101562 0.570833 0.103125 0.581250 0.104688 0.587500 0.107813 0.593750 0.107813 0.600000 0.118750 0.620833 0.132812 0.639583 0.137500 0.643750 0.156250 0.656250 0.160938 0.658333 0.165625 0.660417 0.176563 0.664583 0.193750 0.664583 0.207813 0.660417 0.214062 0.658333 0.218750 0.654167 0.225000 0.650000 0.229687 0.645833 0.235937 0.639583 0.245312 0.625000 0.250000 0.616667 0.253125 0.610417 0.259375 0.595833 0.260937 0.591667 0.262500 0.585417 0.264062 0.579167 0.265625 0.568750 0.265625 0.535417 0.262500 0.520833 0.260937 0.514583 0.256250 0.502083 0.253125 0.495833 0.231250 0.466667 0.228125 0.464583 0.212500 0.456250 0.206250 0.454167 0.198437 0.452083 0.168750 0.452083
0 0.445312 0.616667 0.435937 0.622917 0.426563 0.633333 0.418750 0.639583 0.415625 0.641667 0.412500 0.641667 0.409375 0.645833 0.406250 0.650000 0.404687 0.654167 0.403125 0.658333 0.403125 0.677083 0.406250 0.681250 0.410938 0.683333 0.417187 0.685417 0.428125 0.685417 0.431250 0.687500 0.432812 0.689583 0.434375 0.693750 0.439063 0.706250 0.440625 0.714583 0.442188 0.731250 0.443750 0.735417 0.446875 0.739583 0.454688 0.739583 0.460938 0.737500 0.464062 0.735417 0.465625 0.731250 0.465625 0.722917 0.467187 0.714583 0.470313 0.708333 0.470313 0.702083 0.475000 0.689583 0.478125 0.685417 0.482812 0.689583 0.493750 0.689583 0.498437 0.685417 0.501563 0.685417 0.504687 0.683333 0.504687 0.672917 0.503125 0.662500 0.501563 0.654167 0.500000 0.645833 0.495312 0.639583 0.495312 0.637500 0.492188 0.633333 0.487500 0.633333 0.484375 0.631250 0.481250 0.629167 0.475000 0.620833 0.471875 0.618750 0.467187 0.616667 0.445312 0.616667
0 0.395313 0.681250 0.390625 0.683333 0.387500 0.685417 0.384375 0.687500 0.371875 0.706250 0.364063 0.714583 0.362500 0.718750 0.360938 0.722917 0.357812 0.733333 0.356250 0.739583 0.356250 0.760417 0.357812 0.764583 0.360938 0.768750 0.362500 0.772917 0.364063 0.781250 0.365625 0.791667 0.367188 0.800000 0.368750 0.804167 0.378125 0.816667 0.381250 0.818750 0.389062 0.818750 0.395313 0.816667 0.400000 0.810417 0.401562 0.800000 0.401562 0.785417 0.404687 0.781250 0.409375 0.779167 0.415625 0.777083 0.425000 0.777083 0.434375 0.772917 0.450000 0.770833 0.451562 0.766667 0.453125 0.752083 0.450000 0.743750 0.446875 0.741667 0.437500 0.735417 0.432812 0.735417 0.421875 0.727083 0.414062 0.716667 0.414062 0.712500 0.417187 0.689583 0.410938 0.685417 0.406250 0.681250 0.395313 0.681250
1 0.759375 0.414583 0.739062 0.418750 0.739062 0.429167 0.740625 0.452083 0.742188 0.456250 0.743750 0.458333 0.745313 0.458333 0.748437 0.462500 0.748437 0.702083 0.746875 0.708333 0.742188 0.716667 0.740625 0.720833 0.740625 0.747917 0.743750 0.750000 0.784375 0.750000 0.801562 0.754167 0.831250 0.754167 0.845313 0.752083 0.848437 0.747917 0.848437 0.743750 0.846875 0.731250 0.845313 0.725000 0.837500 0.714583 0.834375 0.708333 0.832812 0.700000 0.834375 0.670833 0.834375 0.664583 0.834375 0.604167 0.834375 0.600000 0.831250 0.579167 0.831250 0.575000 0.834375 0.550000 0.834375 0.543750 0.831250 0.475000 0.831250 0.454167 0.832812 0.450000 0.834375 0.447917 0.843750 0.437500 0.843750 0.425000 0.840625 0.416667 0.837500 0.414583 0.815625 0.418750 0.779687 0.420833 0.775000 0.420833 0.773438 0.418750 0.767188 0.418750 0.764062 0.414583 0.759375 0.414583
3 0.481250 0.462500 0.473438 0.464583 0.467187 0.466667 0.464062 0.470833 0.464062 0.475000 0.465625 0.485417 0.470313 0.512500 0.479687 0.552083 0.479687 0.560417 0.481250 0.568750 0.482812 0.575000 0.484375 0.579167 0.489063 0.589583 0.496875 0.600000 0.498437 0.604167 0.498437 0.633333 0.500000 0.641667 0.503125 0.647917 0.504687 0.656250 0.504687 0.668750 0.509375 0.697917 0.517188 0.731250 0.518750 0.741667 0.520312 0.766667 0.525000 0.787500 0.525000 0.802083 0.526563 0.814583 0.528125 0.827083 0.532813 0.850000 0.535937 0.864583 0.539062 0.870833 0.539062 0.877083 0.540625 0.883333 0.543750 0.891667 0.548438 0.904167 0.553125 0.910417 0.559375 0.910417 0.562500 0.908333 0.564063 0.904167 0.564063 0.900000 0.562500 0.889583 0.560937 0.879167 0.559375 0.870833 0.557813 0.864583 0.553125 0.854167 0.548438 0.835417 0.545312 0.816667 0.545312 0.777083 0.543750 0.768750 0.540625 0.762500 0.531250 0.722917 0.528125 0.708333 0.525000 0.691667 0.520312 0.668750 0.520312 0.658333 0.517188 0.652083 0.515625 0.643750 0.514062 0.633333 0.512500 0.616667 0.512500 0.610417 0.514062 0.597917 0.517188 0.591667 0.521875 0.583333 0.523438 0.579167 0.523438 0.558333 0.521875 0.550000 0.520312 0.541667 0.518750 0.535417 0.517188 0.527083 0.514062 0.522917 0.512500 0.516667 0.509375 0.500000 0.500000 0.475000 0.498437 0.468750 0.495312 0.464583 0.492188 0.462500 0.481250 0.462500
0 0.442188 0.114583 0.434375 0.116667 0.428125 0.118750 0.420312 0.122917 0.417187 0.125000 0.406250 0.133333 0.393750 0.150000 0.389062 0.158333 0.387500 0.164583 0.384375 0.175000 0.382812 0.181250 0.381250 0.191667 0.381250 0.218750 0.382812 0.233333 0.384375 0.239583 0.387500 0.250000 0.392188 0.262500 0.395313 0.268750 0.403125 0.279167 0.403125 0.281250 0.409375 0.289583 0.415625 0.295833 0.420312 0.300000 0.426563 0.304167 0.435937 0.310417 0.440625 0.312500 0.448437 0.314583 0.464062 0.314583 0.470313 0.312500 0.475000 0.310417 0.479687 0.308333 0.489063 0.302083 0.496875 0.295833 0.501563 0.291667 0.514062 0.275000 0.518750 0.266667 0.521875 0.260417 0.523438 0.256250 0.525000 0.252083 0.526563 0.245833 0.528125 0.235417 0.528125 0.185417 0.526563 0.179167 0.523438 0.168750 0.521875 0.164583 0.518750 0.158333 0.515625 0.152083 0.501563 0.133333 0.496875 0.129167 0.484375 0.120833 0.479687 0.118750 0.473438 0.116667 0.467187 0.114583 0.442188 0.114583
0 0.342187 0.535417 0.328125 0.537500 0.318750 0.541667 0.306250 0.541667 0.296875 0.543750 0.285938 0.545833 0.281250 0.552083 0.275000 0.568750 0.275000 0.575000 0.278125 0.581250 0.287500 0.593750 0.292187 0.597917 0.296875 0.602083 0.307812 0.610417 0.315625 0.614583 0.318750 0.614583 0.323437 0.614583 0.325000 0.608333 0.325000 0.602083 0.326562 0.597917 0.334375 0.587500 0.337500 0.585417 0.342187 0.583333 0.354687 0.585417 0.360938 0.585417 0.360938 0.581250 0.362500 0.579167 0.362500 0.568750 0.360938 0.556250 0.359375 0.552083 0.357812 0.547917 0.354687 0.543750 0.354687 0.541667 0.353125 0.539583 0.350000 0.537500 0.342187 0.535417
0 0.343750 0.585417 0.337500 0.587500 0.334375 0.589583 0.329688 0.595833 0.328125 0.600000 0.326562 0.604167 0.325000 0.616667 0.325000 0.633333 0.326562 0.641667 0.328125 0.645833 0.331250 0.650000 0.340625 0.656250 0.348438 0.658333 0.351562 0.660417 0.354687 0.662500 0.356250 0.664583 0.356250 0.666667 0.357812 0.668750 0.360938 0.670833 0.367188 0.670833 0.373437 0.672917 0.378125 0.677083 0.389062 0.679167 0.393750 0.679167 0.400000 0.675000 0.401562 0.668750 0.400000 0.658333 0.403125 0.650000 0.403125 0.629167 0.401562 0.620833 0.400000 0.616667 0.393750 0.608333 0.382812 0.600000 0.375000 0.595833 0.367188 0.593750 0.359375 0.587500 0.351562 0.585417 0.343750 0.585417
0 0.317188 0.618750 0.310937 0.622917 0.300000 0.625000 0.293750 0.629167 0.292187 0.633333 0.292187 0.637500 0.293750 0.641667 0.300000 0.656250 0.304688 0.666667 0.309375 0.672917 0.310937 0.672917 0.317188 0.681250 0.332813 0.681250 0.339062 0.679167 0.348438 0.675000 0.353125 0.670833 0.356250 0.670833 0.359375 0.672917 0.362500 0.675000 0.364063 0.677083 0.364063 0.679167 0.367188 0.683333 0.371875 0.693750 0.376563 0.687500 0.378125 0.679167 0.371875 0.677083 0.367188 0.675000 0.364063 0.672917 0.360938 0.668750 0.340625 0.658333 0.331250 0.652083 0.328125 0.647917 0.326562 0.643750 0.325000 0.639583 0.323437 0.631250 0.321875 0.618750 0.317188 0.618750
0 0.428125 0.514583 0.418750 0.520833 0.414062 0.525000 0.396875 0.547917 0.390625 0.558333 0.389062 0.562500 0.387500 0.566667 0.385937 0.575000 0.384375 0.587500 0.384375 0.600000 0.387500 0.602083 0.395313 0.606250 0.400000 0.612500 0.401562 0.616667 0.403125 0.620833 0.404687 0.627083 0.409375 0.629167 0.421875 0.629167 0.428125 0.627083 0.434375 0.620833 0.435937 0.620833 0.439063 0.618750 0.442188 0.606250 0.443750 0.585417 0.445312 0.564583 0.445312 0.529167 0.443750 0.525000 0.437500 0.516667 0.434375 0.514583 0.428125 0.514583
