13 0.492188 0.277083 0.484375 0.279167 0.479687 0.281250 0.475000 0.283333 0.470313 0.287500 0.459375 0.302083 0.453125 0.318750 0.451562 0.325000 0.450000 0.337500 0.450000 0.341667 0.451562 0.356250 0.453125 0.362500 0.457813 0.375000 0.467187 0.389583 0.468750 0.391667 0.475000 0.397917 0.479687 0.400000 0.484375 0.402083 0.493750 0.404167 0.498437 0.404167 0.507812 0.402083 0.512500 0.400000 0.517188 0.397917 0.520312 0.395833 0.523438 0.393750 0.532813 0.381250 0.535937 0.375000 0.537500 0.370833 0.539062 0.366667 0.540625 0.360417 0.542188 0.354167 0.542188 0.322917 0.539062 0.312500 0.534375 0.300000 0.531250 0.295833 0.520312 0.283333 0.515625 0.281250 0.509375 0.279167 0.501563 0.277083 0.492188 0.277083
2 0.667188 0.129167 0.665625 0.131250 0.659375 0.133333 0.635938 0.135417 0.614062 0.137500 0.578125 0.137500 0.564063 0.141667 0.528125 0.141667 0.517188 0.145833 0.515625 0.168750 0.515625 0.185417 0.518750 0.191667 0.520312 0.218750 0.520312 0.270833 0.521875 0.275000 0.526563 0.281250 0.545312 0.281250 0.596875 0.279167 0.598437 0.277083 0.626563 0.277083 0.628125 0.270833 0.634375 0.260417 0.643750 0.247917 0.648438 0.243750 0.653125 0.239583 0.656250 0.237500 0.659375 0.235417 0.667188 0.231250 0.671875 0.229167 0.670312 0.166667 0.670312 0.158333 0.670312 0.129167 0.667188 0.129167
19 0.673438 0.231250 0.667188 0.233333 0.662500 0.235417 0.656250 0.239583 0.651563 0.241667 0.645312 0.247917 0.637500 0.258333 0.634375 0.264583 0.631250 0.270833 0.618750 0.302083 0.614062 0.314583 0.610938 0.329167 0.610938 0.354167 0.612500 0.362500 0.614062 0.368750 0.617188 0.375000 0.629687 0.391667 0.632812 0.393750 0.635938 0.395833 0.643750 0.400000 0.651563 0.402083 0.667188 0.402083 0.687500 0.395833 0.692187 0.393750 0.710938 0.383333 0.715625 0.379167 0.735938 0.352083 0.740625 0.339583 0.742188 0.333333 0.743750 0.316667 0.743750 0.302083 0.742188 0.291667 0.740625 0.285417 0.739062 0.279167 0.734375 0.266667 0.731250 0.260417 0.726562 0.252083 0.720313 0.243750 0.710938 0.237500 0.706250 0.235417 0.701562 0.233333 0.695312 0.231250 0.673438 0.231250
15 0.314063 0.108333 0.306250 0.110417 0.295312 0.114583 0.282813 0.122917 0.276562 0.129167 0.267188 0.141667 0.264062 0.147917 0.260937 0.154167 0.259375 0.158333 0.257812 0.162500 0.254688 0.179167 0.253125 0.183333 0.248438 0.191667 0.248438 0.229167 0.250000 0.237500 0.251563 0.243750 0.253125 0.250000 0.256250 0.258333 0.260937 0.270833 0.270313 0.289583 0.275000 0.295833 0.278125 0.297917 0.284375 0.300000 0.303125 0.297917 0.318750 0.297917 0.321875 0.300000 0.329688 0.312500 0.331250 0.314583 0.332813 0.314583 0.335938 0.318750 0.348438 0.318750 0.356250 0.316667 0.365625 0.310417 0.371875 0.304167 0.379688 0.295833 0.381250 0.293750 0.381250 0.291667 0.396875 0.264583 0.398438 0.260417 0.400000 0.256250 0.401562 0.250000 0.403125 0.243750 0.403125 0.197917 0.401562 0.187500 0.400000 0.179167 0.398438 0.172917 0.393750 0.160417 0.385937 0.147917 0.370312 0.127083 0.364063 0.120833 0.360938 0.118750 0.357812 0.116667 0.343750 0.110417 0.337500 0.108333 0.314063 0.108333
18 0.350000 0.370833 0.350000 0.391667 0.353125 0.406250 0.351562 0.414583 0.339062 0.414583 0.332813 0.412500 0.328125 0.410417 0.320312 0.406250 0.309375 0.397917 0.303125 0.395833 0.298438 0.395833 0.292187 0.400000 0.282813 0.402083 0.248438 0.402083 0.242188 0.404167 0.237500 0.410417 0.234375 0.420833 0.225000 0.437500 0.210938 0.472917 0.201563 0.489583 0.196875 0.500000 0.189062 0.520833 0.182812 0.531250 0.173437 0.556250 0.173437 0.570833 0.179688 0.579167 0.184375 0.583333 0.196875 0.593750 0.204687 0.600000 0.223438 0.614583 0.242188 0.627083 0.250000 0.633333 0.278125 0.656250 0.290625 0.668750 0.303125 0.679167 0.306250 0.681250 0.309375 0.683333 0.315625 0.683333 0.318750 0.681250 0.321875 0.677083 0.325000 0.670833 0.332813 0.654167 0.339062 0.639583 0.346875 0.616667 0.353125 0.602083 0.365625 0.575000 0.368750 0.568750 0.371875 0.562500 0.385937 0.535417 0.400000 0.510417 0.407813 0.500000 0.418750 0.481250 0.423438 0.472917 0.426563 0.466667 0.429688 0.460417 0.432812 0.452083 0.432812 0.447917 0.431250 0.443750 0.423438 0.429167 0.414062 0.420833 0.400000 0.408333 0.389062 0.400000 0.378125 0.393750 0.360938 0.379167 0.356250 0.372917 0.353125 0.370833 0.350000 0.370833
5 0.614062 0.387500 0.610938 0.389583 0.610938 0.395833 0.615625 0.408333 0.620313 0.418750 0.623437 0.425000 0.631250 0.439583 0.637500 0.450000 0.654687 0.472917 0.659375 0.477083 0.664062 0.481250 0.676562 0.491667 0.679688 0.493750 0.682813 0.495833 0.687500 0.497917 0.696875 0.500000 0.704688 0.500000 0.712500 0.502083 0.717187 0.504167 0.720313 0.506250 0.735938 0.518750 0.746875 0.529167 0.762500 0.543750 0.773438 0.556250 0.784375 0.564583 0.795312 0.575000 0.845313 0.625000 0.850000 0.629167 0.853125 0.631250 0.856250 0.633333 0.860938 0.635417 0.864062 0.635417 0.868750 0.633333 0.871875 0.631250 0.875000 0.627083 0.875000 0.620833 0.867188 0.610417 0.862500 0.606250 0.857812 0.602083 0.848437 0.595833 0.834375 0.581250 0.801562 0.552083 0.778125 0.533333 0.753125 0.510417 0.732812 0.491667 0.720313 0.477083 0.715625 0.475000 0.710938 0.468750 0.707812 0.468750 0.703125 0.464583 0.695312 0.454167 0.692187 0.454167 0.684375 0.447917 0.670312 0.435417 0.645312 0.412500 0.632812 0.402083 0.620313 0.393750 0.617188 0.389583 0.614062 0.387500
1 0.310937 0.297917 0.306250 0.300000 0.301563 0.304167 0.254688 0.304167 0.234375 0.306250 0.218750 0.308333 0.185938 0.314583 0.175000 0.318750 0.162500 0.318750 0.142187 0.322917 0.126562 0.329167 0.106250 0.329167 0.100000 0.333333 0.100000 0.339583 0.104688 0.356250 0.110937 0.370833 0.114062 0.381250 0.117188 0.391667 0.118750 0.397917 0.120313 0.410417 0.121875 0.416667 0.123438 0.420833 0.126562 0.427083 0.129688 0.431250 0.135937 0.431250 0.140625 0.429167 0.143750 0.427083 0.146875 0.425000 0.153125 0.418750 0.162500 0.412500 0.167187 0.410417 0.185938 0.408333 0.209375 0.408333 0.220312 0.406250 0.240625 0.400000 0.290625 0.400000 0.295312 0.397917 0.301563 0.391667 0.304688 0.393750 0.314063 0.402083 0.317188 0.404167 0.321875 0.404167 0.329688 0.410417 0.335938 0.412500 0.346875 0.414583 0.351562 0.414583 0.351562 0.408333 0.350000 0.387500 0.348438 0.379167 0.346875 0.370833 0.343750 0.356250 0.339062 0.339583 0.332813 0.322917 0.323437 0.310417 0.323437 0.304167 0.321875 0.300000 0.310937 0.297917
8 0.910937 0.172917 0.895312 0.175000 0.890625 0.177083 0.879687 0.183333 0.876563 0.185417 0.871875 0.189583 0.865625 0.197917 0.854688 0.204167 0.843750 0.218750 0.835938 0.222917 0.831250 0.229167 0.826562 0.231250 0.818750 0.241667 0.810937 0.245833 0.804688 0.254167 0.798438 0.258333 0.790625 0.266667 0.787500 0.272917 0.784375 0.279167 0.782813 0.283333 0.781250 0.289583 0.779687 0.295833 0.779687 0.322917 0.781250 0.331250 0.787500 0.347917 0.801562 0.366667 0.807813 0.372917 0.812500 0.375000 0.821875 0.379167 0.843750 0.379167 0.850000 0.377083 0.854688 0.372917 0.860938 0.372917 0.865625 0.370833 0.870313 0.366667 0.890625 0.358333 0.906250 0.354167 0.914062 0.350000 0.925000 0.343750 0.939063 0.331250 0.942187 0.331250 0.950000 0.325000 0.959375 0.316667 0.965625 0.308333 0.970313 0.297917 0.970313 0.293750 0.971875 0.289583 0.978125 0.281250 0.979688 0.275000 0.979688 0.256250 0.978125 0.245833 0.976562 0.235417 0.975000 0.229167 0.973437 0.222917 0.971875 0.218750 0.970313 0.214583 0.967187 0.208333 0.953125 0.189583 0.945312 0.183333 0.942187 0.181250 0.939063 0.179167 0.934375 0.177083 0.928125 0.175000 0.915625 0.172917 0.910937 0.172917
0 0.696875 0.775000 0.692187 0.779167 0.684375 0.789583 0.679688 0.802083 0.675000 0.816667 0.673438 0.827083 0.671875 0.833333 0.667188 0.839583 0.650000 0.837500 0.648438 0.841667 0.650000 0.852083 0.651563 0.856250 0.653125 0.858333 0.656250 0.860417 0.665625 0.866667 0.671875 0.866667 0.679688 0.862500 0.682813 0.860417 0.690625 0.850000 0.690625 0.847917 0.700000 0.835417 0.701562 0.835417 0.710938 0.822917 0.712500 0.816667 0.712500 0.808333 0.714063 0.802083 0.715625 0.795833 0.718750 0.791667 0.717187 0.781250 0.712500 0.779167 0.707812 0.779167 0.703125 0.775000 0.696875 0.775000
0 0.626563 0.750000 0.623437 0.754167 0.621875 0.758333 0.618750 0.770833 0.618750 0.775000 0.621875 0.777083 0.628125 0.781250 0.632812 0.785417 0.635938 0.789583 0.639062 0.795833 0.642188 0.797917 0.640625 0.783333 0.639062 0.772917 0.637500 0.766667 0.635938 0.762500 0.634375 0.758333 0.631250 0.754167 0.631250 0.752083 0.626563 0.750000
0 0.484375 0.647917 0.481250 0.650000 0.479687 0.652083 0.478125 0.656250 0.476562 0.660417 0.475000 0.670833 0.473438 0.681250 0.471875 0.693750 0.471875 0.706250 0.467187 0.729167 0.467187 0.741667 0.464062 0.764583 0.460938 0.775000 0.459375 0.785417 0.459375 0.797917 0.456250 0.808333 0.456250 0.827083 0.456250 0.829167 0.464062 0.833333 0.475000 0.837500 0.493750 0.843750 0.501563 0.845833 0.515625 0.847917 0.539062 0.847917 0.550000 0.850000 0.560937 0.854167 0.564063 0.856250 0.567187 0.858333 0.570312 0.862500 0.573438 0.864583 0.576562 0.866667 0.581250 0.868750 0.592187 0.872917 0.598437 0.875000 0.615625 0.875000 0.623437 0.877083 0.625000 0.879167 0.629687 0.879167 0.632812 0.875000 0.634375 0.870833 0.635938 0.864583 0.639062 0.850000 0.640625 0.841667 0.642188 0.829167 0.642188 0.814583 0.640625 0.800000 0.639062 0.795833 0.635938 0.791667 0.631250 0.787500 0.621875 0.779167 0.620313 0.779167 0.618750 0.777083 0.617188 0.772917 0.617188 0.766667 0.618750 0.764583 0.618750 0.758333 0.617188 0.754167 0.614062 0.750000 0.614062 0.745833 0.610938 0.741667 0.609375 0.737500 0.609375 0.727083 0.610938 0.722917 0.620313 0.712500 0.621875 0.708333 0.618750 0.704167 0.614062 0.700000 0.609375 0.695833 0.606250 0.693750 0.596875 0.693750 0.590625 0.695833 0.585938 0.700000 0.581250 0.702083 0.575000 0.704167 0.570312 0.702083 0.564063 0.693750 0.564063 0.685417 0.565625 0.681250 0.568750 0.677083 0.570312 0.670833 0.568750 0.660417 0.565625 0.660417 0.564063 0.664583 0.564063 0.672917 0.562500 0.677083 0.557813 0.683333 0.554688 0.685417 0.548438 0.685417 0.545312 0.683333 0.542188 0.679167 0.539062 0.672917 0.540625 0.662500 0.539062 0.656250 0.534375 0.654167 0.525000 0.652083 0.514062 0.650000 0.500000 0.647917 0.484375 0.647917
22 0.745313 0.300000 0.743750 0.314583 0.743750 0.327083 0.742188 0.333333 0.737500 0.345833 0.737500 0.352083 0.739062 0.356250 0.742188 0.362500 0.746875 0.370833 0.753125 0.379167 0.757812 0.387500 0.759375 0.393750 0.764062 0.402083 0.782813 0.435417 0.785937 0.437500 0.792188 0.435417 0.795312 0.433333 0.800000 0.429167 0.804688 0.422917 0.804688 0.416667 0.800000 0.406250 0.796875 0.397917 0.792188 0.387500 0.785937 0.377083 0.778125 0.356250 0.768750 0.335417 0.765625 0.329167 0.757812 0.316667 0.756250 0.310417 0.753125 0.304167 0.748437 0.297917 0.745313 0.300000
0 0.557813 0.495833 0.551562 0.497917 0.540625 0.506250 0.537500 0.506250 0.532813 0.504167 0.525000 0.500000 0.518750 0.500000 0.512500 0.502083 0.506250 0.506250 0.493750 0.508333 0.485938 0.514583 0.478125 0.516667 0.475000 0.518750 0.468750 0.527083 0.465625 0.531250 0.465625 0.533333 0.460938 0.537500 0.459375 0.539583 0.451562 0.552083 0.446875 0.562500 0.442188 0.572917 0.440625 0.577083 0.440625 0.583333 0.437500 0.589583 0.435937 0.595833 0.435937 0.608333 0.437500 0.612500 0.442188 0.620833 0.443750 0.629167 0.445312 0.633333 0.450000 0.639583 0.451562 0.645833 0.457813 0.645833 0.459375 0.647917 0.468750 0.647917 0.473438 0.645833 0.482812 0.639583 0.496875 0.627083 0.504687 0.625000 0.512500 0.616667 0.523438 0.610417 0.528125 0.604167 0.531250 0.604167 0.542188 0.595833 0.545312 0.589583 0.542188 0.583333 0.542188 0.570833 0.543750 0.566667 0.548438 0.560417 0.548438 0.558333 0.551562 0.554167 0.556250 0.550000 0.559375 0.547917 0.564063 0.545833 0.573438 0.543750 0.585938 0.547917 0.589063 0.545833 0.593750 0.539583 0.598437 0.531250 0.600000 0.527083 0.601562 0.522917 0.601562 0.516667 0.600000 0.512500 0.595313 0.506250 0.590625 0.504167 0.585938 0.502083 0.578125 0.502083 0.570312 0.495833 0.557813 0.495833
0 0.567187 0.547917 0.560937 0.550000 0.557813 0.552083 0.553125 0.556250 0.548438 0.562500 0.545312 0.568750 0.543750 0.572917 0.543750 0.581250 0.548438 0.589583 0.548438 0.595833 0.551562 0.600000 0.553125 0.604167 0.553125 0.620833 0.551562 0.633333 0.548438 0.645833 0.543750 0.658333 0.542188 0.664583 0.542188 0.672917 0.543750 0.677083 0.546875 0.681250 0.557813 0.679167 0.557813 0.677083 0.560937 0.672917 0.562500 0.668750 0.562500 0.664583 0.567187 0.656250 0.568750 0.647917 0.570312 0.643750 0.573438 0.637500 0.581250 0.627083 0.585938 0.622917 0.598437 0.616667 0.601562 0.612500 0.603125 0.612500 0.604688 0.610417 0.604688 0.608333 0.607812 0.604167 0.607812 0.597917 0.609375 0.595833 0.609375 0.591667 0.607812 0.585417 0.606250 0.581250 0.603125 0.575000 0.598437 0.566667 0.587500 0.552083 0.584375 0.550000 0.579688 0.547917 0.567187 0.547917
0 0.665625 0.510417 0.657813 0.518750 0.656250 0.520833 0.648438 0.533333 0.643750 0.537500 0.640625 0.539583 0.634375 0.541667 0.629687 0.535417 0.626563 0.533333 0.615625 0.533333 0.612500 0.535417 0.606250 0.543750 0.604688 0.547917 0.604688 0.572917 0.606250 0.579167 0.609375 0.583333 0.610938 0.589583 0.610938 0.600000 0.612500 0.608333 0.615625 0.612500 0.620313 0.612500 0.621875 0.614583 0.625000 0.614583 0.637500 0.612500 0.650000 0.620833 0.657813 0.629167 0.662500 0.629167 0.665625 0.625000 0.665625 0.622917 0.670312 0.616667 0.671875 0.610417 0.671875 0.602083 0.670312 0.597917 0.664062 0.589583 0.664062 0.579167 0.667188 0.568750 0.681250 0.527083 0.682813 0.520833 0.681250 0.514583 0.679688 0.514583 0.676562 0.510417 0.665625 0.510417
0 0.604688 0.614583 0.598437 0.618750 0.582812 0.629167 0.575000 0.639583 0.570312 0.650000 0.570312 0.660417 0.571875 0.662500 0.571875 0.672917 0.567187 0.679167 0.565625 0.685417 0.565625 0.689583 0.567187 0.693750 0.571875 0.700000 0.578125 0.700000 0.582812 0.697917 0.590625 0.691667 0.595313 0.689583 0.601562 0.687500 0.606250 0.687500 0.614062 0.697917 0.618750 0.702083 0.621875 0.704167 0.626563 0.706250 0.631250 0.706250 0.642188 0.702083 0.646875 0.700000 0.651563 0.693750 0.657813 0.691667 0.660937 0.687500 0.662500 0.687500 0.664062 0.685417 0.665625 0.681250 0.667188 0.677083 0.667188 0.652083 0.664062 0.641667 0.662500 0.637500 0.660937 0.633333 0.659375 0.631250 0.654687 0.629167 0.650000 0.622917 0.637500 0.614583 0.628125 0.614583 0.626563 0.616667 0.617188 0.616667 0.615625 0.614583 0.604688 0.614583
0 0.698438 0.572917 0.693750 0.575000 0.689063 0.577083 0.685937 0.579167 0.681250 0.585417 0.679688 0.585417 0.676562 0.589583 0.675000 0.597917 0.675000 0.606250 0.673438 0.614583 0.671875 0.618750 0.668750 0.620833 0.665625 0.627083 0.664062 0.631250 0.664062 0.635417 0.665625 0.641667 0.668750 0.647917 0.670312 0.658333 0.670312 0.670833 0.668750 0.679167 0.664062 0.689583 0.667188 0.693750 0.671875 0.693750 0.676562 0.697917 0.684375 0.697917 0.684375 0.685417 0.687500 0.681250 0.692187 0.679167 0.700000 0.679167 0.704688 0.677083 0.709375 0.675000 0.712500 0.672917 0.718750 0.664583 0.721875 0.656250 0.726562 0.643750 0.726562 0.631250 0.729688 0.627083 0.731250 0.622917 0.731250 0.597917 0.726562 0.589583 0.721875 0.579167 0.717187 0.575000 0.714063 0.572917 0.698438 0.572917
0 0.659375 0.693750 0.654687 0.695833 0.651563 0.697917 0.648438 0.702083 0.645312 0.704167 0.640625 0.704167 0.628125 0.710417 0.618750 0.716667 0.614062 0.720833 0.612500 0.725000 0.612500 0.737500 0.614062 0.741667 0.615625 0.745833 0.620313 0.752083 0.623437 0.752083 0.626563 0.747917 0.632812 0.750000 0.632812 0.754167 0.635938 0.758333 0.639062 0.768750 0.640625 0.775000 0.642188 0.785417 0.643750 0.795833 0.645312 0.812500 0.646875 0.835417 0.654687 0.837500 0.668750 0.837500 0.670312 0.833333 0.670312 0.829167 0.676562 0.808333 0.681250 0.793750 0.684375 0.787500 0.692187 0.777083 0.696875 0.772917 0.703125 0.772917 0.707812 0.775000 0.715625 0.781250 0.720313 0.779167 0.721875 0.775000 0.723437 0.770833 0.723437 0.760417 0.718750 0.752083 0.718750 0.745833 0.717187 0.741667 0.712500 0.735417 0.709375 0.729167 0.709375 0.727083 0.703125 0.725000 0.700000 0.722917 0.695312 0.718750 0.682813 0.702083 0.679688 0.700000 0.675000 0.697917 0.670312 0.695833 0.664062 0.693750 0.659375 0.693750
11 0.240625 0.650000 0.234375 0.652083 0.229687 0.654167 0.220312 0.660417 0.209375 0.664583 0.203125 0.666667 0.195312 0.666667 0.190625 0.668750 0.181250 0.675000 0.176563 0.675000 0.171875 0.677083 0.164062 0.681250 0.160938 0.683333 0.157812 0.685417 0.132812 0.718750 0.128125 0.731250 0.123438 0.745833 0.123438 0.762500 0.121875 0.766667 0.120313 0.768750 0.110937 0.775000 0.106250 0.779167 0.101562 0.785417 0.096875 0.793750 0.095312 0.797917 0.093750 0.804167 0.092188 0.814583 0.092188 0.825000 0.093750 0.831250 0.095312 0.837500 0.096875 0.841667 0.106250 0.854167 0.118750 0.862500 0.134375 0.862500 0.139063 0.860417 0.153125 0.850000 0.159375 0.850000 0.170313 0.856250 0.181250 0.858333 0.195312 0.858333 0.204687 0.856250 0.210938 0.854167 0.223438 0.845833 0.231250 0.839583 0.237500 0.833333 0.245312 0.820833 0.265625 0.795833 0.278125 0.785417 0.292187 0.766667 0.295312 0.760417 0.296875 0.756250 0.298438 0.752083 0.301563 0.741667 0.303125 0.733333 0.303125 0.708333 0.301563 0.695833 0.295312 0.679167 0.287500 0.668750 0.282813 0.664583 0.281250 0.664583 0.279687 0.662500 0.279687 0.660417 0.276562 0.656250 0.273438 0.654167 0.268750 0.652083 0.264062 0.650000 0.240625 0.650000
3 0.692187 0.502083 0.695312 0.510417 0.704688 0.525000 0.715625 0.541667 0.720313 0.545833 0.721875 0.550000 0.721875 0.554167 0.723437 0.558333 0.725000 0.562500 0.729688 0.570833 0.739062 0.583333 0.742188 0.585417 0.745313 0.585417 0.748437 0.587500 0.753125 0.591667 0.765625 0.608333 0.770312 0.616667 0.773438 0.622917 0.776563 0.629167 0.790625 0.658333 0.804688 0.689583 0.807813 0.695833 0.810937 0.702083 0.815625 0.708333 0.818750 0.714583 0.823438 0.727083 0.826562 0.733333 0.835938 0.747917 0.842187 0.762500 0.851562 0.779167 0.862500 0.795833 0.870313 0.812500 0.881250 0.827083 0.893750 0.850000 0.906250 0.868750 0.909375 0.872917 0.915625 0.872917 0.918750 0.870833 0.923438 0.858333 0.923438 0.854167 0.921875 0.850000 0.914062 0.837500 0.910937 0.831250 0.906250 0.818750 0.896875 0.800000 0.889062 0.785417 0.876563 0.762500 0.870313 0.754167 0.867188 0.745833 0.859375 0.735417 0.854688 0.725000 0.839063 0.702083 0.834375 0.691667 0.821875 0.675000 0.815625 0.662500 0.789062 0.622917 0.779687 0.608333 0.775000 0.600000 0.771875 0.593750 0.768750 0.587500 0.767188 0.583333 0.765625 0.577083 0.764062 0.564583 0.764062 0.552083 0.760938 0.543750 0.753125 0.539583 0.746875 0.531250 0.742188 0.529167 0.731250 0.516667 0.728125 0.514583 0.710938 0.504167 0.701562 0.502083 0.692187 0.502083
3 0.703125 0.450000 0.706250 0.456250 0.712500 0.468750 0.718750 0.477083 0.721875 0.477083 0.720313 0.470833 0.712500 0.456250 0.704688 0.443750 0.703125 0.450000
