9 0.879687 0.014583 0.873437 0.018750 0.867188 0.018750 0.860938 0.020833 0.857812 0.022917 0.854688 0.025000 0.846875 0.033333 0.843750 0.033333 0.840625 0.035417 0.834375 0.041667 0.818750 0.062500 0.812500 0.068750 0.800000 0.079167 0.793750 0.085417 0.785937 0.093750 0.784375 0.095833 0.776563 0.108333 0.773438 0.116667 0.767188 0.125000 0.764062 0.131250 0.760938 0.137500 0.759375 0.145833 0.759375 0.158333 0.757812 0.168750 0.756250 0.175000 0.754687 0.181250 0.750000 0.193750 0.743750 0.208333 0.740625 0.214583 0.728125 0.229167 0.723437 0.235417 0.721875 0.239583 0.721875 0.260417 0.723437 0.264583 0.728125 0.275000 0.735938 0.289583 0.739062 0.293750 0.748437 0.304167 0.760938 0.312500 0.767188 0.314583 0.775000 0.316667 0.795312 0.316667 0.807813 0.314583 0.814063 0.312500 0.820312 0.310417 0.825000 0.308333 0.828125 0.306250 0.845313 0.293750 0.850000 0.287500 0.854688 0.283333 0.860938 0.281250 0.876563 0.268750 0.879687 0.268750 0.885938 0.264583 0.895312 0.258333 0.903125 0.252083 0.909375 0.243750 0.915625 0.239583 0.923438 0.231250 0.931250 0.222917 0.937500 0.214583 0.953125 0.191667 0.962500 0.172917 0.967187 0.160417 0.970313 0.147917 0.987500 0.147917 0.992188 0.145833 0.998437 0.141667 0.998437 0.116667 0.992188 0.116667 0.990625 0.114583 0.973437 0.112500 0.971875 0.108333 0.971875 0.097917 0.968750 0.083333 0.965625 0.075000 0.960938 0.062500 0.957812 0.056250 0.942187 0.035417 0.937500 0.031250 0.932813 0.027083 0.923438 0.020833 0.918750 0.018750 0.912500 0.016667 0.904687 0.014583 0.879687 0.014583
0 0.551562 0.441667 0.546875 0.447917 0.545312 0.452083 0.545312 0.456250 0.548438 0.462500 0.553125 0.470833 0.565625 0.487500 0.575000 0.502083 0.579688 0.512500 0.587500 0.522917 0.598437 0.541667 0.606250 0.558333 0.617188 0.572917 0.620313 0.581250 0.631250 0.595833 0.632812 0.600000 0.634375 0.608333 0.635938 0.612500 0.639062 0.618750 0.642188 0.625000 0.650000 0.635417 0.653125 0.643750 0.657813 0.645833 0.660937 0.643750 0.676562 0.625000 0.696875 0.595833 0.704688 0.583333 0.709375 0.575000 0.714063 0.566667 0.718750 0.554167 0.721875 0.547917 0.726562 0.539583 0.723437 0.535417 0.720313 0.533333 0.706250 0.525000 0.696875 0.520833 0.679688 0.514583 0.665625 0.504167 0.635938 0.487500 0.628125 0.483333 0.620313 0.481250 0.612500 0.477083 0.604688 0.472917 0.590625 0.462500 0.582812 0.460417 0.578125 0.458333 0.571875 0.452083 0.556250 0.443750 0.551562 0.441667
18 0.204687 0.281250 0.201563 0.283333 0.198437 0.285417 0.193750 0.289583 0.187500 0.295833 0.181250 0.302083 0.165625 0.318750 0.150000 0.337500 0.142187 0.343750 0.125000 0.364583 0.109375 0.379167 0.098437 0.393750 0.090625 0.402083 0.082812 0.408333 0.071875 0.420833 0.051562 0.445833 0.050000 0.445833 0.042188 0.456250 0.040625 0.468750 0.040625 0.472917 0.043750 0.479167 0.046875 0.485417 0.057813 0.504167 0.071875 0.527083 0.095312 0.562500 0.101562 0.572917 0.112500 0.593750 0.120313 0.604167 0.137500 0.637500 0.143750 0.645833 0.146875 0.647917 0.153125 0.647917 0.160938 0.641667 0.176563 0.627083 0.206250 0.595833 0.210938 0.591667 0.223438 0.583333 0.228125 0.577083 0.235937 0.570833 0.265625 0.547917 0.271875 0.545833 0.275000 0.543750 0.284375 0.535417 0.300000 0.527083 0.314063 0.516667 0.325000 0.508333 0.328125 0.504167 0.331250 0.497917 0.331250 0.493750 0.326562 0.481250 0.321875 0.470833 0.315625 0.458333 0.317188 0.454167 0.323437 0.445833 0.323437 0.437500 0.320312 0.431250 0.314063 0.420833 0.304688 0.406250 0.279687 0.372917 0.270313 0.358333 0.264062 0.347917 0.254688 0.327083 0.250000 0.320833 0.242188 0.316667 0.234375 0.304167 0.232813 0.302083 0.228125 0.300000 0.220312 0.293750 0.215625 0.289583 0.209375 0.281250 0.204687 0.281250
0 0.257812 0.752083 0.254688 0.754167 0.248438 0.760417 0.242188 0.768750 0.240625 0.772917 0.243750 0.777083 0.246875 0.779167 0.253125 0.779167 0.256250 0.777083 0.259375 0.775000 0.267188 0.764583 0.267188 0.758333 0.265625 0.754167 0.257812 0.752083
0 0.292187 0.606250 0.289062 0.610417 0.285938 0.616667 0.284375 0.620833 0.276562 0.643750 0.273438 0.654167 0.271875 0.664583 0.270313 0.668750 0.284375 0.687500 0.289062 0.702083 0.295312 0.710417 0.296875 0.714583 0.298438 0.720833 0.298438 0.741667 0.301563 0.743750 0.317188 0.745833 0.337500 0.745833 0.340625 0.747917 0.346875 0.756250 0.350000 0.762500 0.351562 0.768750 0.351562 0.775000 0.350000 0.791667 0.345313 0.797917 0.335938 0.797917 0.332813 0.800000 0.331250 0.804167 0.331250 0.827083 0.332813 0.831250 0.334375 0.835417 0.335938 0.837500 0.342187 0.843750 0.346875 0.847917 0.365625 0.860417 0.370312 0.862500 0.375000 0.862500 0.384375 0.868750 0.393750 0.868750 0.396875 0.866667 0.400000 0.862500 0.403125 0.854167 0.414062 0.825000 0.421875 0.802083 0.423438 0.791667 0.429688 0.777083 0.431250 0.766667 0.435937 0.754167 0.454688 0.708333 0.454688 0.704167 0.456250 0.700000 0.454688 0.695833 0.445312 0.683333 0.440625 0.679167 0.437500 0.677083 0.404687 0.656250 0.396875 0.654167 0.375000 0.639583 0.367188 0.635417 0.354687 0.631250 0.339062 0.620833 0.329688 0.616667 0.306250 0.606250 0.296875 0.604167 0.292187 0.606250
0 0.228125 0.650000 0.220312 0.656250 0.212500 0.658333 0.207813 0.662500 0.200000 0.672917 0.200000 0.683333 0.201563 0.687500 0.209375 0.695833 0.217188 0.702083 0.218750 0.704167 0.220312 0.708333 0.220312 0.716667 0.218750 0.725000 0.215625 0.733333 0.215625 0.775000 0.217188 0.779167 0.218750 0.781250 0.221875 0.783333 0.225000 0.783333 0.228125 0.785417 0.231250 0.783333 0.234375 0.779167 0.240625 0.766667 0.246875 0.758333 0.253125 0.752083 0.257812 0.747917 0.264062 0.747917 0.267188 0.752083 0.268750 0.758333 0.273438 0.758333 0.276562 0.758333 0.285938 0.750000 0.290625 0.747917 0.295312 0.745833 0.296875 0.741667 0.296875 0.722917 0.295312 0.716667 0.293750 0.712500 0.285938 0.700000 0.284375 0.691667 0.281250 0.685417 0.273438 0.675000 0.265625 0.666667 0.260937 0.662500 0.257812 0.660417 0.254688 0.658333 0.242188 0.652083 0.235937 0.650000 0.228125 0.650000
0 0.296875 0.745833 0.290625 0.747917 0.278125 0.756250 0.273438 0.760417 0.265625 0.772917 0.262500 0.777083 0.259375 0.779167 0.256250 0.779167 0.251563 0.785417 0.246875 0.797917 0.246875 0.804167 0.243750 0.810417 0.243750 0.827083 0.246875 0.837500 0.251563 0.839583 0.259375 0.837500 0.262500 0.835417 0.268750 0.827083 0.271875 0.827083 0.275000 0.825000 0.278125 0.827083 0.281250 0.829167 0.287500 0.835417 0.295312 0.843750 0.317188 0.872917 0.320312 0.875000 0.325000 0.877083 0.328125 0.875000 0.331250 0.872917 0.334375 0.868750 0.335938 0.864583 0.335938 0.854167 0.329688 0.833333 0.328125 0.820833 0.328125 0.806250 0.329688 0.800000 0.332813 0.795833 0.345313 0.795833 0.348438 0.791667 0.350000 0.772917 0.350000 0.768750 0.348438 0.762500 0.345313 0.756250 0.339062 0.750000 0.335938 0.747917 0.307812 0.745833 0.296875 0.745833
0 0.271875 0.827083 0.268750 0.829167 0.262500 0.837500 0.248438 0.839583 0.245312 0.841667 0.242188 0.845833 0.242188 0.854167 0.245312 0.866667 0.248438 0.870833 0.254688 0.870833 0.260937 0.879167 0.262500 0.883333 0.264062 0.887500 0.264062 0.891667 0.267188 0.900000 0.268750 0.904167 0.270313 0.906250 0.279687 0.916667 0.282813 0.918750 0.285938 0.920833 0.293750 0.925000 0.306250 0.925000 0.312500 0.920833 0.315625 0.918750 0.317188 0.916667 0.321875 0.908333 0.328125 0.891667 0.328125 0.885417 0.326562 0.881250 0.323437 0.877083 0.317188 0.875000 0.295312 0.845833 0.285938 0.835417 0.281250 0.831250 0.275000 0.827083 0.271875 0.827083
0 0.207813 0.064583 0.200000 0.077083 0.198437 0.081250 0.196875 0.085417 0.195312 0.093750 0.190625 0.127083 0.190625 0.175000 0.192188 0.181250 0.196875 0.197917 0.200000 0.202083 0.200000 0.237500 0.201563 0.250000 0.203125 0.256250 0.204687 0.262500 0.209375 0.275000 0.212500 0.281250 0.218750 0.287500 0.223438 0.291667 0.226562 0.293750 0.234375 0.297917 0.242188 0.300000 0.270313 0.300000 0.278125 0.297917 0.282813 0.295833 0.287500 0.293750 0.296875 0.287500 0.304688 0.279167 0.306250 0.279167 0.307812 0.277083 0.314063 0.266667 0.315625 0.262500 0.315625 0.256250 0.312500 0.247917 0.307812 0.239583 0.306250 0.235417 0.303125 0.225000 0.301563 0.216667 0.300000 0.208333 0.298438 0.172917 0.300000 0.125000 0.296875 0.120833 0.285938 0.112500 0.279687 0.108333 0.270313 0.102083 0.265625 0.100000 0.260937 0.097917 0.250000 0.093750 0.237500 0.093750 0.223438 0.100000 0.217188 0.104167 0.204687 0.114583 0.200000 0.112500 0.200000 0.104167 0.201563 0.095833 0.203125 0.089583 0.204687 0.083333 0.207813 0.079167 0.209375 0.068750 0.207813 0.064583
8 0.687500 0.070833 0.681250 0.072917 0.675000 0.075000 0.665625 0.081250 0.660937 0.085417 0.656250 0.089583 0.650000 0.095833 0.640625 0.108333 0.637500 0.114583 0.634375 0.122917 0.632812 0.131250 0.629687 0.135417 0.625000 0.150000 0.618750 0.168750 0.617188 0.179167 0.612500 0.187500 0.609375 0.195833 0.606250 0.214583 0.606250 0.229167 0.607812 0.237500 0.609375 0.243750 0.610938 0.250000 0.612500 0.254167 0.615625 0.260417 0.618750 0.266667 0.623437 0.272917 0.629687 0.279167 0.632812 0.281250 0.635938 0.283333 0.640625 0.285417 0.645312 0.287500 0.675000 0.287500 0.679688 0.281250 0.682813 0.279167 0.685937 0.279167 0.690625 0.275000 0.698438 0.264583 0.710938 0.254167 0.728125 0.231250 0.732812 0.220833 0.740625 0.210417 0.745313 0.202083 0.748437 0.193750 0.753125 0.181250 0.754687 0.175000 0.756250 0.168750 0.757812 0.147917 0.757812 0.141667 0.754687 0.129167 0.751563 0.118750 0.750000 0.114583 0.746875 0.110417 0.746875 0.106250 0.729688 0.083333 0.717187 0.075000 0.712500 0.072917 0.704688 0.070833 0.687500 0.070833
20 0.729688 0.704167 0.726562 0.706250 0.720313 0.712500 0.714063 0.720833 0.707812 0.727083 0.703125 0.731250 0.698438 0.735417 0.689063 0.741667 0.673438 0.752083 0.654687 0.760417 0.646875 0.762500 0.637500 0.764583 0.595313 0.764583 0.585938 0.762500 0.578125 0.760417 0.567187 0.756250 0.562500 0.754167 0.551562 0.747917 0.545312 0.743750 0.535937 0.737500 0.528125 0.731250 0.518750 0.720833 0.514062 0.716667 0.501563 0.716667 0.495312 0.720833 0.493750 0.745833 0.492188 0.775000 0.492188 0.787500 0.493750 0.839583 0.495312 0.881250 0.496875 0.887500 0.498437 0.891667 0.501563 0.893750 0.504687 0.895833 0.526563 0.895833 0.573438 0.893750 0.618750 0.891667 0.706250 0.885417 0.753125 0.885417 0.775000 0.883333 0.778125 0.881250 0.782813 0.875000 0.782813 0.822917 0.781250 0.783333 0.779687 0.745833 0.778125 0.718750 0.776563 0.712500 0.775000 0.708333 0.773438 0.706250 0.770312 0.704167 0.729688 0.704167
7 0.345313 0.087500 0.339062 0.089583 0.334375 0.091667 0.321875 0.100000 0.317188 0.104167 0.307812 0.116667 0.306250 0.120833 0.301563 0.135417 0.301563 0.202083 0.303125 0.216667 0.304688 0.225000 0.307812 0.233333 0.314063 0.250000 0.329688 0.270833 0.337500 0.279167 0.343750 0.285417 0.348438 0.289583 0.354687 0.291667 0.357812 0.293750 0.373437 0.312500 0.381250 0.318750 0.384375 0.320833 0.390625 0.320833 0.396875 0.325000 0.421875 0.325000 0.428125 0.322917 0.437500 0.316667 0.450000 0.300000 0.453125 0.293750 0.454688 0.289583 0.456250 0.285417 0.457813 0.277083 0.459375 0.266667 0.459375 0.239583 0.457813 0.229167 0.454688 0.218750 0.450000 0.208333 0.448437 0.197917 0.448437 0.177083 0.446875 0.170833 0.442188 0.154167 0.440625 0.150000 0.439063 0.145833 0.435937 0.139583 0.432812 0.133333 0.428125 0.127083 0.421875 0.120833 0.407813 0.108333 0.398438 0.102083 0.393750 0.100000 0.389062 0.097917 0.382812 0.095833 0.376563 0.095833 0.364063 0.089583 0.356250 0.087500 0.345313 0.087500
16 0.131250 0.687500 0.118750 0.689583 0.109375 0.691667 0.101562 0.695833 0.092188 0.695833 0.085938 0.697917 0.081250 0.700000 0.078125 0.702083 0.075000 0.710417 0.076563 0.720833 0.075000 0.783333 0.076563 0.802083 0.079687 0.818750 0.079687 0.835417 0.081250 0.852083 0.082812 0.864583 0.085938 0.877083 0.085938 0.889583 0.087500 0.900000 0.089063 0.908333 0.090625 0.916667 0.093750 0.931250 0.100000 0.954167 0.103125 0.958333 0.106250 0.960417 0.118750 0.962500 0.128125 0.958333 0.148438 0.958333 0.164062 0.956250 0.173437 0.954167 0.187500 0.945833 0.196875 0.943750 0.201563 0.941667 0.207813 0.937500 0.209375 0.933333 0.210938 0.918750 0.212500 0.881250 0.212500 0.856250 0.210938 0.847917 0.209375 0.841667 0.206250 0.835417 0.201563 0.814583 0.200000 0.800000 0.198437 0.793750 0.196875 0.787500 0.193750 0.781250 0.192188 0.775000 0.189062 0.754167 0.179688 0.720833 0.176563 0.695833 0.175000 0.691667 0.151562 0.687500 0.131250 0.687500
3 0.807813 0.383333 0.807813 0.389583 0.801562 0.391667 0.800000 0.383333 0.796875 0.383333 0.795312 0.387500 0.793750 0.395833 0.789062 0.383333 0.785937 0.383333 0.784375 0.387500 0.779687 0.387500 0.778125 0.383333 0.775000 0.385417 0.775000 0.391667 0.773438 0.393750 0.771875 0.427083 0.770312 0.483333 0.770312 0.495833 0.771875 0.504167 0.773438 0.512500 0.775000 0.516667 0.778125 0.522917 0.790625 0.539583 0.792188 0.545833 0.793750 0.554167 0.792188 0.589583 0.792188 0.602083 0.793750 0.743750 0.795312 0.766667 0.796875 0.791667 0.798438 0.810417 0.801562 0.829167 0.801562 0.850000 0.803125 0.866667 0.804688 0.872917 0.806250 0.877083 0.823438 0.875000 0.823438 0.825000 0.821875 0.781250 0.820312 0.743750 0.818750 0.718750 0.817187 0.695833 0.814063 0.654167 0.812500 0.633333 0.809375 0.616667 0.807813 0.597917 0.806250 0.579167 0.804688 0.558333 0.804688 0.543750 0.806250 0.535417 0.807813 0.529167 0.812500 0.518750 0.814063 0.510417 0.814063 0.489583 0.810937 0.458333 0.812500 0.410417 0.812500 0.381250 0.807813 0.383333
22 0.523438 0.245833 0.520312 0.250000 0.512500 0.262500 0.510938 0.266667 0.510938 0.272917 0.515625 0.279167 0.518750 0.279167 0.520312 0.281250 0.523438 0.283333 0.520312 0.289583 0.520312 0.293750 0.523438 0.293750 0.528125 0.300000 0.540625 0.308333 0.568750 0.320833 0.576562 0.327083 0.584375 0.329167 0.595313 0.337500 0.618750 0.350000 0.629687 0.347917 0.631250 0.343750 0.637500 0.327083 0.635938 0.318750 0.632812 0.316667 0.618750 0.308333 0.615625 0.304167 0.582812 0.281250 0.579688 0.281250 0.559375 0.264583 0.556250 0.262500 0.553125 0.260417 0.534375 0.252083 0.526563 0.245833 0.523438 0.245833
