0 0.454688 0.691667 0.451562 0.695833 0.450000 0.710417 0.443750 0.716667 0.440625 0.718750 0.432812 0.720833 0.429688 0.725000 0.429688 0.733333 0.432812 0.737500 0.435937 0.739583 0.442188 0.739583 0.446875 0.745833 0.454688 0.750000 0.460938 0.758333 0.468750 0.758333 0.468750 0.754167 0.465625 0.752083 0.467187 0.750000 0.462500 0.743750 0.460938 0.718750 0.460938 0.708333 0.467187 0.700000 0.468750 0.695833 0.468750 0.691667 0.454688 0.691667
0 0.417187 0.691667 0.415625 0.695833 0.415625 0.704167 0.417187 0.706250 0.417187 0.710417 0.421875 0.710417 0.421875 0.695833 0.420312 0.691667 0.417187 0.691667
0 0.521875 0.439583 0.526563 0.445833 0.528125 0.460417 0.531250 0.462500 0.537500 0.462500 0.540625 0.458333 0.543750 0.456250 0.546875 0.456250 0.550000 0.458333 0.556250 0.466667 0.560937 0.466667 0.564063 0.468750 0.567187 0.470833 0.571875 0.477083 0.576562 0.477083 0.579688 0.479167 0.582812 0.483333 0.584375 0.495833 0.585938 0.500000 0.593750 0.510417 0.598437 0.512500 0.601562 0.516667 0.604688 0.525000 0.606250 0.535417 0.606250 0.545833 0.607812 0.552083 0.610938 0.556250 0.612500 0.566667 0.617188 0.577083 0.617188 0.585417 0.621875 0.595833 0.621875 0.602083 0.626563 0.612500 0.626563 0.625000 0.620313 0.635417 0.620313 0.639583 0.618750 0.643750 0.615625 0.650000 0.612500 0.650000 0.609375 0.654167 0.609375 0.658333 0.615625 0.660417 0.615625 0.675000 0.607812 0.683333 0.606250 0.685417 0.604688 0.691667 0.603125 0.693750 0.600000 0.695833 0.595313 0.695833 0.592187 0.697917 0.585938 0.704167 0.581250 0.710417 0.579688 0.722917 0.578125 0.722917 0.575000 0.727083 0.571875 0.727083 0.570312 0.733333 0.568750 0.737500 0.565625 0.739583 0.560937 0.739583 0.557813 0.741667 0.553125 0.747917 0.550000 0.747917 0.546875 0.750000 0.545312 0.756250 0.543750 0.760417 0.540625 0.762500 0.531250 0.760417 0.529687 0.756250 0.529687 0.747917 0.526563 0.745833 0.525000 0.741667 0.532813 0.729167 0.535937 0.729167 0.537500 0.722917 0.540625 0.725000 0.543750 0.722917 0.548438 0.718750 0.553125 0.716667 0.559375 0.720833 0.565625 0.718750 0.565625 0.708333 0.562500 0.712500 0.560937 0.714583 0.556250 0.714583 0.557813 0.706250 0.554688 0.700000 0.556250 0.691667 0.557813 0.693750 0.562500 0.691667 0.565625 0.695833 0.565625 0.704167 0.567187 0.708333 0.571875 0.702083 0.578125 0.702083 0.575000 0.695833 0.575000 0.691667 0.578125 0.687500 0.584375 0.683333 0.579688 0.677083 0.581250 0.672917 0.582812 0.668750 0.589063 0.662500 0.595313 0.668750 0.593750 0.672917 0.598437 0.675000 0.601562 0.670833 0.598437 0.664583 0.595313 0.668750 0.589063 0.662500 0.590625 0.660417 0.593750 0.656250 0.592187 0.652083 0.585938 0.643750 0.579688 0.641667 0.571875 0.641667 0.570312 0.639583 0.567187 0.639583 0.564063 0.631250 0.562500 0.622917 0.560937 0.612500 0.560937 0.587500 0.559375 0.570833 0.557813 0.566667 0.556250 0.564583 0.553125 0.562500 0.546875 0.560417 0.540625 0.560417 0.535937 0.566667 0.534375 0.570833 0.532813 0.575000 0.529687 0.585417 0.528125 0.597917 0.523438 0.610417 0.515625 0.622917 0.509375 0.625000 0.504687 0.618750 0.501563 0.618750 0.496875 0.606250 0.493750 0.600000 0.487500 0.591667 0.478125 0.585417 0.473438 0.585417 0.462500 0.589583 0.456250 0.597917 0.453125 0.600000 0.446875 0.600000 0.439063 0.604167 0.434375 0.610417 0.432812 0.614583 0.432812 0.620833 0.429688 0.625000 0.423438 0.629167 0.420312 0.633333 0.418750 0.641667 0.420312 0.672917 0.418750 0.687500 0.415625 0.685417 0.414062 0.679167 0.410938 0.670833 0.406250 0.664583 0.404687 0.658333 0.406250 0.645833 0.403125 0.637500 0.404687 0.631250 0.403125 0.627083 0.400000 0.622917 0.401562 0.606250 0.401562 0.602083 0.400000 0.587500 0.401562 0.568750 0.403125 0.552083 0.404687 0.547917 0.406250 0.543750 0.412500 0.535417 0.414062 0.531250 0.415625 0.520833 0.417187 0.516667 0.421875 0.510417 0.426563 0.508333 0.432812 0.497917 0.437500 0.491667 0.442188 0.489583 0.450000 0.479167 0.454688 0.475000 0.460938 0.475000 0.465625 0.468750 0.465625 0.464583 0.468750 0.460417 0.484375 0.460417 0.489063 0.456250 0.498437 0.456250 0.501563 0.452083 0.507812 0.452083 0.510938 0.447917 0.512500 0.441667 0.515625 0.439583 0.521875 0.439583
7 0.326562 0.039583 0.317188 0.043750 0.312500 0.045833 0.307812 0.050000 0.303125 0.054167 0.295312 0.066667 0.290625 0.079167 0.289062 0.085417 0.287500 0.093750 0.285938 0.137500 0.285938 0.147917 0.287500 0.164583 0.289062 0.170833 0.290625 0.175000 0.292187 0.179167 0.295312 0.185417 0.301563 0.195833 0.310937 0.208333 0.326562 0.225000 0.328125 0.225000 0.332813 0.231250 0.337500 0.241667 0.348438 0.258333 0.351562 0.262500 0.359375 0.266667 0.365625 0.275000 0.368750 0.277083 0.375000 0.279167 0.400000 0.277083 0.401562 0.272917 0.401562 0.260417 0.403125 0.252083 0.406250 0.241667 0.409375 0.233333 0.414062 0.220833 0.421875 0.208333 0.432812 0.193750 0.439063 0.183333 0.439063 0.177083 0.437500 0.172917 0.435937 0.168750 0.426563 0.150000 0.423438 0.143750 0.421875 0.135417 0.420312 0.120833 0.418750 0.114583 0.417187 0.108333 0.414062 0.097917 0.410938 0.091667 0.404687 0.079167 0.395313 0.066667 0.389062 0.060417 0.381250 0.054167 0.373437 0.050000 0.367188 0.047917 0.360938 0.047917 0.345313 0.039583 0.326562 0.039583
0 0.542188 0.562500 0.539062 0.564583 0.537500 0.566667 0.535937 0.570833 0.534375 0.581250 0.531250 0.591667 0.528125 0.595833 0.526563 0.604167 0.523438 0.612500 0.518750 0.620833 0.514062 0.627083 0.510938 0.625000 0.507812 0.620833 0.503125 0.618750 0.496875 0.620833 0.493750 0.625000 0.492188 0.631250 0.485938 0.641667 0.485938 0.647917 0.492188 0.660417 0.503125 0.660417 0.507812 0.662500 0.515625 0.672917 0.515625 0.685417 0.517188 0.689583 0.518750 0.691667 0.521875 0.693750 0.525000 0.695833 0.545312 0.695833 0.551562 0.693750 0.557813 0.691667 0.562500 0.689583 0.567187 0.687500 0.570312 0.685417 0.573438 0.683333 0.579688 0.675000 0.585938 0.664583 0.587500 0.660417 0.587500 0.652083 0.585938 0.647917 0.579688 0.643750 0.565625 0.641667 0.564063 0.637500 0.560937 0.627083 0.559375 0.618750 0.559375 0.593750 0.557813 0.570833 0.554688 0.566667 0.551562 0.564583 0.546875 0.562500 0.542188 0.562500
0 0.232813 0.766667 0.229687 0.768750 0.229687 0.789583 0.231250 0.804167 0.232813 0.818750 0.234375 0.827083 0.240625 0.835417 0.243750 0.835417 0.246875 0.837500 0.246875 0.822917 0.250000 0.814583 0.245312 0.802083 0.245312 0.785417 0.245312 0.781250 0.250000 0.775000 0.251563 0.770833 0.251563 0.766667 0.232813 0.766667
0 0.468750 0.589583 0.464062 0.591667 0.460938 0.593750 0.454688 0.602083 0.445312 0.604167 0.442188 0.606250 0.437500 0.610417 0.434375 0.618750 0.431250 0.625000 0.428125 0.629167 0.426563 0.629167 0.421875 0.635417 0.420312 0.639583 0.420312 0.670833 0.421875 0.693750 0.423438 0.704167 0.425000 0.708333 0.426563 0.710417 0.429688 0.712500 0.432812 0.714583 0.442188 0.714583 0.446875 0.708333 0.451562 0.693750 0.454688 0.689583 0.470313 0.689583 0.473438 0.685417 0.475000 0.677083 0.487500 0.662500 0.490625 0.656250 0.485938 0.650000 0.484375 0.645833 0.484375 0.639583 0.495312 0.622917 0.498437 0.616667 0.498437 0.612500 0.496875 0.608333 0.495312 0.604167 0.490625 0.597917 0.485938 0.593750 0.482812 0.591667 0.479687 0.589583 0.468750 0.589583
3 0.720313 0.533333 0.718750 0.539583 0.718750 0.554167 0.715625 0.558333 0.714063 0.550000 0.712500 0.541667 0.710938 0.537500 0.707812 0.539583 0.707812 0.543750 0.704688 0.547917 0.703125 0.543750 0.700000 0.539583 0.698438 0.543750 0.696875 0.560417 0.695312 0.552083 0.693750 0.550000 0.693750 0.543750 0.690625 0.545833 0.689063 0.552083 0.687500 0.564583 0.685937 0.579167 0.685937 0.591667 0.687500 0.606250 0.689063 0.616667 0.690625 0.622917 0.692187 0.627083 0.693750 0.631250 0.698438 0.641667 0.710938 0.664583 0.714063 0.672917 0.718750 0.685417 0.721875 0.695833 0.723437 0.702083 0.725000 0.708333 0.728125 0.722917 0.731250 0.737500 0.735938 0.760417 0.745313 0.808333 0.753125 0.850000 0.764062 0.916667 0.765625 0.922917 0.767188 0.929167 0.773438 0.939583 0.773438 0.941667 0.775000 0.943750 0.776563 0.943750 0.779687 0.947917 0.785937 0.945833 0.785937 0.925000 0.784375 0.916667 0.781250 0.902083 0.773438 0.866667 0.767188 0.845833 0.764062 0.831250 0.760938 0.816667 0.753125 0.779167 0.750000 0.756250 0.745313 0.741667 0.740625 0.718750 0.739062 0.710417 0.737500 0.702083 0.735938 0.691667 0.734375 0.679167 0.734375 0.608333 0.732812 0.593750 0.731250 0.583333 0.729688 0.572917 0.726562 0.554167 0.723437 0.545833 0.723437 0.539583 0.721875 0.537500 0.720313 0.533333
0 0.284375 0.754167 0.278125 0.756250 0.273438 0.758333 0.268750 0.762500 0.264062 0.764583 0.259375 0.766667 0.253125 0.768750 0.251563 0.775000 0.245312 0.783333 0.245312 0.791667 0.246875 0.802083 0.248438 0.808333 0.251563 0.812500 0.260937 0.800000 0.267188 0.795833 0.276562 0.789583 0.281250 0.787500 0.295312 0.783333 0.309375 0.777083 0.314063 0.775000 0.317188 0.772917 0.317188 0.768750 0.312500 0.762500 0.307812 0.760417 0.296875 0.754167 0.284375 0.754167
0 0.321875 0.329167 0.314063 0.331250 0.306250 0.333333 0.298438 0.337500 0.289062 0.343750 0.284375 0.345833 0.265625 0.345833 0.259375 0.350000 0.246875 0.347917 0.237500 0.350000 0.189062 0.362500 0.175000 0.362500 0.164062 0.364583 0.151562 0.366667 0.143750 0.370833 0.142187 0.375000 0.142187 0.379167 0.140625 0.383333 0.145313 0.389583 0.148438 0.391667 0.151562 0.393750 0.159375 0.397917 0.164062 0.397917 0.168750 0.402083 0.179688 0.404167 0.193750 0.410417 0.218750 0.422917 0.240625 0.429167 0.245312 0.431250 0.260937 0.441667 0.265625 0.443750 0.271875 0.443750 0.290625 0.452083 0.307812 0.462500 0.310937 0.464583 0.314063 0.468750 0.317188 0.470833 0.321875 0.472917 0.328125 0.470833 0.329688 0.458333 0.332813 0.433333 0.332813 0.347917 0.331250 0.335417 0.328125 0.331250 0.325000 0.329167 0.321875 0.329167
0 0.490625 0.662500 0.487500 0.664583 0.482812 0.668750 0.479687 0.672917 0.476562 0.679167 0.476562 0.683333 0.468750 0.693750 0.464062 0.704167 0.462500 0.708333 0.462500 0.714583 0.464062 0.743750 0.467187 0.754167 0.485938 0.781250 0.490625 0.785417 0.493750 0.787500 0.509375 0.787500 0.512500 0.785417 0.515625 0.781250 0.517188 0.777083 0.517188 0.766667 0.515625 0.764583 0.515625 0.756250 0.517188 0.750000 0.518750 0.743750 0.526563 0.733333 0.531250 0.729167 0.539062 0.722917 0.542188 0.720833 0.545312 0.718750 0.554688 0.714583 0.556250 0.710417 0.556250 0.700000 0.554688 0.695833 0.545312 0.695833 0.526563 0.697917 0.521875 0.695833 0.518750 0.693750 0.515625 0.689583 0.514062 0.683333 0.514062 0.672917 0.509375 0.666667 0.506250 0.664583 0.503125 0.662500 0.490625 0.662500
0 0.278125 0.639583 0.265625 0.641667 0.248438 0.647917 0.243750 0.650000 0.239063 0.652083 0.235937 0.654167 0.232813 0.658333 0.231250 0.668750 0.232813 0.685417 0.240625 0.687500 0.246875 0.691667 0.251563 0.693750 0.259375 0.702083 0.271875 0.716667 0.285938 0.714583 0.293750 0.712500 0.298438 0.710417 0.307812 0.704167 0.312500 0.700000 0.315625 0.695833 0.318750 0.689583 0.321875 0.683333 0.323437 0.679167 0.323437 0.670833 0.314063 0.658333 0.306250 0.652083 0.295312 0.643750 0.290625 0.641667 0.281250 0.639583 0.278125 0.639583
0 0.325000 0.677083 0.321875 0.683333 0.315625 0.695833 0.315625 0.697917 0.314063 0.700000 0.307812 0.706250 0.298438 0.712500 0.292187 0.714583 0.284375 0.716667 0.271875 0.716667 0.271875 0.722917 0.275000 0.729167 0.275000 0.735417 0.321875 0.735417 0.326562 0.733333 0.329688 0.729167 0.331250 0.725000 0.332813 0.720833 0.334375 0.714583 0.334375 0.700000 0.332813 0.687500 0.331250 0.683333 0.329688 0.679167 0.325000 0.677083
0 0.226562 0.687500 0.221875 0.689583 0.217188 0.691667 0.212500 0.695833 0.203125 0.704167 0.190625 0.720833 0.189062 0.725000 0.189062 0.731250 0.192188 0.739583 0.198437 0.756250 0.201563 0.762500 0.204687 0.766667 0.207813 0.768750 0.210938 0.768750 0.234375 0.764583 0.256250 0.764583 0.264062 0.762500 0.267188 0.760417 0.271875 0.754167 0.273438 0.743750 0.273438 0.731250 0.270313 0.722917 0.268750 0.716667 0.257812 0.702083 0.251563 0.695833 0.248438 0.693750 0.240625 0.689583 0.235937 0.687500 0.226562 0.687500
0 0.746875 0.100000 0.742188 0.102083 0.737500 0.104167 0.729688 0.108333 0.721875 0.114583 0.717187 0.118750 0.706250 0.133333 0.701562 0.143750 0.698438 0.154167 0.692187 0.179167 0.690625 0.191667 0.689063 0.202083 0.689063 0.233333 0.690625 0.239583 0.692187 0.243750 0.693750 0.247917 0.696875 0.254167 0.709375 0.270833 0.717187 0.279167 0.729688 0.287500 0.737500 0.291667 0.748437 0.295833 0.756250 0.297917 0.765625 0.297917 0.773438 0.295833 0.778125 0.293750 0.782813 0.291667 0.793750 0.285417 0.796875 0.283333 0.801562 0.279167 0.807813 0.272917 0.815625 0.262500 0.820312 0.254167 0.821875 0.250000 0.823438 0.245833 0.826562 0.235417 0.828125 0.229167 0.829688 0.216667 0.834375 0.206250 0.835938 0.197917 0.835938 0.168750 0.834375 0.162500 0.832812 0.156250 0.828125 0.143750 0.825000 0.137500 0.810937 0.118750 0.806250 0.114583 0.801562 0.110417 0.792188 0.104167 0.785937 0.102083 0.779687 0.100000 0.764062 0.097917 0.746875 0.100000
4 0.854688 0.545833 0.850000 0.547917 0.843750 0.554167 0.839063 0.562500 0.834375 0.575000 0.831250 0.585417 0.829688 0.591667 0.828125 0.600000 0.826562 0.608333 0.826562 0.631250 0.828125 0.639583 0.832812 0.652083 0.842187 0.666667 0.845313 0.672917 0.846875 0.677083 0.848437 0.681250 0.850000 0.687500 0.851562 0.704167 0.853125 0.733333 0.853125 0.760417 0.857812 0.827083 0.859375 0.845833 0.860938 0.864583 0.865625 0.897917 0.865625 0.916667 0.867188 0.931250 0.868750 0.937500 0.871875 0.941667 0.876563 0.939583 0.876563 0.875000 0.875000 0.841667 0.871875 0.810417 0.870313 0.745833 0.867188 0.714583 0.867188 0.672917 0.871875 0.658333 0.879687 0.641667 0.881250 0.635417 0.882812 0.629167 0.884375 0.614583 0.884375 0.606250 0.882812 0.585417 0.881250 0.577083 0.879687 0.572917 0.878125 0.568750 0.871875 0.558333 0.865625 0.550000 0.862500 0.547917 0.859375 0.545833 0.854688 0.545833
0 0.315625 0.775000 0.306250 0.779167 0.290625 0.785417 0.285938 0.789583 0.281250 0.789583 0.276562 0.791667 0.270313 0.795833 0.260937 0.802083 0.253125 0.812500 0.250000 0.818750 0.248438 0.822917 0.250000 0.837500 0.256250 0.843750 0.259375 0.845833 0.265625 0.847917 0.279687 0.847917 0.281250 0.850000 0.293750 0.850000 0.301563 0.847917 0.307812 0.845833 0.312500 0.843750 0.317188 0.841667 0.329688 0.835417 0.332813 0.833333 0.340625 0.822917 0.343750 0.816667 0.345313 0.812500 0.345313 0.802083 0.343750 0.797917 0.326562 0.775000 0.315625 0.775000
0 0.325000 0.735417 0.304688 0.745833 0.301563 0.747917 0.298438 0.752083 0.301563 0.756250 0.306250 0.758333 0.312500 0.760417 0.318750 0.770833 0.321875 0.770833 0.323437 0.772917 0.329688 0.772917 0.329688 0.735417 0.325000 0.735417
0 0.598437 0.216667 0.593750 0.218750 0.587500 0.222917 0.578125 0.229167 0.573438 0.233333 0.559375 0.252083 0.554688 0.260417 0.550000 0.272917 0.548438 0.279167 0.546875 0.285417 0.545312 0.293750 0.545312 0.322917 0.546875 0.333333 0.548438 0.339583 0.550000 0.345833 0.556250 0.362500 0.565625 0.377083 0.576562 0.389583 0.581250 0.393750 0.593750 0.402083 0.600000 0.404167 0.609375 0.406250 0.625000 0.406250 0.634375 0.404167 0.639062 0.402083 0.646875 0.397917 0.650000 0.395833 0.654687 0.391667 0.660937 0.385417 0.671875 0.370833 0.676562 0.360417 0.681250 0.345833 0.682813 0.339583 0.684375 0.331250 0.685937 0.320833 0.685937 0.300000 0.684375 0.289583 0.679688 0.270833 0.678125 0.266667 0.675000 0.260417 0.671875 0.254167 0.657813 0.235417 0.653125 0.231250 0.640625 0.222917 0.626563 0.216667 0.612500 0.214583 0.598437 0.216667
0 0.275000 0.739583 0.273438 0.745833 0.271875 0.752083 0.271875 0.758333 0.275000 0.758333 0.281250 0.752083 0.296875 0.752083 0.303125 0.745833 0.306250 0.745833 0.309375 0.743750 0.312500 0.741667 0.314063 0.737500 0.306250 0.735417 0.300000 0.735417 0.287500 0.735417 0.275000 0.739583
17 0.451562 0.772917 0.454688 0.775000 0.453125 0.783333 0.446875 0.789583 0.451562 0.793750 0.457813 0.791667 0.453125 0.783333 0.454688 0.775000 0.457813 0.777083 0.460938 0.781250 0.464062 0.789583 0.464062 0.793750 0.462500 0.808333 0.465625 0.814583 0.468750 0.816667 0.471875 0.816667 0.475000 0.818750 0.475000 0.822917 0.468750 0.837500 0.468750 0.856250 0.467187 0.862500 0.465625 0.866667 0.457813 0.877083 0.453125 0.879167 0.440625 0.877083 0.432812 0.879167 0.421875 0.893750 0.417187 0.895833 0.406250 0.895833 0.404687 0.891667 0.404687 0.881250 0.401562 0.877083 0.403125 0.868750 0.400000 0.864583 0.398438 0.854167 0.392188 0.845833 0.390625 0.839583 0.390625 0.827083 0.392188 0.822917 0.398438 0.814583 0.400000 0.814583 0.407813 0.804167 0.415625 0.795833 0.425000 0.785417 0.431250 0.781250 0.437500 0.772917 0.451562 0.772917
8 0.456250 0.185417 0.450000 0.187500 0.445312 0.189583 0.439063 0.191667 0.426563 0.206250 0.425000 0.208333 0.417187 0.220833 0.409375 0.235417 0.407813 0.239583 0.403125 0.258333 0.401562 0.272917 0.401562 0.287500 0.403125 0.295833 0.404687 0.304167 0.407813 0.312500 0.417187 0.337500 0.420312 0.343750 0.426563 0.352083 0.428125 0.352083 0.435937 0.362500 0.442188 0.368750 0.446875 0.372917 0.462500 0.381250 0.495312 0.381250 0.501563 0.377083 0.507812 0.377083 0.510938 0.375000 0.517188 0.368750 0.521875 0.362500 0.531250 0.343750 0.532813 0.339583 0.534375 0.333333 0.535937 0.320833 0.537500 0.310417 0.537500 0.266667 0.535937 0.256250 0.534375 0.250000 0.532813 0.243750 0.528125 0.231250 0.523438 0.220833 0.509375 0.202083 0.504687 0.197917 0.495312 0.191667 0.487500 0.187500 0.479687 0.185417 0.456250 0.185417
5 0.759375 0.520833 0.756250 0.522917 0.756250 0.533333 0.757812 0.545833 0.759375 0.558333 0.764062 0.589583 0.770312 0.625000 0.775000 0.652083 0.779687 0.677083 0.784375 0.691667 0.789062 0.722917 0.790625 0.731250 0.793750 0.737500 0.795312 0.743750 0.795312 0.752083 0.800000 0.766667 0.800000 0.775000 0.804688 0.797917 0.815625 0.843750 0.820312 0.875000 0.828125 0.912500 0.829688 0.918750 0.831250 0.922917 0.832812 0.927083 0.835938 0.931250 0.835938 0.933333 0.837500 0.935417 0.839063 0.935417 0.842187 0.939583 0.851562 0.937500 0.853125 0.927083 0.851562 0.916667 0.850000 0.908333 0.848437 0.900000 0.840625 0.872917 0.835938 0.845833 0.828125 0.818750 0.821875 0.791667 0.814063 0.756250 0.812500 0.741667 0.809375 0.735417 0.807813 0.729167 0.803125 0.704167 0.803125 0.679167 0.804688 0.668750 0.807813 0.658333 0.809375 0.647917 0.809375 0.635417 0.807813 0.627083 0.803125 0.608333 0.800000 0.597917 0.790625 0.572917 0.785937 0.562500 0.782813 0.556250 0.779687 0.550000 0.775000 0.541667 0.764062 0.525000 0.762500 0.522917 0.759375 0.520833
15 0.778125 0.297917 0.767188 0.302083 0.750000 0.302083 0.743750 0.304167 0.735938 0.308333 0.728125 0.314583 0.723437 0.318750 0.717187 0.325000 0.704688 0.341667 0.700000 0.350000 0.696875 0.356250 0.695312 0.360417 0.693750 0.364583 0.692187 0.370833 0.690625 0.377083 0.690625 0.425000 0.695312 0.443750 0.701562 0.460417 0.704688 0.466667 0.715625 0.483333 0.721875 0.489583 0.726562 0.493750 0.751563 0.506250 0.760938 0.508333 0.770312 0.508333 0.771875 0.506250 0.782813 0.506250 0.792188 0.504167 0.796875 0.502083 0.815625 0.489583 0.825000 0.479167 0.834375 0.466667 0.839063 0.458333 0.842187 0.452083 0.845313 0.443750 0.850000 0.431250 0.851562 0.422917 0.851562 0.391667 0.850000 0.381250 0.848437 0.372917 0.840625 0.350000 0.835938 0.341667 0.826562 0.329167 0.820312 0.325000 0.814063 0.316667 0.809375 0.312500 0.796875 0.304167 0.787500 0.300000 0.782813 0.300000 0.781250 0.297917 0.778125 0.297917
