19 0.271875 0.160417 0.262500 0.162500 0.257812 0.164583 0.245312 0.172917 0.240625 0.177083 0.234375 0.185417 0.229687 0.193750 0.226562 0.200000 0.221875 0.212500 0.221875 0.218750 0.218750 0.222917 0.217188 0.229167 0.217188 0.247917 0.218750 0.256250 0.221875 0.266667 0.228125 0.283333 0.235937 0.295833 0.239063 0.300000 0.240625 0.300000 0.245312 0.306250 0.251563 0.310417 0.254688 0.312500 0.264062 0.316667 0.275000 0.325000 0.282813 0.333333 0.285938 0.335417 0.289062 0.335417 0.292187 0.339583 0.295312 0.341667 0.301563 0.341667 0.307812 0.345833 0.329688 0.345833 0.334375 0.343750 0.339062 0.341667 0.342187 0.339583 0.346875 0.335417 0.359375 0.318750 0.364063 0.306250 0.365625 0.297917 0.365625 0.272917 0.364063 0.264583 0.362500 0.258333 0.360938 0.254167 0.356250 0.245833 0.350000 0.237500 0.346875 0.231250 0.345313 0.225000 0.342187 0.218750 0.339062 0.212500 0.332813 0.202083 0.314063 0.177083 0.307812 0.172917 0.295312 0.164583 0.290625 0.162500 0.281250 0.160417 0.271875 0.160417
22 0.607812 0.395833 0.606250 0.400000 0.606250 0.404167 0.600000 0.418750 0.585938 0.460417 0.584375 0.464583 0.579688 0.475000 0.571875 0.489583 0.570312 0.493750 0.568750 0.497917 0.565625 0.508333 0.567187 0.514583 0.568750 0.514583 0.571875 0.518750 0.587500 0.529167 0.595313 0.533333 0.598437 0.531250 0.600000 0.525000 0.606250 0.510417 0.626563 0.458333 0.628125 0.454167 0.628125 0.450000 0.631250 0.445833 0.634375 0.435417 0.634375 0.427083 0.635938 0.418750 0.634375 0.418750 0.631250 0.414583 0.631250 0.408333 0.632812 0.406250 0.632812 0.402083 0.631250 0.397917 0.615625 0.393750 0.607812 0.395833
0 0.654687 0.112500 0.637500 0.114583 0.629687 0.116667 0.615625 0.122917 0.606250 0.129167 0.601562 0.133333 0.590625 0.147917 0.587500 0.154167 0.582812 0.166667 0.576562 0.189583 0.575000 0.195833 0.573438 0.204167 0.571875 0.214583 0.564063 0.214583 0.559375 0.216667 0.556250 0.218750 0.553125 0.220833 0.548438 0.227083 0.548438 0.233333 0.557813 0.245833 0.562500 0.250000 0.571875 0.256250 0.582812 0.256250 0.600000 0.279167 0.604688 0.283333 0.609375 0.287500 0.612500 0.289583 0.620313 0.293750 0.631250 0.295833 0.646875 0.295833 0.657813 0.300000 0.670312 0.300000 0.678125 0.297917 0.682813 0.295833 0.687500 0.293750 0.690625 0.291667 0.693750 0.289583 0.698438 0.285417 0.704688 0.279167 0.712500 0.268750 0.717187 0.260417 0.723437 0.243750 0.725000 0.237500 0.726562 0.231250 0.728125 0.218750 0.728125 0.189583 0.726562 0.177083 0.723437 0.164583 0.721875 0.158333 0.718750 0.152083 0.715625 0.145833 0.703125 0.129167 0.698438 0.125000 0.689063 0.118750 0.684375 0.116667 0.679688 0.114583 0.667188 0.112500 0.654687 0.112500
13 0.389062 0.377083 0.376563 0.379167 0.371875 0.381250 0.364063 0.385417 0.360938 0.387500 0.345313 0.402083 0.337500 0.412500 0.334375 0.418750 0.329688 0.431250 0.328125 0.441667 0.328125 0.456250 0.329688 0.466667 0.331250 0.475000 0.334375 0.483333 0.339062 0.495833 0.342187 0.502083 0.345313 0.508333 0.353125 0.518750 0.357812 0.522917 0.362500 0.527083 0.365625 0.529167 0.368750 0.531250 0.375000 0.533333 0.409375 0.533333 0.417187 0.529167 0.425000 0.522917 0.434375 0.512500 0.437500 0.508333 0.442188 0.500000 0.446875 0.487500 0.448437 0.481250 0.450000 0.475000 0.450000 0.441667 0.448437 0.433333 0.445312 0.422917 0.443750 0.418750 0.439063 0.408333 0.429688 0.395833 0.423438 0.389583 0.410938 0.381250 0.406250 0.379167 0.395313 0.377083 0.389062 0.377083
23 0.589063 0.354167 0.585938 0.358333 0.582812 0.366667 0.578125 0.377083 0.564063 0.412500 0.564063 0.416667 0.548438 0.456250 0.537500 0.479167 0.535937 0.493750 0.537500 0.493750 0.540625 0.497917 0.559375 0.510417 0.564063 0.510417 0.565625 0.502083 0.575000 0.481250 0.575000 0.477083 0.581250 0.466667 0.590625 0.441667 0.601562 0.406250 0.606250 0.393750 0.609375 0.389583 0.614062 0.377083 0.614062 0.368750 0.607812 0.360417 0.604688 0.358333 0.601562 0.356250 0.596875 0.354167 0.589063 0.354167
15 0.776563 0.281250 0.770312 0.283333 0.762500 0.285417 0.759375 0.287500 0.756250 0.291667 0.751563 0.291667 0.739062 0.300000 0.734375 0.304167 0.718750 0.325000 0.715625 0.331250 0.712500 0.341667 0.707812 0.358333 0.706250 0.364583 0.704688 0.372917 0.704688 0.397917 0.706250 0.410417 0.714063 0.435417 0.717187 0.441667 0.721875 0.447917 0.723437 0.454167 0.737500 0.472917 0.750000 0.483333 0.754687 0.485417 0.759375 0.487500 0.765625 0.489583 0.771875 0.491667 0.782813 0.493750 0.795312 0.493750 0.804688 0.491667 0.809375 0.489583 0.812500 0.485417 0.821875 0.483333 0.825000 0.481250 0.831250 0.475000 0.848437 0.452083 0.854688 0.441667 0.860938 0.431250 0.862500 0.427083 0.864062 0.420833 0.865625 0.414583 0.867188 0.404167 0.867188 0.364583 0.865625 0.354167 0.864062 0.347917 0.857812 0.331250 0.853125 0.322917 0.842187 0.308333 0.835938 0.302083 0.829688 0.295833 0.818750 0.289583 0.814063 0.289583 0.809375 0.285417 0.803125 0.283333 0.795312 0.281250 0.776563 0.281250
0 0.393750 0.593750 0.387500 0.597917 0.376563 0.597917 0.371875 0.602083 0.368750 0.602083 0.359375 0.600000 0.346875 0.602083 0.342187 0.604167 0.339062 0.608333 0.335938 0.610417 0.328125 0.610417 0.325000 0.612500 0.321875 0.614583 0.315625 0.622917 0.312500 0.622917 0.309375 0.625000 0.301563 0.633333 0.295312 0.641667 0.293750 0.647917 0.287500 0.656250 0.284375 0.656250 0.279687 0.662500 0.278125 0.666667 0.278125 0.679167 0.275000 0.687500 0.275000 0.695833 0.271875 0.700000 0.271875 0.704167 0.262500 0.714583 0.260937 0.718750 0.259375 0.722917 0.259375 0.750000 0.260937 0.754167 0.264062 0.758333 0.268750 0.760417 0.270313 0.762500 0.271875 0.766667 0.271875 0.785417 0.276562 0.793750 0.276562 0.804167 0.278125 0.812500 0.282813 0.822917 0.284375 0.837500 0.287500 0.839583 0.293750 0.839583 0.296875 0.843750 0.296875 0.850000 0.298438 0.854167 0.304688 0.862500 0.306250 0.862500 0.310937 0.870833 0.314063 0.872917 0.317188 0.875000 0.325000 0.872917 0.332813 0.883333 0.337500 0.885417 0.350000 0.885417 0.354687 0.887500 0.360938 0.887500 0.365625 0.891667 0.376563 0.891667 0.379688 0.887500 0.381250 0.883333 0.382812 0.875000 0.387500 0.872917 0.389062 0.879167 0.393750 0.885417 0.400000 0.885417 0.403125 0.883333 0.404687 0.881250 0.406250 0.877083 0.404687 0.870833 0.407813 0.866667 0.410938 0.866667 0.415625 0.860417 0.415625 0.854167 0.410938 0.847917 0.398438 0.839583 0.387500 0.833333 0.382812 0.833333 0.379688 0.829167 0.378125 0.825000 0.378125 0.814583 0.379688 0.808333 0.381250 0.800000 0.385937 0.793750 0.387500 0.793750 0.389062 0.785417 0.389062 0.781250 0.379688 0.766667 0.378125 0.758333 0.376563 0.754167 0.371875 0.747917 0.370312 0.737500 0.370312 0.729167 0.371875 0.727083 0.371875 0.716667 0.373437 0.710417 0.375000 0.704167 0.376563 0.700000 0.381250 0.691667 0.387500 0.681250 0.393750 0.672917 0.396875 0.672917 0.400000 0.670833 0.401562 0.668750 0.403125 0.664583 0.403125 0.660417 0.401562 0.654167 0.395313 0.645833 0.395313 0.637500 0.400000 0.631250 0.401562 0.625000 0.410938 0.625000 0.415625 0.622917 0.418750 0.618750 0.420312 0.612500 0.420312 0.606250 0.417187 0.602083 0.414062 0.600000 0.407813 0.602083 0.401562 0.595833 0.398438 0.593750 0.393750 0.593750
0 0.423438 0.627083 0.417187 0.629167 0.412500 0.631250 0.409375 0.633333 0.404687 0.639583 0.404687 0.654167 0.404687 0.658333 0.407813 0.662500 0.407813 0.664583 0.409375 0.666667 0.412500 0.668750 0.415625 0.668750 0.418750 0.670833 0.420312 0.672917 0.420312 0.675000 0.423438 0.679167 0.425000 0.683333 0.425000 0.687500 0.421875 0.695833 0.421875 0.700000 0.425000 0.702083 0.434375 0.708333 0.439063 0.710417 0.459375 0.714583 0.465625 0.716667 0.468750 0.718750 0.473438 0.725000 0.473438 0.729167 0.475000 0.733333 0.476562 0.735417 0.478125 0.735417 0.482812 0.735417 0.485938 0.735417 0.493750 0.729167 0.496875 0.725000 0.498437 0.720833 0.500000 0.710417 0.498437 0.700000 0.496875 0.693750 0.493750 0.683333 0.490625 0.675000 0.485938 0.662500 0.471875 0.643750 0.467187 0.639583 0.459375 0.635417 0.450000 0.633333 0.440625 0.627083 0.423438 0.627083
0 0.634375 0.604167 0.626563 0.606250 0.623437 0.608333 0.615625 0.618750 0.615625 0.625000 0.614062 0.627083 0.614062 0.631250 0.615625 0.637500 0.617188 0.643750 0.618750 0.647917 0.621875 0.654167 0.628125 0.660417 0.632812 0.670833 0.635938 0.681250 0.642188 0.691667 0.645312 0.702083 0.651563 0.712500 0.654687 0.718750 0.656250 0.727083 0.659375 0.731250 0.660937 0.735417 0.662500 0.739583 0.664062 0.750000 0.670312 0.764583 0.675000 0.787500 0.676562 0.791667 0.684375 0.806250 0.692187 0.814583 0.695312 0.816667 0.710938 0.816667 0.715625 0.814583 0.718750 0.810417 0.720313 0.806250 0.721875 0.802083 0.723437 0.793750 0.723437 0.768750 0.721875 0.754167 0.720313 0.743750 0.718750 0.739583 0.714063 0.731250 0.710938 0.725000 0.709375 0.710417 0.707812 0.706250 0.703125 0.700000 0.700000 0.693750 0.696875 0.683333 0.695312 0.677083 0.695312 0.670833 0.693750 0.666667 0.692187 0.664583 0.690625 0.664583 0.687500 0.660417 0.681250 0.650000 0.676562 0.639583 0.664062 0.622917 0.657813 0.616667 0.654687 0.614583 0.651563 0.614583 0.645312 0.608333 0.642188 0.606250 0.634375 0.604167
0 0.717187 0.583333 0.709375 0.587500 0.696875 0.587500 0.692187 0.589583 0.689063 0.591667 0.682813 0.597917 0.679688 0.600000 0.675000 0.600000 0.671875 0.602083 0.668750 0.604167 0.664062 0.610417 0.662500 0.610417 0.659375 0.616667 0.665625 0.625000 0.678125 0.639583 0.681250 0.647917 0.690625 0.660417 0.717187 0.660417 0.721875 0.656250 0.726562 0.656250 0.731250 0.654167 0.742188 0.647917 0.745313 0.645833 0.748437 0.643750 0.753125 0.637500 0.754687 0.637500 0.757812 0.633333 0.759375 0.629167 0.759375 0.620833 0.760938 0.618750 0.760938 0.612500 0.759375 0.604167 0.756250 0.600000 0.756250 0.597917 0.754687 0.595833 0.751563 0.593750 0.748437 0.591667 0.743750 0.589583 0.732812 0.589583 0.726562 0.587500 0.721875 0.583333 0.717187 0.583333
0 0.773438 0.631250 0.767188 0.633333 0.759375 0.637500 0.743750 0.650000 0.740625 0.652083 0.729688 0.658333 0.718750 0.662500 0.706250 0.662500 0.701562 0.664583 0.698438 0.668750 0.696875 0.672917 0.698438 0.681250 0.700000 0.687500 0.701562 0.691667 0.703125 0.695833 0.709375 0.704167 0.710938 0.708333 0.712500 0.714583 0.712500 0.720833 0.714063 0.727083 0.715625 0.731250 0.720313 0.733333 0.726562 0.731250 0.731250 0.727083 0.735938 0.725000 0.746875 0.725000 0.757812 0.716667 0.764062 0.714583 0.771875 0.714583 0.775000 0.712500 0.789062 0.695833 0.796875 0.685417 0.801562 0.675000 0.803125 0.670833 0.803125 0.664583 0.804688 0.662500 0.804688 0.658333 0.803125 0.652083 0.801562 0.647917 0.800000 0.643750 0.793750 0.635417 0.790625 0.633333 0.785937 0.631250 0.773438 0.631250
0 0.404687 0.670833 0.400000 0.672917 0.393750 0.677083 0.390625 0.681250 0.389062 0.687500 0.384375 0.691667 0.378125 0.702083 0.376563 0.708333 0.373437 0.718750 0.371875 0.727083 0.371875 0.735417 0.373437 0.743750 0.375000 0.747917 0.376563 0.752083 0.381250 0.762500 0.385937 0.772917 0.390625 0.779167 0.392188 0.785417 0.396875 0.791667 0.403125 0.793750 0.407813 0.793750 0.412500 0.791667 0.415625 0.789583 0.417187 0.783333 0.415625 0.772917 0.421875 0.764583 0.428125 0.758333 0.431250 0.756250 0.434375 0.754167 0.439063 0.752083 0.453125 0.750000 0.465625 0.750000 0.468750 0.747917 0.471875 0.735417 0.471875 0.725000 0.468750 0.720833 0.464062 0.718750 0.456250 0.716667 0.445312 0.712500 0.439063 0.712500 0.434375 0.710417 0.426563 0.706250 0.423438 0.704167 0.420312 0.700000 0.420312 0.693750 0.423438 0.687500 0.423438 0.683333 0.421875 0.679167 0.418750 0.672917 0.415625 0.670833 0.404687 0.670833
10 0.153125 0.487500 0.150000 0.493750 0.148438 0.497917 0.148438 0.502083 0.146875 0.506250 0.140625 0.516667 0.140625 0.520833 0.137500 0.525000 0.135937 0.531250 0.135937 0.537500 0.134375 0.541667 0.132812 0.545833 0.128125 0.552083 0.126562 0.556250 0.125000 0.564583 0.121875 0.568750 0.120313 0.572917 0.115625 0.587500 0.115625 0.593750 0.109375 0.608333 0.106250 0.622917 0.103125 0.627083 0.103125 0.635417 0.106250 0.637500 0.109375 0.639583 0.120313 0.641667 0.123438 0.645833 0.131250 0.647917 0.134375 0.650000 0.139063 0.654167 0.148438 0.664583 0.160938 0.672917 0.175000 0.672917 0.181250 0.668750 0.187500 0.668750 0.193750 0.666667 0.212500 0.658333 0.215625 0.656250 0.220312 0.650000 0.223438 0.643750 0.225000 0.635417 0.229687 0.629167 0.231250 0.620833 0.232813 0.616667 0.239063 0.606250 0.240625 0.602083 0.242188 0.597917 0.242188 0.593750 0.243750 0.589583 0.245312 0.585417 0.248438 0.581250 0.250000 0.575000 0.251563 0.570833 0.253125 0.568750 0.254688 0.568750 0.257812 0.564583 0.264062 0.554167 0.265625 0.543750 0.270313 0.537500 0.270313 0.531250 0.267188 0.529167 0.260937 0.527083 0.250000 0.520833 0.240625 0.514583 0.232813 0.506250 0.225000 0.504167 0.221875 0.502083 0.218750 0.497917 0.215625 0.495833 0.207813 0.495833 0.203125 0.491667 0.196875 0.489583 0.189062 0.491667 0.178125 0.487500 0.170313 0.489583 0.153125 0.487500
4 0.721875 0.850000 0.715625 0.854167 0.709375 0.856250 0.704688 0.856250 0.706250 0.862500 0.710938 0.862500 0.714063 0.868750 0.718750 0.868750 0.718750 0.864583 0.723437 0.858333 0.725000 0.854167 0.725000 0.850000 0.721875 0.850000
4 0.879687 0.425000 0.873437 0.427083 0.870313 0.429167 0.862500 0.435417 0.851562 0.450000 0.835938 0.470833 0.825000 0.485417 0.823438 0.489583 0.821875 0.493750 0.820312 0.500000 0.818750 0.506250 0.818750 0.533333 0.820312 0.541667 0.823438 0.556250 0.826562 0.564583 0.826562 0.568750 0.825000 0.570833 0.825000 0.577083 0.820312 0.589583 0.810937 0.606250 0.801562 0.627083 0.800000 0.631250 0.798438 0.637500 0.806250 0.658333 0.810937 0.652083 0.814063 0.643750 0.825000 0.616667 0.829688 0.604167 0.831250 0.595833 0.832812 0.591667 0.834375 0.587500 0.837500 0.581250 0.840625 0.577083 0.845313 0.572917 0.848437 0.570833 0.851562 0.568750 0.864062 0.564583 0.867188 0.562500 0.870313 0.560417 0.879687 0.552083 0.884375 0.547917 0.887500 0.543750 0.895312 0.533333 0.900000 0.525000 0.904687 0.514583 0.909375 0.502083 0.912500 0.491667 0.914062 0.485417 0.915625 0.479167 0.917188 0.468750 0.917188 0.458333 0.915625 0.450000 0.914062 0.443750 0.912500 0.439583 0.906250 0.431250 0.903125 0.429167 0.900000 0.427083 0.895312 0.425000 0.879687 0.425000
0 0.440625 0.754167 0.435937 0.756250 0.426563 0.762500 0.423438 0.766667 0.421875 0.766667 0.420312 0.768750 0.417187 0.772917 0.415625 0.777083 0.417187 0.783333 0.418750 0.787500 0.415625 0.791667 0.412500 0.793750 0.407813 0.795833 0.392188 0.795833 0.387500 0.797917 0.384375 0.802083 0.382812 0.806250 0.381250 0.812500 0.381250 0.825000 0.384375 0.829167 0.387500 0.831250 0.395313 0.833333 0.407813 0.841667 0.412500 0.845833 0.418750 0.854167 0.418750 0.858333 0.417187 0.887500 0.420312 0.891667 0.425000 0.895833 0.428125 0.897917 0.439063 0.897917 0.448437 0.891667 0.459375 0.877083 0.460938 0.870833 0.470313 0.858333 0.476562 0.841667 0.478125 0.835417 0.479687 0.827083 0.481250 0.818750 0.481250 0.808333 0.475000 0.793750 0.473438 0.787500 0.471875 0.781250 0.471875 0.772917 0.470313 0.768750 0.462500 0.758333 0.457813 0.754167 0.440625 0.754167
3 0.801562 0.679167 0.798438 0.683333 0.796875 0.691667 0.798438 0.704167 0.798438 0.710417 0.796875 0.733333 0.800000 0.743750 0.806250 0.760417 0.817187 0.789583 0.825000 0.808333 0.842187 0.843750 0.845313 0.852083 0.848437 0.864583 0.850000 0.868750 0.857812 0.879167 0.864062 0.891667 0.864062 0.893750 0.865625 0.895833 0.868750 0.897917 0.871875 0.897917 0.875000 0.895833 0.878125 0.893750 0.882812 0.889583 0.882812 0.881250 0.878125 0.870833 0.875000 0.854167 0.873437 0.850000 0.871875 0.845833 0.851562 0.793750 0.842187 0.770833 0.834375 0.752083 0.823438 0.731250 0.820312 0.720833 0.815625 0.710417 0.809375 0.700000 0.806250 0.693750 0.804688 0.683333 0.801562 0.679167
3 0.701562 0.443750 0.700000 0.458333 0.698438 0.454167 0.690625 0.452083 0.689063 0.462500 0.682813 0.456250 0.682813 0.466667 0.684375 0.472917 0.689063 0.483333 0.690625 0.493750 0.693750 0.504167 0.700000 0.522917 0.709375 0.547917 0.715625 0.556250 0.718750 0.558333 0.729688 0.562500 0.739062 0.568750 0.743750 0.572917 0.748437 0.577083 0.754687 0.583333 0.762500 0.593750 0.762500 0.585417 0.757812 0.575000 0.757812 0.550000 0.754687 0.539583 0.748437 0.522917 0.737500 0.500000 0.732812 0.487500 0.725000 0.462500 0.720313 0.452083 0.715625 0.443750 0.712500 0.443750 0.712500 0.456250 0.706250 0.445833 0.701562 0.443750
0 0.595313 0.641667 0.590625 0.643750 0.582812 0.654167 0.579688 0.660417 0.578125 0.666667 0.576562 0.672917 0.576562 0.683333 0.578125 0.689583 0.579688 0.695833 0.581250 0.700000 0.589063 0.718750 0.592187 0.725000 0.600000 0.735417 0.604688 0.739583 0.606250 0.739583 0.607812 0.741667 0.612500 0.752083 0.617188 0.756250 0.620313 0.756250 0.623437 0.758333 0.631250 0.768750 0.639062 0.772917 0.646875 0.783333 0.650000 0.785417 0.657813 0.787500 0.664062 0.789583 0.673438 0.787500 0.673438 0.783333 0.671875 0.781250 0.671875 0.775000 0.668750 0.764583 0.662500 0.743750 0.657813 0.731250 0.648438 0.708333 0.643750 0.702083 0.640625 0.691667 0.626563 0.664583 0.615625 0.650000 0.607812 0.643750 0.601562 0.643750 0.600000 0.641667 0.595313 0.641667
8 0.460938 0.187500 0.453125 0.189583 0.448437 0.191667 0.445312 0.193750 0.442188 0.195833 0.434375 0.202083 0.423438 0.214583 0.418750 0.222917 0.415625 0.229167 0.409375 0.243750 0.407813 0.247917 0.403125 0.264583 0.403125 0.289583 0.404687 0.306250 0.406250 0.310417 0.412500 0.325000 0.421875 0.343750 0.432812 0.358333 0.437500 0.362500 0.442188 0.366667 0.456250 0.377083 0.459375 0.379167 0.462500 0.381250 0.468750 0.383333 0.476562 0.385417 0.489063 0.385417 0.493750 0.381250 0.501563 0.381250 0.512500 0.375000 0.515625 0.372917 0.521875 0.364583 0.523438 0.364583 0.528125 0.358333 0.532813 0.345833 0.534375 0.339583 0.535937 0.318750 0.539062 0.310417 0.539062 0.279167 0.535937 0.268750 0.535937 0.258333 0.534375 0.250000 0.532813 0.243750 0.525000 0.225000 0.520312 0.216667 0.518750 0.214583 0.509375 0.204167 0.504687 0.200000 0.495312 0.193750 0.490625 0.191667 0.485938 0.189583 0.479687 0.187500 0.460938 0.187500
