8 0.882812 0.114583 0.865625 0.120833 0.859375 0.122917 0.853125 0.127083 0.843750 0.133333 0.837500 0.139583 0.831250 0.147917 0.826562 0.150000 0.820312 0.158333 0.820312 0.160417 0.814063 0.168750 0.804688 0.175000 0.798438 0.185417 0.795312 0.189583 0.785937 0.200000 0.778125 0.212500 0.775000 0.220833 0.770312 0.233333 0.768750 0.239583 0.768750 0.250000 0.767188 0.252083 0.767188 0.260417 0.768750 0.275000 0.770312 0.281250 0.771875 0.287500 0.773438 0.291667 0.779687 0.304167 0.785937 0.312500 0.792188 0.318750 0.801562 0.325000 0.814063 0.331250 0.839063 0.331250 0.854688 0.325000 0.859375 0.322917 0.864062 0.320833 0.871875 0.314583 0.876563 0.314583 0.881250 0.310417 0.890625 0.302083 0.893750 0.300000 0.909375 0.293750 0.912500 0.291667 0.915625 0.289583 0.926562 0.279167 0.937500 0.264583 0.943750 0.254167 0.948438 0.245833 0.951562 0.239583 0.953125 0.235417 0.956250 0.225000 0.957812 0.218750 0.959375 0.210417 0.959375 0.183333 0.957812 0.175000 0.956250 0.168750 0.953125 0.158333 0.950000 0.152083 0.946875 0.145833 0.935937 0.131250 0.931250 0.127083 0.926562 0.122917 0.923438 0.120833 0.915625 0.116667 0.909375 0.114583 0.882812 0.114583
16 0.129688 0.606250 0.123438 0.610417 0.115625 0.614583 0.109375 0.618750 0.106250 0.622917 0.106250 0.627083 0.101562 0.633333 0.100000 0.637500 0.100000 0.652083 0.101562 0.662500 0.104688 0.670833 0.106250 0.679167 0.112500 0.725000 0.115625 0.752083 0.115625 0.766667 0.118750 0.783333 0.123438 0.810417 0.126562 0.818750 0.128125 0.835417 0.128125 0.847917 0.131250 0.875000 0.132812 0.887500 0.134375 0.897917 0.135937 0.902083 0.140625 0.904167 0.145313 0.906250 0.153125 0.908333 0.159375 0.908333 0.167187 0.904167 0.175000 0.897917 0.182812 0.895833 0.190625 0.893750 0.201563 0.893750 0.207813 0.891667 0.215625 0.887500 0.221875 0.881250 0.232813 0.877083 0.237500 0.872917 0.240625 0.868750 0.242188 0.864583 0.242188 0.860417 0.243750 0.856250 0.242188 0.847917 0.239063 0.839583 0.237500 0.831250 0.235937 0.820833 0.234375 0.810417 0.234375 0.797917 0.229687 0.775000 0.229687 0.762500 0.226562 0.752083 0.226562 0.737500 0.225000 0.725000 0.223438 0.720833 0.221875 0.718750 0.212500 0.712500 0.200000 0.695833 0.179688 0.666667 0.171875 0.652083 0.156250 0.633333 0.150000 0.625000 0.148438 0.618750 0.139063 0.606250 0.129688 0.606250
22 0.692187 0.291667 0.689063 0.295833 0.679688 0.308333 0.678125 0.314583 0.681250 0.322917 0.685937 0.325000 0.687500 0.331250 0.684375 0.335417 0.684375 0.341667 0.689063 0.341667 0.693750 0.347917 0.700000 0.352083 0.712500 0.360417 0.734375 0.372917 0.784375 0.408333 0.789062 0.410417 0.793750 0.410417 0.798438 0.404167 0.803125 0.395833 0.804688 0.391667 0.806250 0.387500 0.806250 0.381250 0.804688 0.377083 0.800000 0.372917 0.795312 0.368750 0.790625 0.366667 0.781250 0.356250 0.773438 0.350000 0.756250 0.339583 0.746875 0.329167 0.742188 0.325000 0.734375 0.318750 0.723437 0.310417 0.717187 0.308333 0.706250 0.297917 0.696875 0.291667 0.692187 0.291667
20 0.117188 0.320833 0.114062 0.322917 0.096875 0.343750 0.082812 0.362500 0.068750 0.379167 0.060937 0.385417 0.048438 0.400000 0.029687 0.425000 0.028125 0.429167 0.028125 0.439583 0.029687 0.443750 0.032813 0.450000 0.045312 0.468750 0.056250 0.485417 0.075000 0.512500 0.100000 0.547917 0.134375 0.595833 0.140625 0.604167 0.142187 0.604167 0.146875 0.610417 0.151562 0.620833 0.175000 0.652083 0.182812 0.666667 0.201563 0.691667 0.206250 0.702083 0.214062 0.710417 0.220312 0.714583 0.223438 0.714583 0.228125 0.712500 0.237500 0.702083 0.254688 0.681250 0.270313 0.660417 0.284375 0.645833 0.300000 0.625000 0.301563 0.625000 0.315625 0.606250 0.317188 0.602083 0.317188 0.595833 0.315625 0.589583 0.309375 0.579167 0.289062 0.550000 0.262500 0.514583 0.254688 0.502083 0.250000 0.491667 0.245312 0.487500 0.234375 0.468750 0.218750 0.445833 0.196875 0.416667 0.192188 0.406250 0.157812 0.358333 0.132812 0.325000 0.129688 0.322917 0.126562 0.320833 0.117188 0.320833
1 0.478125 0.212500 0.476562 0.214583 0.471875 0.214583 0.467187 0.218750 0.462500 0.220833 0.454688 0.222917 0.446875 0.225000 0.437500 0.227083 0.425000 0.227083 0.401562 0.233333 0.385937 0.235417 0.370312 0.235417 0.356250 0.237500 0.343750 0.241667 0.328125 0.243750 0.314063 0.245833 0.292187 0.245833 0.290625 0.247917 0.270313 0.247917 0.262500 0.243750 0.250000 0.243750 0.246875 0.245833 0.246875 0.270833 0.251563 0.312500 0.251563 0.341667 0.253125 0.354167 0.256250 0.368750 0.259375 0.377083 0.275000 0.377083 0.279687 0.372917 0.285938 0.364583 0.287500 0.358333 0.289062 0.356250 0.292187 0.354167 0.300000 0.354167 0.320312 0.347917 0.356250 0.341667 0.370312 0.339583 0.398438 0.337500 0.425000 0.333333 0.437500 0.329167 0.450000 0.327083 0.465625 0.325000 0.470313 0.325000 0.475000 0.327083 0.479687 0.335417 0.481250 0.337500 0.482812 0.337500 0.485938 0.341667 0.490625 0.341667 0.501563 0.339583 0.501563 0.325000 0.500000 0.308333 0.495312 0.285417 0.495312 0.270833 0.492188 0.258333 0.490625 0.241667 0.490625 0.214583 0.481250 0.212500 0.478125 0.212500
0 0.396875 0.595833 0.404687 0.602083 0.410938 0.602083 0.412500 0.604167 0.417187 0.604167 0.426563 0.602083 0.431250 0.604167 0.439063 0.610417 0.446875 0.612500 0.450000 0.614583 0.451562 0.616667 0.456250 0.625000 0.460938 0.629167 0.464062 0.631250 0.467187 0.631250 0.470313 0.635417 0.471875 0.641667 0.470313 0.645833 0.467187 0.650000 0.468750 0.654167 0.471875 0.658333 0.468750 0.664583 0.465625 0.664583 0.462500 0.668750 0.456250 0.668750 0.456250 0.664583 0.454688 0.662500 0.456250 0.654167 0.451562 0.654167 0.450000 0.654167 0.450000 0.660417 0.451562 0.666667 0.451562 0.670833 0.446875 0.677083 0.442188 0.677083 0.435937 0.672917 0.434375 0.668750 0.434375 0.660417 0.440625 0.652083 0.439063 0.641667 0.442188 0.637500 0.435937 0.637500 0.434375 0.639583 0.431250 0.647917 0.425000 0.643750 0.420312 0.637500 0.404687 0.637500 0.403125 0.635417 0.404687 0.627083 0.401562 0.620833 0.400000 0.620833 0.398438 0.618750 0.396875 0.614583 0.387500 0.614583 0.384375 0.618750 0.382812 0.622917 0.384375 0.629167 0.390625 0.631250 0.390625 0.635417 0.403125 0.635417 0.404687 0.637500 0.395313 0.643750 0.387500 0.654167 0.385937 0.658333 0.384375 0.664583 0.384375 0.670833 0.381250 0.677083 0.379688 0.687500 0.379688 0.700000 0.378125 0.708333 0.376563 0.716667 0.370312 0.731250 0.370312 0.739583 0.368750 0.747917 0.364063 0.760417 0.360938 0.764583 0.360938 0.768750 0.359375 0.772917 0.354687 0.783333 0.350000 0.791667 0.345313 0.802083 0.343750 0.806250 0.342187 0.814583 0.342187 0.833333 0.345313 0.839583 0.351562 0.847917 0.354687 0.850000 0.370312 0.847917 0.375000 0.847917 0.375000 0.860417 0.379688 0.862500 0.381250 0.860417 0.384375 0.858333 0.382812 0.854167 0.384375 0.850000 0.385937 0.845833 0.389062 0.845833 0.392188 0.843750 0.393750 0.835417 0.400000 0.831250 0.395313 0.829167 0.395313 0.825000 0.403125 0.814583 0.406250 0.808333 0.412500 0.793750 0.412500 0.789583 0.414062 0.785417 0.417187 0.781250 0.417187 0.785417 0.415625 0.787500 0.417187 0.795833 0.417187 0.800000 0.414062 0.802083 0.412500 0.808333 0.412500 0.822917 0.409375 0.831250 0.409375 0.835417 0.409375 0.847917 0.404687 0.850000 0.400000 0.856250 0.409375 0.858333 0.412500 0.862500 0.412500 0.868750 0.414062 0.870833 0.414062 0.875000 0.410938 0.879167 0.407813 0.881250 0.403125 0.881250 0.395313 0.870833 0.390625 0.870833 0.387500 0.872917 0.385937 0.879167 0.382812 0.883333 0.379688 0.885417 0.376563 0.885417 0.368750 0.879167 0.350000 0.883333 0.340625 0.883333 0.337500 0.879167 0.335938 0.870833 0.328125 0.868750 0.326562 0.870833 0.320312 0.870833 0.317188 0.868750 0.307812 0.856250 0.304688 0.856250 0.300000 0.850000 0.298438 0.843750 0.295312 0.839583 0.290625 0.837500 0.287500 0.833333 0.285938 0.829167 0.285938 0.822917 0.282813 0.818750 0.281250 0.814583 0.281250 0.797917 0.279687 0.793750 0.275000 0.787500 0.273438 0.781250 0.273438 0.777083 0.275000 0.775000 0.275000 0.770833 0.273438 0.766667 0.270313 0.762500 0.268750 0.762500 0.265625 0.758333 0.264062 0.754167 0.265625 0.739583 0.264062 0.733333 0.259375 0.729167 0.259375 0.718750 0.260937 0.714583 0.262500 0.712500 0.265625 0.710417 0.267188 0.710417 0.270313 0.708333 0.271875 0.706250 0.273438 0.702083 0.276562 0.691667 0.278125 0.681250 0.279687 0.677083 0.282813 0.672917 0.284375 0.668750 0.284375 0.664583 0.285938 0.660417 0.287500 0.656250 0.290625 0.652083 0.300000 0.641667 0.301563 0.635417 0.303125 0.633333 0.307812 0.631250 0.312500 0.625000 0.317188 0.620833 0.320312 0.618750 0.326562 0.618750 0.329688 0.614583 0.329688 0.612500 0.334375 0.606250 0.339062 0.604167 0.357812 0.604167 0.362500 0.610417 0.357812 0.625000 0.353125 0.625000 0.350000 0.622917 0.346875 0.616667 0.343750 0.627083 0.345313 0.633333 0.353125 0.635417 0.357812 0.633333 0.360938 0.629167 0.357812 0.625000 0.362500 0.610417 0.368750 0.612500 0.376563 0.602083 0.381250 0.602083 0.387500 0.595833 0.396875 0.595833
3 0.775000 0.660417 0.775000 0.681250 0.773438 0.697917 0.775000 0.704167 0.782813 0.718750 0.793750 0.745833 0.800000 0.764583 0.801562 0.768750 0.821875 0.766667 0.820312 0.762500 0.817187 0.758333 0.814063 0.747917 0.807813 0.737500 0.801562 0.722917 0.785937 0.683333 0.781250 0.672917 0.775000 0.660417
3 0.698438 0.464583 0.700000 0.470833 0.695312 0.475000 0.692187 0.470833 0.689063 0.470833 0.690625 0.475000 0.681250 0.477083 0.681250 0.483333 0.681250 0.489583 0.673438 0.489583 0.676562 0.506250 0.679688 0.516667 0.682813 0.525000 0.684375 0.529167 0.690625 0.533333 0.698438 0.535417 0.710938 0.541667 0.714063 0.543750 0.718750 0.547917 0.723437 0.552083 0.729688 0.560417 0.734375 0.562500 0.740625 0.570833 0.743750 0.572917 0.743750 0.562500 0.740625 0.547917 0.734375 0.520833 0.731250 0.510417 0.729688 0.506250 0.728125 0.502083 0.723437 0.493750 0.701562 0.464583 0.698438 0.464583
5 0.729688 0.435417 0.728125 0.443750 0.728125 0.477083 0.729688 0.500000 0.731250 0.508333 0.732812 0.516667 0.734375 0.522917 0.737500 0.529167 0.739062 0.535417 0.739062 0.543750 0.742188 0.550000 0.742188 0.556250 0.745313 0.566667 0.753125 0.575000 0.762500 0.585417 0.768750 0.589583 0.778125 0.602083 0.781250 0.608333 0.785937 0.620833 0.787500 0.631250 0.795312 0.650000 0.800000 0.664583 0.804688 0.679167 0.810937 0.704167 0.821875 0.733333 0.825000 0.747917 0.829688 0.762500 0.831250 0.766667 0.834375 0.770833 0.851562 0.770833 0.851562 0.760417 0.846875 0.745833 0.845313 0.741667 0.842187 0.737500 0.840625 0.733333 0.835938 0.714583 0.825000 0.687500 0.804688 0.627083 0.798438 0.608333 0.796875 0.597917 0.792188 0.589583 0.790625 0.585417 0.784375 0.566667 0.781250 0.552083 0.760938 0.504167 0.754687 0.483333 0.745313 0.462500 0.745313 0.458333 0.742188 0.454167 0.740625 0.445833 0.739062 0.441667 0.737500 0.437500 0.735938 0.435417 0.734375 0.435417 0.729688 0.435417
0 0.470313 0.664583 0.467187 0.666667 0.454688 0.679167 0.453125 0.679167 0.451562 0.681250 0.446875 0.689583 0.442188 0.697917 0.437500 0.706250 0.435937 0.710417 0.434375 0.714583 0.432812 0.727083 0.425000 0.750000 0.423438 0.764583 0.417187 0.785417 0.414062 0.804167 0.412500 0.816667 0.412500 0.841667 0.414062 0.852083 0.415625 0.858333 0.420312 0.870833 0.429688 0.883333 0.434375 0.885417 0.442188 0.885417 0.446875 0.883333 0.454688 0.872917 0.457813 0.862500 0.459375 0.856250 0.460938 0.847917 0.462500 0.839583 0.462500 0.825000 0.465625 0.814583 0.465625 0.804167 0.467187 0.793750 0.468750 0.785417 0.473438 0.772917 0.473438 0.766667 0.475000 0.760417 0.478125 0.750000 0.481250 0.745833 0.482812 0.735417 0.487500 0.725000 0.487500 0.718750 0.490625 0.712500 0.492188 0.706250 0.493750 0.697917 0.493750 0.689583 0.492188 0.681250 0.490625 0.677083 0.485938 0.670833 0.481250 0.666667 0.476562 0.664583 0.470313 0.664583
0 0.409375 0.639583 0.401562 0.641667 0.398438 0.643750 0.392188 0.652083 0.389062 0.658333 0.387500 0.662500 0.385937 0.668750 0.384375 0.677083 0.382812 0.685417 0.382812 0.695833 0.379688 0.704167 0.379688 0.712500 0.378125 0.718750 0.376563 0.725000 0.370312 0.735417 0.370312 0.745833 0.365625 0.754167 0.359375 0.775000 0.350000 0.791667 0.346875 0.797917 0.345313 0.804167 0.343750 0.810417 0.342187 0.818750 0.342187 0.829167 0.346875 0.841667 0.350000 0.845833 0.353125 0.847917 0.368750 0.847917 0.375000 0.845833 0.378125 0.843750 0.381250 0.841667 0.385937 0.837500 0.392188 0.829167 0.398438 0.818750 0.403125 0.810417 0.415625 0.783333 0.417187 0.779167 0.418750 0.775000 0.420312 0.768750 0.421875 0.762500 0.428125 0.735417 0.429688 0.725000 0.431250 0.708333 0.432812 0.685417 0.432812 0.672917 0.431250 0.658333 0.429688 0.654167 0.428125 0.650000 0.423438 0.643750 0.420312 0.641667 0.417187 0.639583 0.409375 0.639583
0 0.667188 0.568750 0.664062 0.570833 0.660937 0.572917 0.657813 0.577083 0.656250 0.577083 0.650000 0.595833 0.650000 0.602083 0.651563 0.616667 0.653125 0.622917 0.654687 0.627083 0.659375 0.637500 0.670312 0.652083 0.676562 0.656250 0.687500 0.662500 0.690625 0.666667 0.692187 0.666667 0.693750 0.679167 0.698438 0.685417 0.701562 0.687500 0.704688 0.689583 0.709375 0.691667 0.715625 0.693750 0.726562 0.693750 0.735938 0.687500 0.740625 0.681250 0.742188 0.668750 0.745313 0.664583 0.746875 0.660417 0.746875 0.643750 0.745313 0.639583 0.743750 0.635417 0.737500 0.625000 0.734375 0.614583 0.729688 0.604167 0.726562 0.597917 0.721875 0.591667 0.712500 0.585417 0.707812 0.585417 0.703125 0.581250 0.696875 0.581250 0.692187 0.579167 0.689063 0.577083 0.687500 0.575000 0.687500 0.572917 0.685937 0.570833 0.682813 0.568750 0.679688 0.568750 0.667188 0.568750
0 0.626563 0.560417 0.617188 0.566667 0.600000 0.579167 0.595313 0.583333 0.585938 0.595833 0.584375 0.600000 0.582812 0.604167 0.581250 0.610417 0.579688 0.620833 0.579688 0.635417 0.576562 0.641667 0.576562 0.647917 0.578125 0.656250 0.579688 0.662500 0.581250 0.668750 0.585938 0.681250 0.590625 0.687500 0.598437 0.687500 0.603125 0.681250 0.603125 0.675000 0.604688 0.668750 0.607812 0.664583 0.614062 0.662500 0.621875 0.662500 0.623437 0.664583 0.632812 0.664583 0.639062 0.666667 0.645312 0.668750 0.656250 0.675000 0.667188 0.675000 0.671875 0.670833 0.675000 0.662500 0.673438 0.656250 0.668750 0.654167 0.660937 0.643750 0.654687 0.631250 0.646875 0.616667 0.643750 0.610417 0.642188 0.606250 0.643750 0.597917 0.645312 0.597917 0.650000 0.593750 0.651563 0.589583 0.651563 0.577083 0.650000 0.568750 0.646875 0.564583 0.643750 0.562500 0.640625 0.560417 0.626563 0.560417
0 0.678125 0.660417 0.673438 0.666667 0.673438 0.668750 0.667188 0.677083 0.656250 0.677083 0.651563 0.672917 0.645312 0.670833 0.639062 0.668750 0.631250 0.666667 0.623437 0.664583 0.615625 0.664583 0.614062 0.666667 0.607812 0.666667 0.606250 0.670833 0.606250 0.677083 0.604688 0.683333 0.600000 0.689583 0.592187 0.691667 0.592187 0.695833 0.595313 0.700000 0.596875 0.710417 0.600000 0.712500 0.606250 0.716667 0.610938 0.718750 0.620313 0.718750 0.631250 0.716667 0.639062 0.714583 0.642188 0.712500 0.646875 0.708333 0.654687 0.700000 0.662500 0.687500 0.665625 0.683333 0.676562 0.670833 0.676562 0.664583 0.678125 0.660417
0 0.687500 0.666667 0.684375 0.668750 0.681250 0.672917 0.676562 0.675000 0.670312 0.681250 0.651563 0.706250 0.643750 0.712500 0.637500 0.720833 0.637500 0.725000 0.640625 0.725000 0.642188 0.727083 0.648438 0.729167 0.657813 0.731250 0.660937 0.731250 0.662500 0.729167 0.676562 0.725000 0.693750 0.722917 0.706250 0.718750 0.709375 0.714583 0.710938 0.708333 0.710938 0.693750 0.707812 0.691667 0.700000 0.689583 0.696875 0.685417 0.695312 0.685417 0.693750 0.683333 0.692187 0.679167 0.690625 0.668750 0.687500 0.666667
13 0.375000 0.358333 0.367188 0.362500 0.356250 0.362500 0.348438 0.364583 0.343750 0.366667 0.331250 0.375000 0.318750 0.391667 0.315625 0.397917 0.310937 0.410417 0.309375 0.416667 0.307812 0.427083 0.307812 0.450000 0.309375 0.458333 0.310937 0.464583 0.312500 0.468750 0.315625 0.475000 0.320312 0.481250 0.325000 0.493750 0.332813 0.504167 0.335938 0.512500 0.339062 0.516667 0.343750 0.520833 0.350000 0.527083 0.359375 0.533333 0.410938 0.533333 0.418750 0.531250 0.423438 0.527083 0.429688 0.518750 0.434375 0.516667 0.440625 0.508333 0.443750 0.502083 0.448437 0.491667 0.450000 0.487500 0.451562 0.481250 0.453125 0.475000 0.454688 0.466667 0.456250 0.454167 0.456250 0.433333 0.454688 0.420833 0.453125 0.414583 0.451562 0.408333 0.450000 0.404167 0.440625 0.387500 0.440625 0.385417 0.439063 0.383333 0.431250 0.375000 0.426563 0.370833 0.421875 0.366667 0.412500 0.360417 0.407813 0.358333 0.375000 0.358333
0 0.595313 0.712500 0.590625 0.714583 0.585938 0.720833 0.585938 0.733333 0.587500 0.739583 0.592187 0.752083 0.603125 0.766667 0.610938 0.772917 0.617188 0.775000 0.628125 0.775000 0.646875 0.764583 0.650000 0.762500 0.651563 0.760417 0.653125 0.756250 0.657813 0.745833 0.659375 0.741667 0.660937 0.735417 0.654687 0.731250 0.642188 0.729167 0.634375 0.725000 0.632812 0.718750 0.621875 0.718750 0.620313 0.720833 0.610938 0.720833 0.606250 0.718750 0.598437 0.712500 0.595313 0.712500
0 0.307812 0.122917 0.292187 0.125000 0.281250 0.127083 0.271875 0.129167 0.264062 0.131250 0.257812 0.133333 0.246875 0.137500 0.242188 0.139583 0.232813 0.145833 0.217188 0.156250 0.212500 0.160417 0.207813 0.164583 0.200000 0.172917 0.182812 0.195833 0.178125 0.204167 0.170313 0.218750 0.164062 0.235417 0.162500 0.241667 0.160938 0.247917 0.159375 0.256250 0.159375 0.289583 0.160938 0.297917 0.162500 0.304167 0.170313 0.322917 0.173437 0.337500 0.175000 0.345833 0.176563 0.372917 0.178125 0.381250 0.185938 0.391667 0.190625 0.393750 0.195312 0.393750 0.198437 0.391667 0.201563 0.387500 0.201563 0.377083 0.198437 0.350000 0.200000 0.331250 0.201563 0.325000 0.204687 0.314583 0.214062 0.289583 0.220312 0.279167 0.223438 0.268750 0.226562 0.262500 0.242188 0.241667 0.246875 0.237500 0.251563 0.233333 0.262500 0.225000 0.265625 0.222917 0.268750 0.220833 0.273438 0.218750 0.278125 0.216667 0.284375 0.214583 0.292187 0.212500 0.301563 0.210417 0.314063 0.208333 0.334375 0.208333 0.354687 0.210417 0.367188 0.214583 0.379688 0.214583 0.392188 0.218750 0.410938 0.218750 0.412500 0.220833 0.429688 0.220833 0.451562 0.218750 0.457813 0.216667 0.464062 0.214583 0.468750 0.212500 0.471875 0.210417 0.475000 0.206250 0.475000 0.187500 0.457813 0.164583 0.453125 0.160417 0.448437 0.156250 0.439063 0.150000 0.431250 0.145833 0.426563 0.143750 0.407813 0.137500 0.384375 0.131250 0.375000 0.129167 0.364063 0.127083 0.351562 0.125000 0.325000 0.122917 0.321875 0.122917 0.310937 0.122917 0.307812 0.122917
17 0.303125 0.425000 0.298438 0.431250 0.296875 0.439583 0.293750 0.443750 0.282813 0.443750 0.278125 0.445833 0.270313 0.456250 0.268750 0.460417 0.267188 0.466667 0.267188 0.472917 0.268750 0.475000 0.268750 0.481250 0.264062 0.487500 0.259375 0.489583 0.254688 0.495833 0.256250 0.500000 0.260937 0.508333 0.278125 0.531250 0.281250 0.531250 0.287500 0.527083 0.290625 0.531250 0.292187 0.537500 0.295312 0.554167 0.296875 0.558333 0.301563 0.564583 0.306250 0.558333 0.306250 0.554167 0.304688 0.541667 0.303125 0.535417 0.300000 0.531250 0.298438 0.525000 0.298438 0.520833 0.303125 0.514583 0.307812 0.510417 0.312500 0.508333 0.320312 0.497917 0.321875 0.491667 0.320312 0.487500 0.318750 0.483333 0.310937 0.472917 0.309375 0.466667 0.306250 0.456250 0.306250 0.425000 0.303125 0.425000
10 0.554688 0.429167 0.551562 0.431250 0.548438 0.433333 0.542188 0.439583 0.534375 0.447917 0.500000 0.487500 0.484375 0.502083 0.475000 0.512500 0.467187 0.520833 0.465625 0.527083 0.467187 0.531250 0.468750 0.535417 0.478125 0.554167 0.484375 0.562500 0.492188 0.577083 0.493750 0.583333 0.496875 0.587500 0.498437 0.587500 0.503125 0.593750 0.507812 0.597917 0.510938 0.600000 0.514062 0.600000 0.518750 0.595833 0.528125 0.595833 0.531250 0.593750 0.545312 0.575000 0.545312 0.572917 0.560937 0.552083 0.567187 0.545833 0.573438 0.539583 0.581250 0.535417 0.589063 0.525000 0.593750 0.522917 0.598437 0.518750 0.603125 0.512500 0.604688 0.508333 0.604688 0.502083 0.600000 0.493750 0.592187 0.479167 0.587500 0.470833 0.576562 0.456250 0.570312 0.445833 0.567187 0.437500 0.562500 0.431250 0.559375 0.429167 0.554688 0.429167
23 0.640625 0.368750 0.620313 0.375000 0.595313 0.383333 0.573438 0.391667 0.565625 0.397917 0.560937 0.400000 0.556250 0.402083 0.535937 0.406250 0.529687 0.408333 0.526563 0.410417 0.525000 0.414583 0.525000 0.427083 0.526563 0.433333 0.529687 0.437500 0.537500 0.437500 0.542188 0.435417 0.550000 0.429167 0.554688 0.427083 0.559375 0.427083 0.565625 0.431250 0.581250 0.431250 0.596875 0.429167 0.607812 0.427083 0.639062 0.418750 0.654687 0.418750 0.654687 0.402083 0.651563 0.379167 0.648438 0.368750 0.640625 0.368750
26 0.620313 0.081250 0.612500 0.085417 0.603125 0.085417 0.598437 0.087500 0.584375 0.097917 0.576562 0.100000 0.573438 0.102083 0.570312 0.104167 0.560937 0.116667 0.557813 0.122917 0.559375 0.141667 0.559375 0.147917 0.557813 0.152083 0.556250 0.156250 0.550000 0.166667 0.548438 0.172917 0.548438 0.181250 0.550000 0.191667 0.551562 0.195833 0.553125 0.200000 0.556250 0.204167 0.557813 0.208333 0.559375 0.212500 0.559375 0.220833 0.562500 0.225000 0.576562 0.241667 0.578125 0.245833 0.579688 0.250000 0.579688 0.258333 0.584375 0.272917 0.584375 0.291667 0.585938 0.297917 0.587500 0.302083 0.589063 0.306250 0.598437 0.318750 0.603125 0.322917 0.612500 0.329167 0.615625 0.329167 0.618750 0.331250 0.628125 0.325000 0.632812 0.320833 0.637500 0.316667 0.668750 0.272917 0.673438 0.266667 0.678125 0.264583 0.689063 0.262500 0.692187 0.260417 0.700000 0.247917 0.704688 0.241667 0.712500 0.241667 0.720313 0.239583 0.723437 0.235417 0.729688 0.235417 0.742188 0.237500 0.748437 0.235417 0.751563 0.233333 0.753125 0.214583 0.751563 0.191667 0.750000 0.179167 0.746875 0.160417 0.745313 0.154167 0.742188 0.145833 0.739062 0.143750 0.729688 0.145833 0.721875 0.147917 0.718750 0.152083 0.714063 0.154167 0.695312 0.154167 0.689063 0.158333 0.685937 0.158333 0.682813 0.154167 0.682813 0.147917 0.685937 0.139583 0.685937 0.135417 0.684375 0.131250 0.678125 0.122917 0.662500 0.104167 0.651563 0.095833 0.642188 0.089583 0.631250 0.083333 0.626563 0.081250 0.620313 0.081250
