0 0.532813 0.443750 0.528125 0.445833 0.521875 0.450000 0.518750 0.456250 0.514062 0.466667 0.512500 0.470833 0.510938 0.477083 0.510938 0.483333 0.512500 0.485417 0.510938 0.493750 0.512500 0.522917 0.514062 0.527083 0.518750 0.533333 0.518750 0.562500 0.520312 0.566667 0.525000 0.577083 0.528125 0.581250 0.531250 0.583333 0.540625 0.585417 0.546875 0.583333 0.551562 0.579167 0.556250 0.575000 0.564063 0.564583 0.567187 0.550000 0.570312 0.543750 0.576562 0.533333 0.578125 0.529167 0.579688 0.525000 0.581250 0.516667 0.581250 0.506250 0.579688 0.497917 0.578125 0.489583 0.576562 0.485417 0.570312 0.477083 0.568750 0.472917 0.567187 0.462500 0.564063 0.454167 0.560937 0.450000 0.557813 0.447917 0.553125 0.445833 0.546875 0.443750 0.532813 0.443750
0 0.645312 0.189583 0.637500 0.191667 0.618750 0.204167 0.615625 0.210417 0.612500 0.210417 0.601562 0.206250 0.593750 0.206250 0.587500 0.208333 0.581250 0.210417 0.573438 0.216667 0.571875 0.225000 0.575000 0.235417 0.579688 0.241667 0.579688 0.243750 0.582812 0.247917 0.590625 0.256250 0.590625 0.270833 0.590625 0.275000 0.589063 0.302083 0.590625 0.314583 0.592187 0.318750 0.593750 0.322917 0.596875 0.329167 0.615625 0.354167 0.620313 0.358333 0.625000 0.362500 0.632812 0.368750 0.640625 0.372917 0.645312 0.375000 0.651563 0.375000 0.656250 0.379167 0.665625 0.381250 0.670312 0.379167 0.671875 0.381250 0.675000 0.381250 0.682813 0.379167 0.692187 0.377083 0.698438 0.372917 0.707812 0.366667 0.717187 0.356250 0.720313 0.352083 0.728125 0.339583 0.734375 0.325000 0.735938 0.320833 0.737500 0.316667 0.739062 0.310417 0.740625 0.304167 0.742188 0.293750 0.742188 0.264583 0.740625 0.256250 0.735938 0.239583 0.734375 0.235417 0.728125 0.225000 0.718750 0.212500 0.712500 0.206250 0.709375 0.204167 0.696875 0.200000 0.692187 0.200000 0.690625 0.202083 0.684375 0.202083 0.681250 0.200000 0.676562 0.193750 0.671875 0.191667 0.665625 0.189583 0.645312 0.189583
6 0.795312 0.439583 0.795312 0.445833 0.803125 0.460417 0.803125 0.464583 0.807813 0.470833 0.810937 0.477083 0.810937 0.483333 0.818750 0.495833 0.818750 0.500000 0.826562 0.512500 0.831250 0.529167 0.837500 0.539583 0.842187 0.550000 0.842187 0.554167 0.846875 0.564583 0.853125 0.570833 0.853125 0.566667 0.854688 0.564583 0.854688 0.554167 0.857812 0.545833 0.859375 0.535417 0.862500 0.510417 0.867188 0.475000 0.865625 0.470833 0.860938 0.470833 0.859375 0.468750 0.842187 0.466667 0.835938 0.462500 0.835938 0.447917 0.832812 0.439583 0.828125 0.437500 0.795312 0.439583
6 0.710938 0.437500 0.709375 0.441667 0.707812 0.470833 0.707812 0.481250 0.709375 0.487500 0.714063 0.493750 0.717187 0.504167 0.723437 0.514583 0.726562 0.529167 0.729688 0.533333 0.731250 0.539583 0.737500 0.564583 0.739062 0.575000 0.740625 0.585417 0.742188 0.602083 0.742188 0.662500 0.740625 0.677083 0.739062 0.689583 0.737500 0.697917 0.731250 0.722917 0.728125 0.733333 0.721875 0.752083 0.717187 0.758333 0.714063 0.768750 0.709375 0.779167 0.701562 0.789583 0.698438 0.797917 0.692187 0.806250 0.692187 0.808333 0.687500 0.814583 0.690625 0.818750 0.701562 0.818750 0.729688 0.825000 0.739062 0.827083 0.754687 0.833333 0.773438 0.837500 0.800000 0.841667 0.809375 0.845833 0.818750 0.843750 0.820312 0.835417 0.820312 0.827083 0.825000 0.820833 0.825000 0.810417 0.823438 0.802083 0.820312 0.787500 0.817187 0.775000 0.812500 0.756250 0.798438 0.708333 0.798438 0.702083 0.796875 0.695833 0.787500 0.660417 0.781250 0.637500 0.773438 0.620833 0.773438 0.616667 0.771875 0.612500 0.767188 0.606250 0.765625 0.600000 0.762500 0.593750 0.757812 0.585417 0.751563 0.577083 0.745313 0.564583 0.742188 0.558333 0.739062 0.547917 0.734375 0.533333 0.728125 0.512500 0.726562 0.504167 0.725000 0.495833 0.725000 0.487500 0.728125 0.483333 0.732812 0.483333 0.735938 0.479167 0.740625 0.479167 0.745313 0.472917 0.751563 0.472917 0.754687 0.468750 0.757812 0.470833 0.765625 0.481250 0.767188 0.483333 0.776563 0.497917 0.784375 0.514583 0.785937 0.518750 0.787500 0.522917 0.787500 0.529167 0.790625 0.535417 0.792188 0.541667 0.793750 0.556250 0.793750 0.597917 0.795312 0.614583 0.798438 0.620833 0.801562 0.641667 0.809375 0.662500 0.810937 0.677083 0.815625 0.687500 0.818750 0.704167 0.826562 0.725000 0.826562 0.731250 0.829688 0.739583 0.831250 0.735417 0.832812 0.733333 0.832812 0.725000 0.834375 0.722917 0.835938 0.712500 0.835938 0.700000 0.839063 0.687500 0.839063 0.675000 0.843750 0.652083 0.846875 0.625000 0.846875 0.614583 0.842187 0.602083 0.834375 0.589583 0.828125 0.572917 0.823438 0.566667 0.820312 0.560417 0.817187 0.550000 0.812500 0.543750 0.812500 0.539583 0.806250 0.529167 0.804688 0.520833 0.798438 0.510417 0.795312 0.500000 0.789062 0.489583 0.789062 0.485417 0.781250 0.466667 0.778125 0.460417 0.773438 0.452083 0.768750 0.445833 0.764062 0.441667 0.760938 0.439583 0.757812 0.437500 0.753125 0.435417 0.710938 0.437500
10 0.306250 0.481250 0.298438 0.485417 0.289062 0.485417 0.279687 0.489583 0.267188 0.489583 0.254688 0.493750 0.235937 0.493750 0.223438 0.495833 0.210938 0.497917 0.201563 0.500000 0.185938 0.506250 0.178125 0.506250 0.170313 0.508333 0.167187 0.512500 0.167187 0.525000 0.168750 0.527083 0.171875 0.562500 0.171875 0.591667 0.175000 0.612500 0.175000 0.633333 0.176563 0.643750 0.178125 0.656250 0.181250 0.664583 0.198437 0.664583 0.212500 0.662500 0.235937 0.656250 0.245312 0.654167 0.250000 0.650000 0.257812 0.647917 0.267188 0.650000 0.279687 0.647917 0.290625 0.645833 0.301563 0.643750 0.307812 0.639583 0.321875 0.639583 0.332813 0.637500 0.335938 0.635417 0.339062 0.633333 0.340625 0.600000 0.339062 0.593750 0.335938 0.587500 0.334375 0.577083 0.332813 0.564583 0.332813 0.533333 0.329688 0.529167 0.328125 0.525000 0.329688 0.516667 0.326562 0.504167 0.326562 0.491667 0.320312 0.483333 0.317188 0.481250 0.312500 0.481250 0.310937 0.483333 0.306250 0.481250
3 0.754687 0.472917 0.750000 0.477083 0.745313 0.477083 0.742188 0.481250 0.737500 0.481250 0.732812 0.487500 0.726562 0.487500 0.726562 0.493750 0.728125 0.502083 0.729688 0.508333 0.731250 0.514583 0.734375 0.525000 0.737500 0.535417 0.742188 0.550000 0.746875 0.562500 0.750000 0.568750 0.753125 0.575000 0.767188 0.597917 0.776563 0.616667 0.779687 0.625000 0.784375 0.637500 0.789062 0.656250 0.793750 0.672917 0.793750 0.679167 0.804688 0.714583 0.804688 0.720833 0.806250 0.727083 0.815625 0.756250 0.821875 0.781250 0.825000 0.800000 0.828125 0.812500 0.829688 0.818750 0.834375 0.827083 0.837500 0.843750 0.840625 0.854167 0.843750 0.860417 0.850000 0.860417 0.854688 0.854167 0.856250 0.850000 0.856250 0.839583 0.854688 0.833333 0.853125 0.827083 0.837500 0.779167 0.829688 0.752083 0.829688 0.745833 0.825000 0.737500 0.821875 0.725000 0.818750 0.714583 0.814063 0.691667 0.809375 0.681250 0.803125 0.658333 0.798438 0.639583 0.793750 0.618750 0.792188 0.610417 0.790625 0.597917 0.790625 0.552083 0.789062 0.539583 0.784375 0.520833 0.782813 0.516667 0.778125 0.506250 0.773438 0.497917 0.767188 0.487500 0.764062 0.483333 0.762500 0.483333 0.759375 0.477083 0.757812 0.475000 0.754687 0.472917
8 0.132812 0.143750 0.126562 0.145833 0.121875 0.147917 0.118750 0.150000 0.115625 0.152083 0.110937 0.156250 0.104688 0.162500 0.100000 0.168750 0.095312 0.177083 0.092188 0.183333 0.089063 0.193750 0.087500 0.200000 0.085938 0.210417 0.085938 0.235417 0.087500 0.243750 0.089063 0.250000 0.090625 0.256250 0.092188 0.260417 0.095312 0.266667 0.098437 0.272917 0.107813 0.285417 0.114062 0.291667 0.120313 0.295833 0.129688 0.302083 0.137500 0.304167 0.148438 0.310417 0.151562 0.314583 0.156250 0.314583 0.181250 0.327083 0.189062 0.333333 0.196875 0.337500 0.215625 0.345833 0.226562 0.345833 0.232813 0.343750 0.239063 0.341667 0.243750 0.337500 0.250000 0.337500 0.256250 0.335417 0.259375 0.333333 0.262500 0.329167 0.270313 0.316667 0.271875 0.312500 0.273438 0.308333 0.275000 0.300000 0.276562 0.289583 0.276562 0.277083 0.275000 0.264583 0.273438 0.258333 0.271875 0.254167 0.270313 0.250000 0.267188 0.243750 0.257812 0.231250 0.251563 0.227083 0.240625 0.212500 0.237500 0.212500 0.226562 0.197917 0.220312 0.191667 0.212500 0.183333 0.207813 0.181250 0.204687 0.179167 0.203125 0.177083 0.193750 0.162500 0.185938 0.156250 0.176563 0.150000 0.159375 0.143750 0.132812 0.143750
0 0.434375 0.568750 0.431250 0.570833 0.428125 0.575000 0.417187 0.589583 0.412500 0.595833 0.410938 0.602083 0.406250 0.608333 0.406250 0.614583 0.403125 0.620833 0.403125 0.627083 0.404687 0.633333 0.406250 0.637500 0.412500 0.645833 0.412500 0.654167 0.407813 0.668750 0.407813 0.687500 0.409375 0.693750 0.410938 0.697917 0.412500 0.702083 0.417187 0.708333 0.417187 0.720833 0.418750 0.725000 0.435937 0.747917 0.440625 0.752083 0.450000 0.758333 0.456250 0.760417 0.459375 0.762500 0.462500 0.764583 0.467187 0.770833 0.473438 0.770833 0.490625 0.779167 0.509375 0.779167 0.520312 0.775000 0.534375 0.775000 0.542188 0.781250 0.548438 0.781250 0.559375 0.787500 0.573438 0.787500 0.579688 0.791667 0.593750 0.795833 0.615625 0.795833 0.618750 0.793750 0.623437 0.787500 0.628125 0.775000 0.629687 0.768750 0.629687 0.762500 0.626563 0.752083 0.621875 0.750000 0.618750 0.745833 0.620313 0.720833 0.620313 0.710417 0.617188 0.706250 0.609375 0.700000 0.600000 0.700000 0.590625 0.695833 0.576562 0.695833 0.573438 0.693750 0.560937 0.679167 0.556250 0.677083 0.551562 0.672917 0.545312 0.664583 0.540625 0.662500 0.534375 0.656250 0.523438 0.639583 0.521875 0.637500 0.520312 0.637500 0.517188 0.633333 0.509375 0.633333 0.506250 0.631250 0.504687 0.622917 0.503125 0.618750 0.498437 0.610417 0.496875 0.608333 0.490625 0.602083 0.487500 0.600000 0.476562 0.600000 0.473438 0.597917 0.470313 0.593750 0.468750 0.587500 0.467187 0.585417 0.460938 0.579167 0.456250 0.575000 0.446875 0.568750 0.434375 0.568750
16 0.317188 0.322917 0.315625 0.325000 0.307812 0.325000 0.300000 0.329167 0.259375 0.337500 0.253125 0.341667 0.232813 0.347917 0.225000 0.350000 0.203125 0.352083 0.171875 0.360417 0.143750 0.368750 0.137500 0.370833 0.134375 0.375000 0.134375 0.385417 0.137500 0.397917 0.137500 0.410417 0.139063 0.418750 0.142187 0.427083 0.142187 0.439583 0.143750 0.450000 0.151562 0.485417 0.153125 0.495833 0.156250 0.497917 0.160938 0.497917 0.162500 0.495833 0.178125 0.491667 0.187500 0.489583 0.206250 0.487500 0.228125 0.479167 0.257812 0.470833 0.295312 0.460417 0.303125 0.458333 0.310937 0.456250 0.320312 0.456250 0.328125 0.452083 0.339062 0.452083 0.340625 0.450000 0.343750 0.450000 0.345313 0.443750 0.340625 0.431250 0.339062 0.425000 0.335938 0.397917 0.329688 0.375000 0.328125 0.360417 0.328125 0.343750 0.326562 0.329167 0.325000 0.325000 0.317188 0.322917
1 0.760938 0.085417 0.751563 0.093750 0.742188 0.104167 0.737500 0.106250 0.732812 0.112500 0.728125 0.114583 0.715625 0.131250 0.712500 0.139583 0.704688 0.150000 0.704688 0.154167 0.701562 0.158333 0.701562 0.164583 0.703125 0.170833 0.704688 0.175000 0.706250 0.177083 0.715625 0.185417 0.718750 0.189583 0.718750 0.191667 0.721875 0.195833 0.723437 0.195833 0.734375 0.210417 0.737500 0.218750 0.742188 0.227083 0.746875 0.235417 0.756250 0.247917 0.757812 0.254167 0.764062 0.262500 0.767188 0.270833 0.775000 0.281250 0.779687 0.291667 0.787500 0.302083 0.798438 0.320833 0.803125 0.329167 0.804688 0.335417 0.807813 0.341667 0.815625 0.352083 0.818750 0.358333 0.820312 0.366667 0.821875 0.370833 0.826562 0.377083 0.828125 0.385417 0.829688 0.389583 0.834375 0.397917 0.839063 0.404167 0.845313 0.408333 0.848437 0.406250 0.851562 0.404167 0.860938 0.393750 0.864062 0.389583 0.864062 0.387500 0.867188 0.383333 0.870313 0.379167 0.873437 0.375000 0.875000 0.375000 0.879687 0.368750 0.882812 0.362500 0.884375 0.356250 0.889062 0.347917 0.896875 0.337500 0.898438 0.331250 0.896875 0.322917 0.890625 0.322917 0.887500 0.320833 0.873437 0.302083 0.867188 0.287500 0.860938 0.279167 0.856250 0.270833 0.856250 0.266667 0.853125 0.260417 0.846875 0.254167 0.842187 0.245833 0.840625 0.239583 0.839063 0.235417 0.837500 0.233333 0.825000 0.218750 0.825000 0.214583 0.820312 0.208333 0.818750 0.208333 0.810937 0.200000 0.809375 0.197917 0.796875 0.181250 0.793750 0.177083 0.793750 0.172917 0.787500 0.162500 0.770312 0.139583 0.773438 0.122917 0.773438 0.104167 0.771875 0.093750 0.768750 0.087500 0.765625 0.083333 0.760938 0.085417
0 0.590625 0.470833 0.587500 0.472917 0.584375 0.477083 0.581250 0.483333 0.581250 0.489583 0.582812 0.493750 0.587500 0.500000 0.595313 0.516667 0.596875 0.520833 0.598437 0.527083 0.600000 0.533333 0.601562 0.543750 0.600000 0.547917 0.598437 0.552083 0.596875 0.554167 0.595313 0.554167 0.592187 0.558333 0.590625 0.564583 0.592187 0.579167 0.593750 0.583333 0.595313 0.585417 0.598437 0.587500 0.601562 0.589583 0.614062 0.589583 0.620313 0.587500 0.625000 0.585417 0.640625 0.575000 0.645312 0.575000 0.648438 0.572917 0.662500 0.554167 0.664062 0.547917 0.665625 0.539583 0.671875 0.525000 0.673438 0.518750 0.673438 0.506250 0.671875 0.497917 0.670312 0.489583 0.668750 0.483333 0.667188 0.479167 0.665625 0.477083 0.662500 0.475000 0.657813 0.475000 0.650000 0.487500 0.646875 0.491667 0.643750 0.493750 0.629687 0.493750 0.625000 0.491667 0.620313 0.489583 0.610938 0.483333 0.604688 0.477083 0.595313 0.470833 0.590625 0.470833
13 0.376563 0.177083 0.368750 0.179167 0.364063 0.181250 0.359375 0.183333 0.351562 0.187500 0.348438 0.189583 0.343750 0.193750 0.328125 0.214583 0.325000 0.220833 0.323437 0.225000 0.321875 0.229167 0.318750 0.239583 0.317188 0.247917 0.317188 0.285417 0.318750 0.293750 0.320312 0.300000 0.328125 0.320833 0.331250 0.325000 0.332813 0.325000 0.342187 0.339583 0.346875 0.343750 0.351562 0.347917 0.354687 0.350000 0.357812 0.352083 0.365625 0.356250 0.371875 0.358333 0.395313 0.358333 0.403125 0.356250 0.410938 0.352083 0.420312 0.345833 0.425000 0.341667 0.440625 0.320833 0.443750 0.314583 0.448437 0.302083 0.453125 0.287500 0.454688 0.279167 0.454688 0.260417 0.453125 0.252083 0.451562 0.243750 0.450000 0.237500 0.448437 0.231250 0.443750 0.218750 0.440625 0.212500 0.432812 0.202083 0.425000 0.193750 0.420312 0.189583 0.417187 0.187500 0.406250 0.181250 0.400000 0.179167 0.390625 0.177083 0.376563 0.177083
17 0.623437 0.366667 0.626563 0.370833 0.631250 0.372917 0.635938 0.377083 0.640625 0.383333 0.639062 0.395833 0.640625 0.402083 0.643750 0.404167 0.648438 0.406250 0.653125 0.410417 0.659375 0.416667 0.667188 0.406250 0.675000 0.402083 0.675000 0.397917 0.671875 0.387500 0.668750 0.385417 0.660937 0.385417 0.650000 0.381250 0.640625 0.377083 0.635938 0.375000 0.629687 0.368750 0.626563 0.366667 0.623437 0.366667
17 0.525000 0.166667 0.523438 0.172917 0.523438 0.187500 0.518750 0.197917 0.518750 0.206250 0.510938 0.210417 0.509375 0.204167 0.506250 0.200000 0.504687 0.195833 0.504687 0.191667 0.503125 0.187500 0.496875 0.177083 0.495312 0.170833 0.492188 0.166667 0.487500 0.166667 0.485938 0.170833 0.485938 0.175000 0.487500 0.177083 0.487500 0.183333 0.490625 0.187500 0.492188 0.197917 0.498437 0.212500 0.501563 0.225000 0.500000 0.231250 0.496875 0.231250 0.493750 0.229167 0.475000 0.204167 0.468750 0.204167 0.468750 0.210417 0.470313 0.214583 0.475000 0.222917 0.476562 0.225000 0.484375 0.233333 0.487500 0.239583 0.487500 0.245833 0.489063 0.247917 0.489063 0.252083 0.487500 0.256250 0.485938 0.258333 0.479687 0.262500 0.473438 0.260417 0.470313 0.262500 0.471875 0.272917 0.465625 0.281250 0.462500 0.281250 0.459375 0.283333 0.457813 0.285417 0.457813 0.287500 0.454688 0.291667 0.453125 0.297917 0.453125 0.306250 0.454688 0.314583 0.456250 0.318750 0.462500 0.329167 0.459375 0.333333 0.454688 0.335417 0.448437 0.341667 0.442188 0.347917 0.435937 0.358333 0.429688 0.364583 0.423438 0.370833 0.414062 0.377083 0.407813 0.385417 0.409375 0.397917 0.412500 0.400000 0.415625 0.400000 0.425000 0.393750 0.429688 0.389583 0.440625 0.377083 0.446875 0.372917 0.457813 0.366667 0.462500 0.362500 0.465625 0.360417 0.467187 0.356250 0.468750 0.356250 0.476562 0.347917 0.481250 0.347917 0.484375 0.350000 0.489063 0.356250 0.493750 0.360417 0.503125 0.360417 0.512500 0.354167 0.517188 0.347917 0.523438 0.356250 0.523438 0.362500 0.520312 0.368750 0.520312 0.377083 0.523438 0.377083 0.531250 0.375000 0.535937 0.372917 0.548438 0.356250 0.553125 0.352083 0.554688 0.352083 0.556250 0.350000 0.557813 0.345833 0.559375 0.341667 0.560937 0.327083 0.564063 0.322917 0.567187 0.322917 0.571875 0.325000 0.575000 0.327083 0.579688 0.333333 0.590625 0.339583 0.595313 0.345833 0.604688 0.350000 0.610938 0.356250 0.615625 0.356250 0.610938 0.354167 0.609375 0.352083 0.601562 0.341667 0.598437 0.337500 0.589063 0.322917 0.581250 0.316667 0.578125 0.314583 0.571875 0.312500 0.568750 0.310417 0.564063 0.304167 0.564063 0.297917 0.565625 0.293750 0.568750 0.289583 0.570312 0.285417 0.570312 0.275000 0.567187 0.266667 0.564063 0.262500 0.560937 0.260417 0.554688 0.258333 0.551562 0.254167 0.551562 0.250000 0.553125 0.247917 0.554688 0.239583 0.554688 0.216667 0.550000 0.210417 0.546875 0.210417 0.543750 0.214583 0.543750 0.220833 0.540625 0.229167 0.534375 0.227083 0.532813 0.222917 0.532813 0.168750 0.529687 0.164583 0.525000 0.166667
4 0.737500 0.325000 0.737500 0.327083 0.734375 0.331250 0.732812 0.337500 0.729688 0.343750 0.723437 0.352083 0.721875 0.356250 0.721875 0.368750 0.723437 0.383333 0.725000 0.391667 0.726562 0.397917 0.728125 0.402083 0.732812 0.412500 0.742188 0.425000 0.746875 0.429167 0.750000 0.431250 0.760938 0.435417 0.764062 0.437500 0.767188 0.439583 0.778125 0.454167 0.782813 0.462500 0.785937 0.470833 0.790625 0.485417 0.796875 0.495833 0.809375 0.529167 0.814063 0.539583 0.820312 0.550000 0.823438 0.560417 0.834375 0.583333 0.837500 0.589583 0.851562 0.616667 0.860938 0.631250 0.862500 0.637500 0.865625 0.643750 0.870313 0.652083 0.873437 0.654167 0.876563 0.647917 0.876563 0.643750 0.873437 0.635417 0.868750 0.622917 0.853125 0.587500 0.851562 0.579167 0.843750 0.566667 0.842187 0.558333 0.840625 0.554167 0.834375 0.539583 0.828125 0.529167 0.817187 0.500000 0.796875 0.458333 0.790625 0.443750 0.789062 0.439583 0.787500 0.431250 0.787500 0.412500 0.789062 0.377083 0.785937 0.366667 0.784375 0.362500 0.781250 0.356250 0.776563 0.347917 0.768750 0.337500 0.762500 0.331250 0.753125 0.325000 0.745313 0.322917 0.737500 0.325000
0 0.467187 0.452083 0.457813 0.456250 0.454688 0.460417 0.453125 0.466667 0.450000 0.479167 0.450000 0.489583 0.446875 0.500000 0.445312 0.504167 0.440625 0.512500 0.439063 0.516667 0.439063 0.527083 0.440625 0.533333 0.442188 0.537500 0.446875 0.539583 0.459375 0.543750 0.462500 0.545833 0.464062 0.564583 0.465625 0.570833 0.470313 0.583333 0.473438 0.589583 0.476562 0.589583 0.478125 0.591667 0.490625 0.591667 0.493750 0.589583 0.496875 0.587500 0.503125 0.579167 0.504687 0.579167 0.509375 0.572917 0.509375 0.556250 0.510938 0.547917 0.515625 0.537500 0.514062 0.529167 0.509375 0.520833 0.509375 0.493750 0.507812 0.483333 0.503125 0.477083 0.498437 0.462500 0.495312 0.458333 0.490625 0.454167 0.487500 0.452083 0.467187 0.452083
