0 0.356250 0.639583 0.351562 0.641667 0.346875 0.643750 0.343750 0.645833 0.339062 0.652083 0.351562 0.652083 0.360938 0.656250 0.370312 0.656250 0.371875 0.658333 0.379688 0.658333 0.382812 0.654167 0.385937 0.645833 0.385937 0.641667 0.381250 0.641667 0.365625 0.643750 0.359375 0.639583 0.356250 0.639583
0 0.504687 0.829167 0.501563 0.831250 0.498437 0.833333 0.493750 0.839583 0.489063 0.847917 0.487500 0.852083 0.485938 0.864583 0.485938 0.879167 0.487500 0.887500 0.489063 0.895833 0.492188 0.902083 0.498437 0.910417 0.506250 0.918750 0.520312 0.918750 0.525000 0.916667 0.535937 0.910417 0.548438 0.902083 0.553125 0.897917 0.570312 0.877083 0.578125 0.866667 0.579688 0.862500 0.579688 0.852083 0.578125 0.847917 0.571875 0.843750 0.564063 0.841667 0.560937 0.839583 0.554688 0.833333 0.551562 0.831250 0.546875 0.829167 0.504687 0.829167
0 0.535937 0.758333 0.532813 0.760417 0.528125 0.764583 0.525000 0.768750 0.523438 0.777083 0.523438 0.783333 0.525000 0.785417 0.525000 0.793750 0.526563 0.797917 0.548438 0.827083 0.560937 0.837500 0.565625 0.839583 0.570312 0.841667 0.584375 0.841667 0.587500 0.839583 0.590625 0.835417 0.592187 0.831250 0.592187 0.822917 0.585938 0.800000 0.582812 0.781250 0.579688 0.775000 0.579688 0.768750 0.578125 0.764583 0.575000 0.760417 0.571875 0.758333 0.535937 0.758333
0 0.379688 0.714583 0.379688 0.750000 0.381250 0.764583 0.384375 0.772917 0.384375 0.779167 0.378125 0.787500 0.373437 0.789583 0.367188 0.791667 0.362500 0.791667 0.356250 0.783333 0.353125 0.775000 0.348438 0.766667 0.342187 0.756250 0.332813 0.743750 0.328125 0.741667 0.320312 0.741667 0.315625 0.747917 0.314063 0.752083 0.314063 0.760417 0.315625 0.764583 0.318750 0.768750 0.320312 0.779167 0.326562 0.787500 0.329688 0.789583 0.335938 0.791667 0.342187 0.797917 0.348438 0.800000 0.367188 0.802083 0.373437 0.800000 0.382812 0.793750 0.387500 0.787500 0.387500 0.783333 0.389062 0.779167 0.395313 0.772917 0.396875 0.758333 0.395313 0.750000 0.389062 0.735417 0.385937 0.720833 0.384375 0.716667 0.379688 0.714583
0 0.564063 0.693750 0.554688 0.695833 0.545312 0.697917 0.537500 0.700000 0.525000 0.706250 0.517188 0.710417 0.509375 0.714583 0.500000 0.720833 0.489063 0.729167 0.484375 0.733333 0.479687 0.739583 0.478125 0.739583 0.475000 0.743750 0.473438 0.750000 0.473438 0.762500 0.471875 0.768750 0.470313 0.775000 0.465625 0.789583 0.462500 0.795833 0.454688 0.806250 0.456250 0.812500 0.460938 0.814583 0.473438 0.814583 0.476562 0.812500 0.478125 0.810417 0.479687 0.804167 0.487500 0.793750 0.492188 0.791667 0.498437 0.787500 0.517188 0.779167 0.520312 0.777083 0.521875 0.770833 0.529687 0.760417 0.532813 0.758333 0.535937 0.756250 0.571875 0.756250 0.584375 0.750000 0.592187 0.745833 0.598437 0.737500 0.601562 0.731250 0.603125 0.725000 0.603125 0.714583 0.601562 0.710417 0.600000 0.706250 0.598437 0.704167 0.596875 0.704167 0.593750 0.700000 0.589063 0.700000 0.581250 0.693750 0.564063 0.693750
9 0.467187 0.104167 0.457813 0.106250 0.453125 0.108333 0.442188 0.114583 0.439063 0.116667 0.435937 0.118750 0.429688 0.125000 0.423438 0.133333 0.407813 0.154167 0.398438 0.166667 0.395313 0.172917 0.393750 0.177083 0.393750 0.187500 0.403125 0.200000 0.407813 0.208333 0.409375 0.214583 0.407813 0.229167 0.410938 0.237500 0.410938 0.245833 0.417187 0.264583 0.421875 0.270833 0.423438 0.270833 0.426563 0.275000 0.442188 0.297917 0.448437 0.304167 0.457813 0.310417 0.464062 0.312500 0.470313 0.314583 0.492188 0.314583 0.498437 0.312500 0.506250 0.308333 0.509375 0.306250 0.520312 0.293750 0.523438 0.289583 0.526563 0.281250 0.534375 0.260417 0.540625 0.241667 0.543750 0.227083 0.543750 0.218750 0.543750 0.193750 0.539062 0.168750 0.537500 0.162500 0.534375 0.154167 0.529687 0.141667 0.523438 0.133333 0.523438 0.131250 0.518750 0.125000 0.512500 0.118750 0.504687 0.112500 0.501563 0.110417 0.495312 0.108333 0.489063 0.106250 0.481250 0.104167 0.467187 0.104167
1 0.242188 0.577083 0.242188 0.581250 0.239063 0.587500 0.239063 0.606250 0.235937 0.612500 0.235937 0.618750 0.232813 0.625000 0.232813 0.631250 0.229687 0.641667 0.226562 0.652083 0.225000 0.656250 0.217188 0.670833 0.215625 0.675000 0.215625 0.683333 0.210938 0.691667 0.209375 0.702083 0.206250 0.712500 0.204687 0.716667 0.201563 0.720833 0.200000 0.729167 0.195312 0.735417 0.190625 0.747917 0.189062 0.754167 0.182812 0.787500 0.181250 0.793750 0.179688 0.797917 0.176563 0.802083 0.175000 0.806250 0.175000 0.812500 0.173437 0.818750 0.171875 0.822917 0.167187 0.829167 0.164062 0.839583 0.164062 0.850000 0.159375 0.858333 0.153125 0.866667 0.151562 0.870833 0.148438 0.881250 0.148438 0.893750 0.151562 0.897917 0.156250 0.900000 0.160938 0.902083 0.185938 0.910417 0.193750 0.912500 0.203125 0.914583 0.214062 0.914583 0.231250 0.922917 0.240625 0.922917 0.246875 0.927083 0.251563 0.927083 0.253125 0.922917 0.256250 0.922917 0.260937 0.916667 0.259375 0.885417 0.259375 0.875000 0.260937 0.858333 0.262500 0.850000 0.265625 0.845833 0.267188 0.839583 0.276562 0.804167 0.281250 0.785417 0.282813 0.777083 0.282813 0.762500 0.276562 0.727083 0.276562 0.664583 0.278125 0.641667 0.279687 0.629167 0.282813 0.620833 0.285938 0.600000 0.282813 0.595833 0.279687 0.593750 0.276562 0.593750 0.273438 0.589583 0.270313 0.587500 0.264062 0.585417 0.257812 0.579167 0.250000 0.575000 0.242188 0.577083
0 0.231250 0.400000 0.225000 0.402083 0.220312 0.404167 0.215625 0.406250 0.206250 0.412500 0.201563 0.416667 0.195312 0.422917 0.189062 0.429167 0.181250 0.439583 0.178125 0.445833 0.176563 0.450000 0.176563 0.456250 0.178125 0.472917 0.176563 0.479167 0.173437 0.485417 0.171875 0.491667 0.170313 0.500000 0.170313 0.514583 0.171875 0.522917 0.176563 0.535417 0.176563 0.543750 0.173437 0.552083 0.173437 0.577083 0.176563 0.589583 0.179688 0.602083 0.181250 0.610417 0.184375 0.616667 0.193750 0.629167 0.196875 0.631250 0.206250 0.631250 0.217188 0.622917 0.225000 0.620833 0.232813 0.610417 0.234375 0.606250 0.235937 0.600000 0.235937 0.589583 0.237500 0.583333 0.239063 0.577083 0.240625 0.572917 0.243750 0.568750 0.248438 0.568750 0.250000 0.570833 0.256250 0.568750 0.257812 0.564583 0.259375 0.560417 0.267188 0.535417 0.273438 0.510417 0.282813 0.485417 0.285938 0.475000 0.289062 0.458333 0.289062 0.452083 0.289062 0.450000 0.287500 0.447917 0.284375 0.445833 0.273438 0.439583 0.265625 0.433333 0.257812 0.425000 0.251563 0.416667 0.242188 0.400000 0.239063 0.397917 0.231250 0.400000
0 0.390625 0.641667 0.384375 0.650000 0.384375 0.652083 0.379688 0.658333 0.376563 0.660417 0.367188 0.656250 0.354687 0.654167 0.339062 0.654167 0.334375 0.660417 0.329688 0.662500 0.320312 0.672917 0.315625 0.679167 0.312500 0.689583 0.309375 0.695833 0.300000 0.708333 0.298438 0.718750 0.298438 0.739583 0.303125 0.745833 0.307812 0.750000 0.310937 0.752083 0.314063 0.750000 0.320312 0.739583 0.328125 0.739583 0.331250 0.741667 0.334375 0.743750 0.342187 0.754167 0.359375 0.785417 0.359375 0.787500 0.370312 0.789583 0.379688 0.785417 0.382812 0.781250 0.382812 0.770833 0.378125 0.752083 0.378125 0.714583 0.379688 0.708333 0.381250 0.704167 0.384375 0.700000 0.387500 0.697917 0.390625 0.697917 0.393750 0.695833 0.396875 0.693750 0.400000 0.683333 0.400000 0.675000 0.403125 0.666667 0.403125 0.660417 0.401562 0.658333 0.401562 0.654167 0.403125 0.652083 0.403125 0.645833 0.401562 0.641667 0.390625 0.641667
6 0.851562 0.545833 0.850000 0.550000 0.848437 0.558333 0.848437 0.693750 0.846875 0.750000 0.845313 0.783333 0.842187 0.825000 0.840625 0.845833 0.837500 0.856250 0.837500 0.868750 0.835938 0.877083 0.834375 0.879167 0.835938 0.885417 0.848437 0.887500 0.856250 0.887500 0.859375 0.883333 0.860938 0.866667 0.865625 0.866667 0.867188 0.864583 0.873437 0.862500 0.873437 0.845833 0.870313 0.775000 0.870313 0.770833 0.871875 0.766667 0.870313 0.658333 0.873437 0.637500 0.875000 0.614583 0.875000 0.585417 0.876563 0.564583 0.878125 0.543750 0.879687 0.525000 0.881250 0.522917 0.881250 0.508333 0.851562 0.545833
6 0.776563 0.408333 0.775000 0.410417 0.770312 0.410417 0.770312 0.414583 0.768750 0.416667 0.768750 0.441667 0.767188 0.443750 0.765625 0.470833 0.764062 0.495833 0.764062 0.502083 0.765625 0.504167 0.765625 0.508333 0.765625 0.564583 0.764062 0.581250 0.757812 0.587500 0.756250 0.612500 0.757812 0.781250 0.759375 0.783333 0.759375 0.789583 0.762500 0.785417 0.764062 0.779167 0.764062 0.770833 0.768750 0.754167 0.770312 0.745833 0.770312 0.735417 0.773438 0.725000 0.775000 0.712500 0.776563 0.700000 0.776563 0.679167 0.781250 0.654167 0.781250 0.639583 0.784375 0.625000 0.785937 0.610417 0.785937 0.593750 0.789062 0.577083 0.789062 0.550000 0.784375 0.537500 0.779687 0.531250 0.778125 0.527083 0.776563 0.522917 0.775000 0.514583 0.775000 0.495833 0.779687 0.479167 0.781250 0.470833 0.781250 0.460417 0.782813 0.452083 0.790625 0.422917 0.792188 0.412500 0.789062 0.408333 0.776563 0.408333
6 0.735938 0.408333 0.701562 0.410417 0.698438 0.414583 0.696875 0.443750 0.698438 0.452083 0.696875 0.518750 0.693750 0.572917 0.693750 0.697917 0.693750 0.702083 0.692187 0.775000 0.689063 0.841667 0.689063 0.866667 0.692187 0.870833 0.703125 0.872917 0.729688 0.872917 0.754687 0.875000 0.779687 0.877083 0.792188 0.881250 0.814063 0.881250 0.814063 0.875000 0.814063 0.797917 0.812500 0.772917 0.815625 0.731250 0.817187 0.710417 0.821875 0.662500 0.825000 0.647917 0.826562 0.633333 0.828125 0.616667 0.831250 0.572917 0.831250 0.552083 0.829688 0.545833 0.828125 0.541667 0.825000 0.535417 0.818750 0.535417 0.815625 0.539583 0.807813 0.550000 0.806250 0.554167 0.804688 0.564583 0.803125 0.581250 0.800000 0.616667 0.800000 0.641667 0.796875 0.654167 0.795312 0.670833 0.793750 0.689583 0.789062 0.754167 0.787500 0.777083 0.785937 0.812500 0.785937 0.864583 0.782813 0.872917 0.773438 0.872917 0.767188 0.870833 0.764062 0.868750 0.760938 0.866667 0.754687 0.858333 0.753125 0.854167 0.753125 0.843750 0.750000 0.843750 0.739062 0.850000 0.732812 0.856250 0.729688 0.858333 0.725000 0.858333 0.720313 0.852083 0.718750 0.808333 0.720313 0.802083 0.718750 0.787500 0.720313 0.725000 0.721875 0.691667 0.726562 0.631250 0.726562 0.600000 0.729688 0.589583 0.731250 0.577083 0.732812 0.554167 0.734375 0.531250 0.734375 0.481250 0.739062 0.462500 0.739062 0.450000 0.742188 0.437500 0.740625 0.408333 0.735938 0.408333
4 0.840625 0.383333 0.834375 0.387500 0.832812 0.391667 0.831250 0.397917 0.831250 0.454167 0.828125 0.470833 0.828125 0.491667 0.825000 0.512500 0.825000 0.529167 0.826562 0.533333 0.831250 0.541667 0.832812 0.545833 0.834375 0.554167 0.834375 0.570833 0.831250 0.587500 0.831250 0.610417 0.829688 0.631250 0.828125 0.643750 0.825000 0.656250 0.823438 0.670833 0.821875 0.685417 0.820312 0.702083 0.818750 0.720833 0.817187 0.739583 0.815625 0.762500 0.815625 0.872917 0.818750 0.881250 0.821875 0.883333 0.832812 0.881250 0.834375 0.875000 0.835938 0.866667 0.837500 0.852083 0.839063 0.837500 0.840625 0.820833 0.842187 0.793750 0.843750 0.764583 0.845313 0.716667 0.845313 0.562500 0.846875 0.552083 0.848437 0.547917 0.854688 0.537500 0.862500 0.529167 0.865625 0.525000 0.879687 0.504167 0.881250 0.500000 0.882812 0.493750 0.884375 0.479167 0.884375 0.458333 0.885938 0.456250 0.885938 0.437500 0.884375 0.429167 0.881250 0.414583 0.876563 0.402083 0.868750 0.391667 0.862500 0.385417 0.857812 0.383333 0.840625 0.383333
3 0.801562 0.387500 0.798438 0.393750 0.796875 0.397917 0.795312 0.404167 0.793750 0.412500 0.793750 0.420833 0.785937 0.447917 0.784375 0.456250 0.782813 0.466667 0.782813 0.477083 0.778125 0.495833 0.778125 0.518750 0.779687 0.525000 0.781250 0.529167 0.789062 0.541667 0.790625 0.545833 0.792188 0.554167 0.792188 0.568750 0.790625 0.570833 0.790625 0.587500 0.789062 0.604167 0.787500 0.618750 0.785937 0.633333 0.781250 0.662500 0.778125 0.689583 0.778125 0.706250 0.775000 0.729167 0.773438 0.739583 0.771875 0.750000 0.768750 0.768750 0.767188 0.777083 0.762500 0.793750 0.760938 0.802083 0.760938 0.816667 0.759375 0.831250 0.756250 0.839583 0.756250 0.854167 0.757812 0.860417 0.759375 0.860417 0.762500 0.864583 0.765625 0.866667 0.770312 0.868750 0.778125 0.870833 0.782813 0.868750 0.784375 0.847917 0.784375 0.804167 0.785937 0.768750 0.787500 0.741667 0.789062 0.718750 0.796875 0.643750 0.796875 0.622917 0.798438 0.600000 0.801562 0.587500 0.801562 0.568750 0.803125 0.554167 0.804688 0.550000 0.818750 0.533333 0.821875 0.527083 0.823438 0.520833 0.825000 0.508333 0.826562 0.481250 0.828125 0.454167 0.826562 0.393750 0.820312 0.395833 0.820312 0.400000 0.814063 0.402083 0.814063 0.389583 0.809375 0.391667 0.807813 0.395833 0.803125 0.402083 0.803125 0.400000 0.803125 0.393750 0.801562 0.387500
0 0.515625 0.781250 0.510938 0.783333 0.506250 0.785417 0.495312 0.791667 0.492188 0.793750 0.489063 0.795833 0.482812 0.802083 0.481250 0.804167 0.479687 0.808333 0.479687 0.818750 0.481250 0.822917 0.485938 0.829167 0.490625 0.833333 0.495312 0.835417 0.498437 0.833333 0.503125 0.827083 0.545312 0.825000 0.535937 0.810417 0.525000 0.797917 0.523438 0.793750 0.521875 0.787500 0.521875 0.781250 0.515625 0.781250
5 0.754687 0.339583 0.750000 0.345833 0.748437 0.354167 0.746875 0.385417 0.746875 0.418750 0.743750 0.445833 0.739062 0.468750 0.737500 0.481250 0.735938 0.512500 0.735938 0.547917 0.734375 0.579167 0.732812 0.593750 0.729688 0.600000 0.728125 0.614583 0.728125 0.647917 0.725000 0.677083 0.723437 0.706250 0.721875 0.747917 0.721875 0.850000 0.723437 0.854167 0.728125 0.856250 0.734375 0.852083 0.743750 0.845833 0.751563 0.839583 0.754687 0.835417 0.756250 0.831250 0.757812 0.825000 0.757812 0.802083 0.754687 0.770833 0.754687 0.727083 0.756250 0.641667 0.753125 0.595833 0.753125 0.591667 0.754687 0.585417 0.757812 0.581250 0.762500 0.579167 0.760938 0.554167 0.762500 0.537500 0.760938 0.533333 0.762500 0.481250 0.767188 0.427083 0.767188 0.354167 0.765625 0.343750 0.762500 0.339583 0.759375 0.337500 0.754687 0.339583
12 0.598437 0.220833 0.593750 0.222917 0.589063 0.225000 0.582812 0.229167 0.573438 0.235417 0.564063 0.245833 0.562500 0.252083 0.556250 0.260417 0.551562 0.272917 0.546875 0.291667 0.546875 0.325000 0.548438 0.333333 0.553125 0.350000 0.554688 0.354167 0.556250 0.358333 0.559375 0.364583 0.571875 0.379167 0.579688 0.385417 0.582812 0.387500 0.585938 0.389583 0.590625 0.391667 0.595313 0.393750 0.604688 0.395833 0.617188 0.395833 0.626563 0.393750 0.631250 0.391667 0.635938 0.389583 0.639062 0.387500 0.646875 0.381250 0.651563 0.377083 0.656250 0.370833 0.657813 0.370833 0.660937 0.366667 0.667188 0.356250 0.670312 0.350000 0.675000 0.337500 0.676562 0.331250 0.678125 0.325000 0.678125 0.297917 0.676562 0.289583 0.673438 0.275000 0.668750 0.262500 0.665625 0.256250 0.660937 0.247917 0.654687 0.239583 0.646875 0.233333 0.634375 0.225000 0.629687 0.222917 0.623437 0.220833 0.598437 0.220833
18 0.303125 0.125000 0.293750 0.127083 0.279687 0.133333 0.271875 0.139583 0.243750 0.152083 0.235937 0.156250 0.214062 0.170833 0.182812 0.185417 0.164062 0.197917 0.153125 0.204167 0.145313 0.206250 0.137500 0.212500 0.128125 0.214583 0.123438 0.216667 0.096875 0.235417 0.085938 0.243750 0.081250 0.247917 0.076563 0.256250 0.075000 0.260417 0.075000 0.264583 0.075000 0.270833 0.075000 0.275000 0.076563 0.279167 0.081250 0.285417 0.085938 0.289583 0.089063 0.291667 0.093750 0.293750 0.100000 0.295833 0.107813 0.297917 0.117188 0.297917 0.125000 0.300000 0.132812 0.302083 0.146875 0.306250 0.153125 0.310417 0.159375 0.312500 0.176563 0.312500 0.190625 0.308333 0.196875 0.306250 0.204687 0.302083 0.212500 0.297917 0.229687 0.287500 0.232813 0.285417 0.235937 0.281250 0.237500 0.281250 0.239063 0.279167 0.240625 0.272917 0.245312 0.264583 0.262500 0.241667 0.267188 0.237500 0.271875 0.233333 0.275000 0.231250 0.278125 0.229167 0.289062 0.222917 0.300000 0.218750 0.307812 0.216667 0.331250 0.216667 0.335938 0.214583 0.340625 0.210417 0.345313 0.204167 0.346875 0.200000 0.346875 0.195833 0.345313 0.191667 0.340625 0.185417 0.337500 0.179167 0.335938 0.172917 0.334375 0.162500 0.332813 0.158333 0.325000 0.141667 0.321875 0.135417 0.315625 0.127083 0.312500 0.125000 0.303125 0.125000
14 0.309375 0.220833 0.300000 0.222917 0.293750 0.225000 0.287500 0.227083 0.281250 0.231250 0.268750 0.239583 0.264062 0.243750 0.248438 0.264583 0.243750 0.272917 0.237500 0.287500 0.234375 0.297917 0.232813 0.304167 0.231250 0.314583 0.229687 0.325000 0.229687 0.350000 0.231250 0.360417 0.232813 0.368750 0.235937 0.379167 0.239063 0.387500 0.240625 0.393750 0.245312 0.402083 0.248438 0.408333 0.250000 0.410417 0.251563 0.410417 0.253125 0.412500 0.262500 0.427083 0.267188 0.431250 0.271875 0.435417 0.278125 0.439583 0.284375 0.441667 0.287500 0.445833 0.293750 0.447917 0.300000 0.450000 0.314063 0.452083 0.323437 0.452083 0.339062 0.450000 0.348438 0.447917 0.354687 0.445833 0.359375 0.443750 0.364063 0.441667 0.367188 0.439583 0.370312 0.435417 0.373437 0.435417 0.378125 0.431250 0.384375 0.425000 0.389062 0.418750 0.396875 0.406250 0.400000 0.400000 0.401562 0.395833 0.404687 0.385417 0.406250 0.379167 0.407813 0.372917 0.409375 0.362500 0.409375 0.352083 0.412500 0.347917 0.420312 0.345833 0.437500 0.343750 0.445312 0.341667 0.448437 0.339583 0.453125 0.333333 0.453125 0.318750 0.448437 0.312500 0.445312 0.310417 0.431250 0.310417 0.429688 0.312500 0.412500 0.314583 0.406250 0.314583 0.403125 0.310417 0.401562 0.306250 0.398438 0.291667 0.396875 0.287500 0.395313 0.283333 0.390625 0.272917 0.385937 0.264583 0.371875 0.245833 0.365625 0.239583 0.359375 0.235417 0.350000 0.229167 0.345313 0.227083 0.340625 0.225000 0.334375 0.222917 0.323437 0.220833 0.309375 0.220833
0 0.540625 0.625000 0.532813 0.627083 0.528125 0.629167 0.517188 0.635417 0.514062 0.637500 0.507812 0.643750 0.504687 0.645833 0.496875 0.647917 0.493750 0.650000 0.487500 0.656250 0.481250 0.660417 0.473438 0.660417 0.470313 0.662500 0.464062 0.668750 0.459375 0.670833 0.445312 0.672917 0.439063 0.675000 0.432812 0.677083 0.428125 0.679167 0.415625 0.685417 0.412500 0.687500 0.409375 0.691667 0.407813 0.691667 0.406250 0.700000 0.410938 0.708333 0.420312 0.718750 0.428125 0.727083 0.431250 0.729167 0.445312 0.729167 0.453125 0.718750 0.456250 0.716667 0.462500 0.716667 0.468750 0.725000 0.476562 0.725000 0.481250 0.722917 0.489063 0.716667 0.493750 0.714583 0.504687 0.712500 0.507812 0.710417 0.510938 0.708333 0.531250 0.693750 0.537500 0.687500 0.545312 0.679167 0.548438 0.675000 0.553125 0.668750 0.557813 0.656250 0.557813 0.637500 0.550000 0.627083 0.546875 0.625000 0.540625 0.625000
0 0.535937 0.554167 0.526563 0.558333 0.512500 0.558333 0.507812 0.562500 0.501563 0.564583 0.490625 0.564583 0.485938 0.566667 0.481250 0.568750 0.464062 0.577083 0.459375 0.581250 0.456250 0.581250 0.453125 0.583333 0.450000 0.587500 0.446875 0.593750 0.435937 0.606250 0.432812 0.612500 0.431250 0.618750 0.431250 0.633333 0.432812 0.637500 0.439063 0.645833 0.442188 0.647917 0.454688 0.647917 0.462500 0.645833 0.468750 0.641667 0.475000 0.641667 0.479687 0.639583 0.484375 0.635417 0.500000 0.629167 0.506250 0.627083 0.515625 0.625000 0.525000 0.622917 0.546875 0.622917 0.554688 0.618750 0.565625 0.618750 0.573438 0.616667 0.578125 0.614583 0.581250 0.612500 0.589063 0.602083 0.590625 0.597917 0.592187 0.591667 0.592187 0.581250 0.590625 0.575000 0.584375 0.566667 0.575000 0.560417 0.570312 0.558333 0.562500 0.556250 0.553125 0.556250 0.545312 0.552083 0.535937 0.554167
0 0.457813 0.504167 0.451562 0.506250 0.443750 0.510417 0.435937 0.514583 0.429688 0.518750 0.420312 0.525000 0.412500 0.531250 0.404687 0.537500 0.400000 0.541667 0.395313 0.545833 0.389062 0.552083 0.367188 0.581250 0.360938 0.593750 0.357812 0.600000 0.356250 0.606250 0.354687 0.612500 0.354687 0.627083 0.356250 0.631250 0.357812 0.635417 0.359375 0.637500 0.362500 0.639583 0.367188 0.641667 0.376563 0.641667 0.384375 0.639583 0.393750 0.633333 0.404687 0.620833 0.414062 0.608333 0.428125 0.595833 0.435937 0.589583 0.443750 0.585417 0.451562 0.577083 0.462500 0.572917 0.468750 0.566667 0.479687 0.562500 0.482812 0.560417 0.487500 0.556250 0.492188 0.552083 0.495312 0.545833 0.496875 0.541667 0.498437 0.533333 0.498437 0.522917 0.496875 0.516667 0.493750 0.512500 0.490625 0.510417 0.487500 0.508333 0.482812 0.506250 0.478125 0.504167 0.457813 0.504167
0 0.368750 0.812500 0.365625 0.814583 0.365625 0.820833 0.367188 0.831250 0.368750 0.835417 0.371875 0.839583 0.373437 0.839583 0.375000 0.841667 0.376563 0.845833 0.373437 0.852083 0.373437 0.862500 0.375000 0.866667 0.376563 0.870833 0.384375 0.881250 0.389062 0.883333 0.393750 0.889583 0.396875 0.891667 0.400000 0.893750 0.412500 0.893750 0.415625 0.891667 0.418750 0.889583 0.425000 0.879167 0.428125 0.872917 0.431250 0.868750 0.434375 0.866667 0.437500 0.866667 0.442188 0.862500 0.445312 0.856250 0.446875 0.852083 0.448437 0.845833 0.448437 0.841667 0.448437 0.825000 0.446875 0.816667 0.437500 0.816667 0.435937 0.818750 0.426563 0.818750 0.421875 0.814583 0.415625 0.812500 0.400000 0.814583 0.368750 0.812500
0 0.396875 0.695833 0.389062 0.700000 0.385937 0.702083 0.384375 0.704167 0.384375 0.706250 0.382812 0.710417 0.384375 0.714583 0.387500 0.720833 0.389062 0.731250 0.393750 0.739583 0.395313 0.745833 0.398438 0.758333 0.400000 0.766667 0.396875 0.775000 0.390625 0.781250 0.389062 0.785417 0.389062 0.793750 0.392188 0.802083 0.395313 0.806250 0.400000 0.810417 0.418750 0.810417 0.428125 0.814583 0.431250 0.816667 0.445312 0.814583 0.451562 0.806250 0.451562 0.804167 0.457813 0.797917 0.459375 0.795833 0.460938 0.791667 0.462500 0.787500 0.462500 0.783333 0.470313 0.764583 0.471875 0.754167 0.471875 0.739583 0.470313 0.731250 0.468750 0.727083 0.467187 0.725000 0.464062 0.720833 0.460938 0.718750 0.456250 0.718750 0.453125 0.720833 0.450000 0.725000 0.450000 0.729167 0.446875 0.733333 0.434375 0.733333 0.431250 0.731250 0.426563 0.727083 0.420312 0.720833 0.401562 0.695833 0.396875 0.695833
