0 0.200000 0.693750 0.196875 0.695833 0.193750 0.697917 0.190625 0.702083 0.190625 0.708333 0.189062 0.712500 0.181250 0.716667 0.167187 0.716667 0.157812 0.714583 0.150000 0.712500 0.145313 0.710417 0.140625 0.706250 0.135937 0.704167 0.131250 0.702083 0.126562 0.702083 0.123438 0.704167 0.120313 0.708333 0.117188 0.714583 0.114062 0.720833 0.114062 0.729167 0.131250 0.752083 0.134375 0.758333 0.137500 0.764583 0.142187 0.777083 0.142187 0.785417 0.137500 0.797917 0.134375 0.802083 0.132812 0.802083 0.131250 0.812500 0.132812 0.818750 0.135937 0.822917 0.146875 0.822917 0.153125 0.827083 0.157812 0.825000 0.165625 0.820833 0.168750 0.822917 0.175000 0.818750 0.176563 0.814583 0.178125 0.808333 0.173437 0.802083 0.173437 0.791667 0.175000 0.787500 0.184375 0.775000 0.187500 0.772917 0.193750 0.772917 0.200000 0.779167 0.207813 0.779167 0.209375 0.777083 0.212500 0.777083 0.214062 0.772917 0.214062 0.750000 0.215625 0.747917 0.217188 0.722917 0.217188 0.712500 0.215625 0.708333 0.214062 0.704167 0.212500 0.702083 0.210938 0.702083 0.207813 0.697917 0.204687 0.695833 0.200000 0.693750
0 0.254688 0.577083 0.246875 0.579167 0.243750 0.581250 0.237500 0.587500 0.231250 0.597917 0.229687 0.602083 0.229687 0.606250 0.231250 0.610417 0.232813 0.614583 0.235937 0.620833 0.243750 0.631250 0.248438 0.635417 0.265625 0.645833 0.271875 0.656250 0.282813 0.664583 0.289062 0.672917 0.292187 0.675000 0.300000 0.675000 0.303125 0.672917 0.306250 0.670833 0.310937 0.666667 0.314063 0.662500 0.320312 0.647917 0.321875 0.641667 0.321875 0.616667 0.320312 0.610417 0.318750 0.606250 0.317188 0.602083 0.312500 0.595833 0.304688 0.589583 0.301563 0.587500 0.293750 0.583333 0.289062 0.581250 0.284375 0.579167 0.273438 0.577083 0.254688 0.577083
0 0.267188 0.660417 0.256250 0.668750 0.237500 0.685417 0.231250 0.687500 0.228125 0.689583 0.225000 0.691667 0.223438 0.697917 0.225000 0.704167 0.228125 0.710417 0.232813 0.733333 0.234375 0.737500 0.235937 0.741667 0.239063 0.747917 0.242188 0.752083 0.245312 0.754167 0.250000 0.756250 0.253125 0.756250 0.256250 0.754167 0.257812 0.750000 0.260937 0.743750 0.267188 0.722917 0.271875 0.714583 0.276562 0.697917 0.278125 0.691667 0.278125 0.681250 0.275000 0.670833 0.273438 0.666667 0.271875 0.662500 0.267188 0.660417
0 0.360938 0.652083 0.350000 0.654167 0.343750 0.656250 0.340625 0.658333 0.337500 0.660417 0.335938 0.662500 0.335938 0.664583 0.332813 0.668750 0.331250 0.672917 0.329688 0.683333 0.328125 0.695833 0.328125 0.710417 0.329688 0.727083 0.331250 0.735417 0.332813 0.741667 0.334375 0.747917 0.339062 0.760417 0.346875 0.770833 0.351562 0.775000 0.360938 0.775000 0.364063 0.775000 0.367188 0.772917 0.370312 0.768750 0.370312 0.766667 0.375000 0.760417 0.376563 0.756250 0.378125 0.752083 0.382812 0.735417 0.384375 0.729167 0.384375 0.712500 0.379688 0.693750 0.379688 0.683333 0.378125 0.677083 0.376563 0.670833 0.375000 0.666667 0.373437 0.662500 0.368750 0.656250 0.365625 0.654167 0.360938 0.652083
0 0.240625 0.758333 0.237500 0.762500 0.234375 0.772917 0.231250 0.777083 0.228125 0.779167 0.209375 0.781250 0.201563 0.781250 0.196875 0.779167 0.193750 0.775000 0.185938 0.775000 0.182812 0.777083 0.178125 0.783333 0.176563 0.787500 0.175000 0.791667 0.175000 0.800000 0.179688 0.808333 0.179688 0.814583 0.173437 0.827083 0.176563 0.831250 0.182812 0.835417 0.181250 0.839583 0.178125 0.845833 0.176563 0.852083 0.176563 0.868750 0.178125 0.877083 0.182812 0.883333 0.185938 0.885417 0.189062 0.887500 0.193750 0.889583 0.207813 0.889583 0.215625 0.883333 0.220312 0.883333 0.223438 0.881250 0.225000 0.879167 0.226562 0.875000 0.228125 0.868750 0.232813 0.862500 0.235937 0.862500 0.242188 0.856250 0.243750 0.852083 0.245312 0.841667 0.245312 0.833333 0.243750 0.816667 0.245312 0.802083 0.254688 0.789583 0.257812 0.787500 0.264062 0.787500 0.264062 0.783333 0.265625 0.781250 0.265625 0.775000 0.264062 0.770833 0.262500 0.766667 0.260937 0.764583 0.257812 0.762500 0.253125 0.760417 0.246875 0.758333 0.240625 0.758333
4 0.409375 0.229167 0.406250 0.231250 0.403125 0.233333 0.398438 0.239583 0.395313 0.245833 0.393750 0.250000 0.392188 0.254167 0.389062 0.264583 0.387500 0.277083 0.387500 0.295833 0.389062 0.300000 0.390625 0.304167 0.395313 0.312500 0.407813 0.329167 0.409375 0.333333 0.410938 0.337500 0.410938 0.375000 0.409375 0.420833 0.407813 0.460417 0.406250 0.483333 0.404687 0.485417 0.404687 0.502083 0.407813 0.500000 0.415625 0.487500 0.417187 0.483333 0.418750 0.477083 0.418750 0.472917 0.417187 0.339583 0.418750 0.335417 0.423438 0.327083 0.428125 0.320833 0.429688 0.320833 0.432812 0.316667 0.439063 0.300000 0.439063 0.266667 0.437500 0.258333 0.432812 0.245833 0.429688 0.239583 0.426563 0.235417 0.421875 0.231250 0.418750 0.229167 0.409375 0.229167
4 0.767188 0.425000 0.762500 0.427083 0.759375 0.429167 0.751563 0.439583 0.746875 0.447917 0.743750 0.454167 0.742188 0.458333 0.740625 0.464583 0.739062 0.470833 0.739062 0.483333 0.740625 0.487500 0.746875 0.502083 0.753125 0.512500 0.754687 0.522917 0.756250 0.527083 0.760938 0.535417 0.762500 0.539583 0.765625 0.550000 0.771875 0.579167 0.773438 0.585417 0.782813 0.606250 0.784375 0.616667 0.785937 0.629167 0.787500 0.650000 0.787500 0.672917 0.792188 0.708333 0.793750 0.745833 0.795312 0.764583 0.800000 0.804167 0.803125 0.827083 0.804688 0.837500 0.809375 0.866667 0.810937 0.875000 0.815625 0.897917 0.821875 0.922917 0.823438 0.927083 0.828125 0.933333 0.831250 0.933333 0.840625 0.931250 0.843750 0.929167 0.843750 0.904167 0.839063 0.879167 0.835938 0.839583 0.832812 0.816667 0.829688 0.793750 0.828125 0.783333 0.821875 0.743750 0.815625 0.708333 0.812500 0.691667 0.807813 0.675000 0.806250 0.666667 0.806250 0.658333 0.803125 0.650000 0.800000 0.631250 0.796875 0.612500 0.795312 0.602083 0.795312 0.579167 0.801562 0.562500 0.804688 0.558333 0.810937 0.541667 0.812500 0.535417 0.812500 0.493750 0.810937 0.483333 0.809375 0.475000 0.807813 0.466667 0.806250 0.460417 0.804688 0.456250 0.801562 0.450000 0.795312 0.441667 0.795312 0.439583 0.790625 0.433333 0.785937 0.429167 0.782813 0.427083 0.779687 0.425000 0.767188 0.425000
3 0.825000 0.475000 0.823438 0.477083 0.814063 0.477083 0.812500 0.483333 0.815625 0.506250 0.814063 0.533333 0.814063 0.537500 0.815625 0.552083 0.817187 0.562500 0.821875 0.581250 0.826562 0.591667 0.829688 0.602083 0.831250 0.610417 0.834375 0.627083 0.835938 0.639583 0.837500 0.658333 0.839063 0.691667 0.840625 0.725000 0.842187 0.760417 0.843750 0.841667 0.845313 0.875000 0.846875 0.883333 0.848437 0.889583 0.853125 0.895833 0.859375 0.895833 0.862500 0.891667 0.864062 0.887500 0.864062 0.879167 0.865625 0.877083 0.865625 0.870833 0.864062 0.841667 0.859375 0.797917 0.857812 0.775000 0.856250 0.752083 0.856250 0.720833 0.854688 0.691667 0.851562 0.664583 0.851562 0.618750 0.853125 0.606250 0.854688 0.595833 0.856250 0.585417 0.859375 0.577083 0.860938 0.568750 0.862500 0.556250 0.862500 0.520833 0.860938 0.506250 0.859375 0.497917 0.857812 0.489583 0.856250 0.483333 0.853125 0.475000 0.825000 0.475000
6 0.809375 0.552083 0.809375 0.554167 0.806250 0.558333 0.801562 0.568750 0.796875 0.581250 0.796875 0.597917 0.798438 0.608333 0.800000 0.618750 0.803125 0.637500 0.809375 0.670833 0.812500 0.679167 0.818750 0.712500 0.823438 0.739583 0.826562 0.758333 0.835938 0.816667 0.837500 0.839583 0.840625 0.850000 0.842187 0.858333 0.842187 0.816667 0.840625 0.768750 0.839063 0.731250 0.837500 0.695833 0.835938 0.662500 0.834375 0.641667 0.832812 0.631250 0.831250 0.620833 0.829688 0.612500 0.828125 0.604167 0.825000 0.593750 0.820312 0.583333 0.815625 0.564583 0.814063 0.556250 0.814063 0.550000 0.809375 0.552083
6 0.859375 0.472917 0.857812 0.475000 0.853125 0.475000 0.857812 0.481250 0.859375 0.487500 0.860938 0.495833 0.862500 0.506250 0.864062 0.518750 0.864062 0.558333 0.862500 0.568750 0.857812 0.587500 0.856250 0.597917 0.854688 0.608333 0.853125 0.620833 0.853125 0.660417 0.857812 0.747917 0.859375 0.772917 0.862500 0.795833 0.862500 0.818750 0.865625 0.839583 0.867188 0.872917 0.865625 0.889583 0.862500 0.893750 0.862500 0.895833 0.853125 0.897917 0.850000 0.895833 0.845313 0.889583 0.845313 0.885417 0.846875 0.912500 0.846875 0.929167 0.843750 0.933333 0.834375 0.935417 0.826562 0.935417 0.821875 0.929167 0.820312 0.925000 0.814063 0.900000 0.812500 0.891667 0.812500 0.883333 0.809375 0.875000 0.807813 0.866667 0.801562 0.825000 0.798438 0.802083 0.795312 0.775000 0.793750 0.760417 0.792188 0.743750 0.790625 0.727083 0.785937 0.672917 0.785937 0.650000 0.784375 0.633333 0.782813 0.618750 0.781250 0.610417 0.779687 0.608333 0.778125 0.604167 0.778125 0.670833 0.776563 0.685417 0.775000 0.697917 0.773438 0.708333 0.768750 0.729167 0.765625 0.739583 0.762500 0.750000 0.751563 0.779167 0.743750 0.795833 0.739062 0.802083 0.735938 0.808333 0.734375 0.814583 0.734375 0.820833 0.735938 0.850000 0.740625 0.906250 0.740625 0.935417 0.742188 0.937500 0.742188 0.945833 0.745313 0.947917 0.753125 0.947917 0.782813 0.943750 0.909375 0.941667 0.910937 0.933333 0.912500 0.925000 0.912500 0.877083 0.909375 0.833333 0.906250 0.812500 0.904687 0.787500 0.903125 0.762500 0.901563 0.731250 0.895312 0.593750 0.895312 0.556250 0.893750 0.529167 0.892188 0.500000 0.890625 0.485417 0.889062 0.481250 0.887500 0.479167 0.884375 0.477083 0.881250 0.475000 0.875000 0.472917 0.859375 0.472917
15 0.196875 0.347917 0.190625 0.350000 0.184375 0.352083 0.179688 0.354167 0.162500 0.364583 0.157812 0.370833 0.151562 0.375000 0.143750 0.387500 0.139063 0.395833 0.135937 0.402083 0.131250 0.414583 0.129688 0.422917 0.128125 0.437500 0.128125 0.470833 0.129688 0.479167 0.131250 0.485417 0.137500 0.502083 0.143750 0.510417 0.148438 0.520833 0.150000 0.522917 0.151562 0.522917 0.156250 0.527083 0.160938 0.533333 0.167187 0.537500 0.175000 0.543750 0.179688 0.545833 0.189062 0.550000 0.206250 0.552083 0.217188 0.552083 0.226562 0.550000 0.232813 0.547917 0.237500 0.545833 0.242188 0.543750 0.250000 0.539583 0.259375 0.533333 0.270313 0.518750 0.273438 0.512500 0.276562 0.502083 0.282813 0.491667 0.285938 0.481250 0.287500 0.475000 0.289062 0.464583 0.290625 0.452083 0.290625 0.429167 0.289062 0.420833 0.287500 0.414583 0.285938 0.410417 0.282813 0.404167 0.279687 0.397917 0.273438 0.387500 0.270313 0.383333 0.257812 0.368750 0.253125 0.364583 0.246875 0.360417 0.237500 0.354167 0.232813 0.352083 0.228125 0.350000 0.220312 0.347917 0.196875 0.347917
12 0.304688 0.179167 0.293750 0.181250 0.287500 0.183333 0.282813 0.185417 0.273438 0.191667 0.268750 0.195833 0.257812 0.210417 0.256250 0.216667 0.251563 0.222917 0.248438 0.231250 0.243750 0.243750 0.242188 0.250000 0.242188 0.297917 0.243750 0.304167 0.246875 0.314583 0.248438 0.318750 0.257812 0.337500 0.262500 0.343750 0.267188 0.345833 0.276562 0.358333 0.281250 0.362500 0.284375 0.364583 0.290625 0.366667 0.293750 0.370833 0.296875 0.372917 0.307812 0.375000 0.310937 0.375000 0.325000 0.372917 0.335938 0.368750 0.346875 0.362500 0.350000 0.360417 0.354687 0.356250 0.359375 0.352083 0.371875 0.335417 0.376563 0.327083 0.379688 0.320833 0.381250 0.316667 0.384375 0.306250 0.385937 0.297917 0.385937 0.256250 0.382812 0.241667 0.376563 0.225000 0.373437 0.218750 0.357812 0.197917 0.351562 0.191667 0.339062 0.183333 0.332813 0.181250 0.323437 0.179167 0.304688 0.179167
7 0.110937 0.060417 0.103125 0.062500 0.095312 0.068750 0.090625 0.068750 0.079687 0.066667 0.073438 0.068750 0.060937 0.077083 0.054688 0.085417 0.051562 0.091667 0.050000 0.095833 0.048438 0.104167 0.048438 0.127083 0.053125 0.141667 0.053125 0.168750 0.054688 0.177083 0.056250 0.183333 0.059375 0.193750 0.060937 0.197917 0.065625 0.208333 0.068750 0.214583 0.085938 0.237500 0.092188 0.243750 0.096875 0.247917 0.101562 0.252083 0.104688 0.254167 0.120313 0.260417 0.128125 0.268750 0.134375 0.272917 0.143750 0.279167 0.150000 0.281250 0.159375 0.281250 0.164062 0.283333 0.168750 0.287500 0.173437 0.293750 0.176563 0.295833 0.179688 0.297917 0.185938 0.300000 0.192188 0.302083 0.200000 0.304167 0.223438 0.306250 0.226562 0.306250 0.234375 0.304167 0.237500 0.300000 0.235937 0.285417 0.235937 0.281250 0.237500 0.264583 0.239063 0.250000 0.240625 0.241667 0.243750 0.231250 0.245312 0.227083 0.251563 0.216667 0.253125 0.212500 0.253125 0.187500 0.251563 0.183333 0.250000 0.179167 0.246875 0.172917 0.243750 0.170833 0.240625 0.162500 0.235937 0.156250 0.221875 0.141667 0.220312 0.139583 0.217188 0.133333 0.209375 0.122917 0.192188 0.100000 0.189062 0.095833 0.181250 0.087500 0.175000 0.081250 0.170313 0.077083 0.157812 0.068750 0.143750 0.062500 0.137500 0.060417 0.110937 0.060417
18 0.509375 0.072917 0.507812 0.075000 0.504687 0.075000 0.503125 0.079167 0.501563 0.089583 0.501563 0.102083 0.496875 0.125000 0.495312 0.143750 0.492188 0.145833 0.489063 0.145833 0.485938 0.147917 0.484375 0.152083 0.484375 0.177083 0.487500 0.206250 0.487500 0.247917 0.484375 0.268750 0.484375 0.297917 0.487500 0.300000 0.492188 0.300000 0.495312 0.304167 0.496875 0.308333 0.498437 0.325000 0.498437 0.337500 0.500000 0.347917 0.501563 0.358333 0.504687 0.366667 0.526563 0.366667 0.535937 0.364583 0.568750 0.354167 0.579688 0.352083 0.590625 0.350000 0.606250 0.347917 0.623437 0.345833 0.676562 0.345833 0.707812 0.343750 0.710938 0.339583 0.712500 0.333333 0.712500 0.281250 0.714063 0.241667 0.715625 0.212500 0.718750 0.185417 0.720313 0.129167 0.720313 0.118750 0.717187 0.108333 0.712500 0.106250 0.704688 0.104167 0.693750 0.102083 0.682813 0.100000 0.670312 0.097917 0.631250 0.091667 0.604688 0.089583 0.592187 0.087500 0.556250 0.081250 0.532813 0.075000 0.520312 0.072917 0.509375 0.072917
0 0.318750 0.668750 0.309375 0.672917 0.287500 0.687500 0.282813 0.691667 0.278125 0.697917 0.276562 0.702083 0.275000 0.710417 0.275000 0.743750 0.278125 0.756250 0.278125 0.768750 0.279687 0.777083 0.281250 0.781250 0.282813 0.785417 0.284375 0.787500 0.287500 0.789583 0.293750 0.793750 0.303125 0.793750 0.307812 0.791667 0.312500 0.789583 0.315625 0.787500 0.318750 0.785417 0.323437 0.779167 0.328125 0.766667 0.329688 0.758333 0.331250 0.750000 0.331250 0.741667 0.326562 0.720833 0.328125 0.685417 0.328125 0.675000 0.325000 0.670833 0.321875 0.668750 0.318750 0.668750
0 0.257812 0.789583 0.254688 0.791667 0.246875 0.802083 0.245312 0.812500 0.245312 0.852083 0.240625 0.858333 0.232813 0.864583 0.228125 0.870833 0.228125 0.875000 0.223438 0.883333 0.218750 0.885417 0.215625 0.887500 0.215625 0.891667 0.220312 0.895833 0.221875 0.902083 0.225000 0.908333 0.229687 0.912500 0.234375 0.916667 0.237500 0.918750 0.245312 0.920833 0.248438 0.925000 0.260937 0.925000 0.264062 0.922917 0.268750 0.918750 0.281250 0.904167 0.296875 0.891667 0.306250 0.879167 0.307812 0.875000 0.309375 0.862500 0.309375 0.852083 0.306250 0.841667 0.296875 0.841667 0.292187 0.839583 0.289062 0.837500 0.279687 0.825000 0.275000 0.822917 0.271875 0.818750 0.268750 0.812500 0.267188 0.808333 0.265625 0.800000 0.264062 0.789583 0.257812 0.789583
0 0.487500 0.706250 0.484375 0.708333 0.479687 0.716667 0.470313 0.727083 0.470313 0.733333 0.471875 0.737500 0.478125 0.741667 0.481250 0.741667 0.485938 0.735417 0.485938 0.733333 0.489063 0.729167 0.492188 0.729167 0.495312 0.727083 0.496875 0.725000 0.498437 0.720833 0.498437 0.712500 0.493750 0.706250 0.487500 0.706250
0 0.545312 0.641667 0.542188 0.641667 0.539062 0.645833 0.540625 0.658333 0.543750 0.660417 0.550000 0.660417 0.553125 0.656250 0.553125 0.645833 0.551562 0.641667 0.548438 0.639583 0.545312 0.641667
0 0.621875 0.443750 0.618750 0.445833 0.615625 0.450000 0.612500 0.452083 0.606250 0.452083 0.603125 0.456250 0.600000 0.458333 0.590625 0.460417 0.585938 0.460417 0.571875 0.460417 0.568750 0.458333 0.565625 0.454167 0.554688 0.456250 0.551562 0.456250 0.540625 0.452083 0.537500 0.452083 0.534375 0.456250 0.534375 0.458333 0.529687 0.464583 0.520312 0.462500 0.515625 0.462500 0.504687 0.464583 0.500000 0.466667 0.496875 0.470833 0.496875 0.475000 0.493750 0.479167 0.489063 0.479167 0.482812 0.483333 0.481250 0.487500 0.481250 0.495833 0.476562 0.504167 0.476562 0.506250 0.475000 0.510417 0.468750 0.512500 0.465625 0.514583 0.462500 0.518750 0.460938 0.522917 0.462500 0.531250 0.459375 0.535417 0.457813 0.535417 0.453125 0.541667 0.451562 0.547917 0.453125 0.556250 0.450000 0.560417 0.446875 0.560417 0.443750 0.564583 0.442188 0.568750 0.442188 0.577083 0.450000 0.587500 0.451562 0.591667 0.453125 0.595833 0.453125 0.602083 0.448437 0.610417 0.446875 0.622917 0.445312 0.622917 0.443750 0.625000 0.442188 0.629167 0.442188 0.639583 0.445312 0.645833 0.445312 0.656250 0.442188 0.660417 0.442188 0.662500 0.440625 0.664583 0.439063 0.664583 0.437500 0.675000 0.439063 0.679167 0.443750 0.685417 0.443750 0.693750 0.445312 0.697917 0.453125 0.700000 0.456250 0.702083 0.460938 0.710417 0.465625 0.712500 0.468750 0.710417 0.473438 0.704167 0.471875 0.689583 0.475000 0.681250 0.485938 0.681250 0.492188 0.679167 0.489063 0.687500 0.489063 0.693750 0.490625 0.697917 0.493750 0.702083 0.500000 0.702083 0.503125 0.700000 0.504687 0.695833 0.506250 0.689583 0.503125 0.681250 0.501563 0.681250 0.500000 0.677083 0.506250 0.668750 0.506250 0.658333 0.512500 0.652083 0.512500 0.647917 0.521875 0.635417 0.526563 0.633333 0.531250 0.633333 0.535937 0.629167 0.539062 0.629167 0.542188 0.633333 0.548438 0.633333 0.553125 0.627083 0.554688 0.622917 0.554688 0.618750 0.553125 0.614583 0.548438 0.602083 0.556250 0.593750 0.573438 0.593750 0.578125 0.602083 0.579688 0.604167 0.582812 0.606250 0.589063 0.606250 0.592187 0.604167 0.593750 0.600000 0.593750 0.595833 0.590625 0.589583 0.593750 0.585417 0.595313 0.585417 0.596875 0.583333 0.600000 0.575000 0.604688 0.568750 0.610938 0.568750 0.614062 0.570833 0.617188 0.575000 0.617188 0.579167 0.620313 0.583333 0.621875 0.583333 0.625000 0.587500 0.625000 0.600000 0.628125 0.604167 0.631250 0.606250 0.637500 0.606250 0.645312 0.595833 0.653125 0.593750 0.654687 0.614583 0.656250 0.631250 0.664062 0.639583 0.665625 0.652083 0.670312 0.658333 0.679688 0.658333 0.684375 0.650000 0.682813 0.645833 0.678125 0.639583 0.673438 0.637500 0.675000 0.627083 0.670312 0.618750 0.670312 0.614583 0.673438 0.606250 0.675000 0.606250 0.679688 0.606250 0.681250 0.612500 0.684375 0.616667 0.690625 0.616667 0.693750 0.616667 0.696875 0.612500 0.698438 0.608333 0.698438 0.600000 0.695312 0.595833 0.695312 0.587500 0.698438 0.581250 0.698438 0.575000 0.692187 0.566667 0.689063 0.566667 0.685937 0.562500 0.685937 0.558333 0.689063 0.554167 0.689063 0.539583 0.685937 0.535417 0.679688 0.535417 0.675000 0.529167 0.675000 0.527083 0.671875 0.522917 0.670312 0.522917 0.667188 0.518750 0.667188 0.514583 0.668750 0.502083 0.665625 0.497917 0.662500 0.497917 0.657813 0.491667 0.657813 0.487500 0.654687 0.483333 0.651563 0.483333 0.648438 0.479167 0.648438 0.475000 0.646875 0.470833 0.643750 0.466667 0.631250 0.464583 0.631250 0.458333 0.632812 0.456250 0.632812 0.452083 0.631250 0.447917 0.629687 0.445833 0.626563 0.443750 0.621875 0.443750
0 0.332813 0.747917 0.331250 0.756250 0.329688 0.758333 0.328125 0.770833 0.326562 0.775000 0.315625 0.789583 0.310937 0.791667 0.303125 0.795833 0.293750 0.795833 0.285938 0.789583 0.282813 0.789583 0.282813 0.816667 0.287500 0.829167 0.292187 0.835417 0.296875 0.837500 0.309375 0.837500 0.314063 0.835417 0.329688 0.812500 0.331250 0.810417 0.332813 0.810417 0.334375 0.808333 0.342187 0.793750 0.350000 0.783333 0.350000 0.775000 0.337500 0.760417 0.332813 0.747917
0 0.600000 0.589583 0.607812 0.591667 0.614062 0.593750 0.617188 0.595833 0.620313 0.597917 0.625000 0.604167 0.629687 0.608333 0.635938 0.610417 0.640625 0.614583 0.646875 0.620833 0.654687 0.631250 0.659375 0.639583 0.662500 0.643750 0.664062 0.654167 0.670312 0.662500 0.671875 0.666667 0.673438 0.677083 0.673438 0.714583 0.671875 0.722917 0.670312 0.733333 0.668750 0.737500 0.667188 0.741667 0.659375 0.758333 0.654687 0.764583 0.654687 0.766667 0.651563 0.770833 0.643750 0.779167 0.637500 0.785417 0.629687 0.791667 0.626563 0.793750 0.623437 0.795833 0.615625 0.800000 0.610938 0.802083 0.595313 0.802083 0.593750 0.804167 0.579688 0.804167 0.573438 0.802083 0.568750 0.800000 0.564063 0.795833 0.559375 0.795833 0.556250 0.791667 0.548438 0.789583 0.543750 0.785417 0.537500 0.779167 0.529687 0.766667 0.523438 0.756250 0.521875 0.752083 0.521875 0.747917 0.518750 0.743750 0.514062 0.725000 0.512500 0.714583 0.510938 0.706250 0.510938 0.689583 0.512500 0.675000 0.515625 0.656250 0.517188 0.647917 0.521875 0.639583 0.523438 0.637500 0.526563 0.635417 0.537500 0.635417 0.540625 0.639583 0.542188 0.641667 0.537500 0.650000 0.539062 0.660417 0.542188 0.662500 0.545312 0.664583 0.548438 0.664583 0.551562 0.662500 0.554688 0.658333 0.554688 0.645833 0.553125 0.641667 0.551562 0.639583 0.550000 0.639583 0.545312 0.639583 0.543750 0.639583 0.542188 0.641667 0.540625 0.639583 0.548438 0.637500 0.551562 0.635417 0.553125 0.633333 0.554688 0.629167 0.556250 0.625000 0.556250 0.616667 0.553125 0.610417 0.553125 0.606250 0.554688 0.602083 0.560937 0.597917 0.570312 0.595833 0.576562 0.597917 0.578125 0.604167 0.581250 0.608333 0.589063 0.608333 0.593750 0.602083 0.593750 0.589583 0.600000 0.589583
0 0.196875 0.606250 0.193750 0.608333 0.184375 0.620833 0.182812 0.629167 0.182812 0.643750 0.184375 0.652083 0.185938 0.660417 0.187500 0.666667 0.193750 0.683333 0.196875 0.687500 0.200000 0.687500 0.204687 0.691667 0.214062 0.689583 0.215625 0.691667 0.223438 0.691667 0.228125 0.689583 0.237500 0.683333 0.259375 0.666667 0.262500 0.662500 0.267188 0.660417 0.268750 0.656250 0.267188 0.652083 0.264062 0.647917 0.257812 0.643750 0.250000 0.637500 0.246875 0.637500 0.240625 0.631250 0.234375 0.627083 0.225000 0.622917 0.218750 0.618750 0.209375 0.610417 0.206250 0.608333 0.203125 0.606250 0.196875 0.606250
