0 0.812500 0.581250 0.810937 0.585417 0.810937 0.591667 0.815625 0.604167 0.818750 0.608333 0.818750 0.629167 0.817187 0.635417 0.815625 0.639583 0.807813 0.652083 0.804688 0.658333 0.803125 0.662500 0.801562 0.668750 0.801562 0.681250 0.795312 0.689583 0.785937 0.695833 0.778125 0.697917 0.770312 0.697917 0.764062 0.695833 0.760938 0.693750 0.757812 0.691667 0.756250 0.689583 0.756250 0.687500 0.750000 0.677083 0.746875 0.666667 0.746875 0.660417 0.743750 0.656250 0.740625 0.660417 0.735938 0.664583 0.732812 0.666667 0.729688 0.668750 0.718750 0.668750 0.707812 0.672917 0.696875 0.670833 0.693750 0.670833 0.690625 0.672917 0.687500 0.675000 0.681250 0.683333 0.679688 0.689583 0.676562 0.693750 0.668750 0.693750 0.664062 0.695833 0.659375 0.697917 0.656250 0.700000 0.653125 0.702083 0.648438 0.706250 0.642188 0.714583 0.640625 0.718750 0.639062 0.725000 0.639062 0.731250 0.643750 0.743750 0.645312 0.756250 0.646875 0.762500 0.653125 0.779167 0.660937 0.789583 0.664062 0.791667 0.673438 0.791667 0.675000 0.789583 0.682813 0.789583 0.685937 0.791667 0.692187 0.800000 0.692187 0.802083 0.698438 0.810417 0.701562 0.812500 0.704688 0.814583 0.712500 0.816667 0.723437 0.814583 0.728125 0.814583 0.735938 0.820833 0.740625 0.820833 0.746875 0.816667 0.757812 0.814583 0.770312 0.806250 0.776563 0.800000 0.782813 0.791667 0.792188 0.785417 0.803125 0.770833 0.812500 0.756250 0.814063 0.752083 0.815625 0.747917 0.820312 0.733333 0.820312 0.725000 0.823438 0.714583 0.825000 0.710417 0.831250 0.702083 0.832812 0.702083 0.842187 0.691667 0.843750 0.689583 0.848437 0.681250 0.851562 0.672917 0.856250 0.664583 0.865625 0.652083 0.870313 0.643750 0.875000 0.635417 0.879687 0.622917 0.879687 0.614583 0.878125 0.608333 0.876563 0.604167 0.871875 0.595833 0.854688 0.593750 0.834375 0.595833 0.825000 0.589583 0.821875 0.583333 0.818750 0.581250 0.812500 0.581250
17 0.170313 0.589583 0.171875 0.593750 0.173437 0.595833 0.176563 0.597917 0.179688 0.600000 0.187500 0.602083 0.190625 0.604167 0.198437 0.614583 0.206250 0.618750 0.209375 0.622917 0.209375 0.627083 0.206250 0.631250 0.204687 0.631250 0.192188 0.645833 0.179688 0.656250 0.168750 0.668750 0.159375 0.681250 0.159375 0.685417 0.165625 0.693750 0.173437 0.697917 0.176563 0.695833 0.179688 0.691667 0.195312 0.693750 0.195312 0.704167 0.196875 0.708333 0.201563 0.714583 0.204687 0.720833 0.204687 0.727083 0.203125 0.731250 0.201563 0.735417 0.195312 0.743750 0.192188 0.750000 0.189062 0.756250 0.187500 0.764583 0.184375 0.772917 0.178125 0.781250 0.175000 0.783333 0.168750 0.781250 0.165625 0.783333 0.162500 0.787500 0.162500 0.791667 0.154688 0.804167 0.153125 0.808333 0.154688 0.812500 0.157812 0.816667 0.164062 0.825000 0.168750 0.825000 0.170313 0.822917 0.175000 0.822917 0.176563 0.825000 0.182812 0.825000 0.189062 0.816667 0.193750 0.808333 0.196875 0.797917 0.193750 0.793750 0.195312 0.787500 0.198437 0.781250 0.209375 0.766667 0.215625 0.752083 0.220312 0.745833 0.220312 0.743750 0.223438 0.739583 0.245312 0.739583 0.251563 0.737500 0.256250 0.731250 0.257812 0.727083 0.259375 0.720833 0.259375 0.716667 0.256250 0.708333 0.256250 0.704167 0.260937 0.697917 0.265625 0.693750 0.273438 0.689583 0.278125 0.683333 0.282813 0.683333 0.285938 0.679167 0.285938 0.672917 0.285938 0.650000 0.289062 0.650000 0.293750 0.652083 0.312500 0.666667 0.317188 0.664583 0.318750 0.652083 0.317188 0.647917 0.312500 0.641667 0.307812 0.637500 0.304688 0.635417 0.300000 0.635417 0.296875 0.631250 0.293750 0.631250 0.290625 0.627083 0.289062 0.627083 0.287500 0.625000 0.285938 0.620833 0.285938 0.616667 0.284375 0.612500 0.278125 0.604167 0.273438 0.600000 0.270313 0.597917 0.267188 0.595833 0.260937 0.593750 0.246875 0.593750 0.242188 0.602083 0.235937 0.604167 0.229687 0.600000 0.223438 0.600000 0.210938 0.602083 0.206250 0.600000 0.201563 0.597917 0.196875 0.593750 0.182812 0.587500 0.170313 0.589583
16 0.782813 0.020833 0.779687 0.022917 0.767188 0.035417 0.754687 0.043750 0.746875 0.045833 0.742188 0.052083 0.732812 0.058333 0.728125 0.062500 0.726562 0.064583 0.726562 0.066667 0.714063 0.081250 0.707812 0.085417 0.701562 0.091667 0.700000 0.095833 0.700000 0.100000 0.706250 0.116667 0.715625 0.158333 0.723437 0.185417 0.726562 0.195833 0.728125 0.200000 0.731250 0.206250 0.737500 0.214583 0.743750 0.229167 0.765625 0.266667 0.775000 0.285417 0.778125 0.295833 0.782813 0.302083 0.782813 0.304167 0.785937 0.308333 0.798438 0.308333 0.812500 0.306250 0.821875 0.310417 0.828125 0.312500 0.834375 0.314583 0.854688 0.318750 0.860938 0.320833 0.865625 0.322917 0.871875 0.329167 0.878125 0.337500 0.882812 0.341667 0.890625 0.345833 0.895312 0.341667 0.900000 0.339583 0.907813 0.327083 0.904687 0.320833 0.901563 0.316667 0.896875 0.314583 0.884375 0.295833 0.885938 0.264583 0.884375 0.260417 0.878125 0.252083 0.878125 0.239583 0.876563 0.235417 0.875000 0.231250 0.871875 0.227083 0.870313 0.222917 0.867188 0.206250 0.865625 0.202083 0.864062 0.197917 0.860938 0.193750 0.859375 0.189583 0.857812 0.185417 0.843750 0.143750 0.834375 0.125000 0.834375 0.120833 0.823438 0.093750 0.817187 0.079167 0.810937 0.066667 0.796875 0.037500 0.792188 0.031250 0.789062 0.025000 0.789062 0.022917 0.782813 0.020833
5 0.423438 0.856250 0.426563 0.860417 0.426563 0.856250 0.423438 0.856250
5 0.485938 0.585417 0.484375 0.589583 0.479687 0.595833 0.475000 0.604167 0.471875 0.610417 0.467187 0.622917 0.464062 0.633333 0.464062 0.641667 0.460938 0.643750 0.459375 0.647917 0.456250 0.654167 0.454688 0.660417 0.453125 0.666667 0.453125 0.683333 0.451562 0.693750 0.448437 0.700000 0.448437 0.718750 0.443750 0.750000 0.442188 0.766667 0.440625 0.783333 0.440625 0.800000 0.439063 0.820833 0.434375 0.841667 0.434375 0.852083 0.432812 0.854167 0.432812 0.862500 0.434375 0.872917 0.435937 0.877083 0.446875 0.891667 0.453125 0.897917 0.459375 0.902083 0.464062 0.900000 0.465625 0.893750 0.468750 0.879167 0.470313 0.868750 0.473438 0.841667 0.475000 0.825000 0.476562 0.804167 0.478125 0.779167 0.479687 0.752083 0.481250 0.714583 0.482812 0.679167 0.482812 0.631250 0.484375 0.600000 0.485938 0.597917 0.485938 0.585417
5 0.478125 0.385417 0.473438 0.391667 0.471875 0.400000 0.468750 0.414583 0.467187 0.422917 0.465625 0.437500 0.460938 0.495833 0.459375 0.516667 0.459375 0.537500 0.457813 0.556250 0.456250 0.577083 0.453125 0.589583 0.451562 0.602083 0.453125 0.620833 0.459375 0.612500 0.462500 0.602083 0.468750 0.593750 0.471875 0.587500 0.475000 0.577083 0.481250 0.568750 0.482812 0.562500 0.487500 0.547917 0.489063 0.541667 0.489063 0.504167 0.489063 0.414583 0.489063 0.391667 0.484375 0.385417 0.478125 0.385417
3 0.543750 0.389583 0.540625 0.391667 0.535937 0.397917 0.532813 0.406250 0.526563 0.414583 0.523438 0.425000 0.515625 0.437500 0.510938 0.447917 0.507812 0.458333 0.501563 0.472917 0.496875 0.479167 0.492188 0.489583 0.490625 0.495833 0.490625 0.543750 0.485938 0.558333 0.484375 0.562500 0.478125 0.577083 0.475000 0.583333 0.465625 0.597917 0.462500 0.608333 0.459375 0.614583 0.453125 0.622917 0.450000 0.631250 0.443750 0.647917 0.437500 0.660417 0.425000 0.683333 0.418750 0.700000 0.414062 0.706250 0.407813 0.722917 0.393750 0.750000 0.387500 0.758333 0.381250 0.770833 0.375000 0.783333 0.371875 0.789583 0.370312 0.797917 0.371875 0.804167 0.379688 0.814583 0.382812 0.816667 0.385937 0.818750 0.396875 0.816667 0.398438 0.812500 0.400000 0.808333 0.401562 0.800000 0.404687 0.795833 0.406250 0.791667 0.406250 0.785417 0.410938 0.770833 0.414062 0.760417 0.418750 0.745833 0.423438 0.731250 0.434375 0.702083 0.450000 0.662500 0.459375 0.643750 0.465625 0.629167 0.467187 0.620833 0.475000 0.602083 0.478125 0.595833 0.484375 0.587500 0.485938 0.577083 0.489063 0.572917 0.489063 0.568750 0.493750 0.562500 0.495312 0.556250 0.498437 0.550000 0.507812 0.537500 0.514062 0.537500 0.518750 0.535417 0.521875 0.533333 0.528125 0.525000 0.528125 0.522917 0.535937 0.512500 0.537500 0.508333 0.537500 0.504167 0.543750 0.493750 0.545312 0.485417 0.548438 0.481250 0.550000 0.477083 0.551562 0.472917 0.560937 0.445833 0.570312 0.416667 0.570312 0.408333 0.564063 0.406250 0.564063 0.402083 0.560937 0.402083 0.556250 0.400000 0.553125 0.393750 0.548438 0.393750 0.543750 0.389583
6 0.450000 0.664583 0.448437 0.668750 0.446875 0.683333 0.445312 0.689583 0.439063 0.700000 0.439063 0.704167 0.426563 0.731250 0.420312 0.750000 0.417187 0.764583 0.410938 0.779167 0.407813 0.793750 0.403125 0.808333 0.401562 0.812500 0.400000 0.816667 0.395313 0.822917 0.384375 0.820833 0.379688 0.820833 0.379688 0.839583 0.381250 0.845833 0.382812 0.850000 0.404687 0.850000 0.407813 0.854167 0.412500 0.862500 0.418750 0.864583 0.429688 0.862500 0.432812 0.858333 0.434375 0.854167 0.435937 0.841667 0.437500 0.827083 0.442188 0.781250 0.442188 0.760417 0.443750 0.739583 0.450000 0.704167 0.451562 0.687500 0.453125 0.672917 0.453125 0.668750 0.453125 0.662500 0.450000 0.664583
6 0.496875 0.568750 0.493750 0.570833 0.490625 0.575000 0.489063 0.579167 0.487500 0.587500 0.485938 0.612500 0.484375 0.635417 0.482812 0.677083 0.482812 0.720833 0.481250 0.758333 0.479687 0.781250 0.476562 0.804167 0.475000 0.827083 0.476562 0.845833 0.481250 0.845833 0.487500 0.843750 0.496875 0.839583 0.504687 0.839583 0.510938 0.837500 0.517188 0.835417 0.521875 0.833333 0.525000 0.831250 0.526563 0.829167 0.528125 0.825000 0.528125 0.812500 0.526563 0.797917 0.521875 0.762500 0.515625 0.729167 0.512500 0.706250 0.510938 0.693750 0.510938 0.681250 0.509375 0.668750 0.496875 0.583333 0.496875 0.568750
6 0.454688 0.456250 0.453125 0.458333 0.445312 0.460417 0.432812 0.462500 0.407813 0.464583 0.396875 0.466667 0.385937 0.468750 0.379688 0.470833 0.376563 0.472917 0.375000 0.477083 0.373437 0.485417 0.370312 0.489583 0.367188 0.491667 0.359375 0.493750 0.356250 0.495833 0.354687 0.500000 0.353125 0.529167 0.353125 0.564583 0.357812 0.585417 0.360938 0.612500 0.362500 0.627083 0.365625 0.662500 0.365625 0.681250 0.370312 0.718750 0.371875 0.737500 0.371875 0.758333 0.373437 0.768750 0.376563 0.772917 0.382812 0.764583 0.389062 0.750000 0.398438 0.735417 0.410938 0.710417 0.418750 0.693750 0.425000 0.677083 0.429688 0.670833 0.432812 0.660417 0.437500 0.654167 0.440625 0.647917 0.446875 0.633333 0.448437 0.629167 0.448437 0.610417 0.453125 0.581250 0.454688 0.564583 0.459375 0.506250 0.460938 0.483333 0.459375 0.456250 0.454688 0.456250
1 0.634375 0.154167 0.629687 0.164583 0.621875 0.175000 0.617188 0.183333 0.610938 0.193750 0.606250 0.204167 0.604688 0.208333 0.603125 0.212500 0.601562 0.218750 0.601562 0.222917 0.609375 0.231250 0.610938 0.233333 0.618750 0.245833 0.621875 0.254167 0.626563 0.266667 0.628125 0.275000 0.629687 0.289583 0.632812 0.293750 0.637500 0.297917 0.646875 0.306250 0.651563 0.310417 0.670312 0.325000 0.700000 0.354167 0.704688 0.356250 0.710938 0.364583 0.714063 0.366667 0.754687 0.366667 0.765625 0.368750 0.771875 0.370833 0.778125 0.375000 0.792188 0.377083 0.800000 0.381250 0.807813 0.379167 0.809375 0.375000 0.809375 0.370833 0.814063 0.360417 0.814063 0.354167 0.817187 0.347917 0.818750 0.337500 0.818750 0.333333 0.815625 0.329167 0.806250 0.331250 0.800000 0.329167 0.793750 0.327083 0.789062 0.325000 0.784375 0.322917 0.781250 0.320833 0.776563 0.316667 0.750000 0.287500 0.740625 0.279167 0.731250 0.272917 0.717187 0.260417 0.712500 0.254167 0.707812 0.252083 0.703125 0.247917 0.692187 0.235417 0.687500 0.233333 0.682813 0.229167 0.676562 0.220833 0.670312 0.216667 0.659375 0.210417 0.654687 0.204167 0.653125 0.200000 0.653125 0.185417 0.650000 0.175000 0.645312 0.164583 0.639062 0.152083 0.634375 0.154167
7 0.437500 0.147917 0.429688 0.150000 0.420312 0.156250 0.415625 0.160417 0.406250 0.172917 0.401562 0.177083 0.398438 0.179167 0.395313 0.181250 0.385937 0.181250 0.379688 0.179167 0.370312 0.172917 0.367188 0.168750 0.364063 0.166667 0.360938 0.164583 0.354687 0.162500 0.340625 0.162500 0.318750 0.168750 0.306250 0.170833 0.276562 0.172917 0.262500 0.177083 0.248438 0.179167 0.232813 0.179167 0.223438 0.183333 0.217188 0.181250 0.201563 0.183333 0.195312 0.185417 0.185938 0.191667 0.179688 0.200000 0.176563 0.206250 0.176563 0.220833 0.171875 0.231250 0.171875 0.252083 0.173437 0.258333 0.179688 0.266667 0.181250 0.270833 0.181250 0.281250 0.178125 0.287500 0.178125 0.293750 0.179688 0.295833 0.179688 0.304167 0.181250 0.310417 0.182812 0.314583 0.192188 0.329167 0.203125 0.343750 0.210938 0.345833 0.229687 0.345833 0.250000 0.343750 0.259375 0.339583 0.271875 0.339583 0.284375 0.335417 0.306250 0.335417 0.315625 0.331250 0.340625 0.331250 0.353125 0.327083 0.365625 0.327083 0.371875 0.325000 0.381250 0.318750 0.385937 0.314583 0.390625 0.308333 0.395313 0.304167 0.398438 0.302083 0.401562 0.300000 0.414062 0.300000 0.417187 0.300000 0.425000 0.306250 0.437500 0.312500 0.460938 0.312500 0.476562 0.310417 0.490625 0.304167 0.493750 0.302083 0.504687 0.287500 0.506250 0.283333 0.507812 0.268750 0.509375 0.262500 0.515625 0.245833 0.532813 0.222917 0.539062 0.216667 0.543750 0.214583 0.550000 0.212500 0.556250 0.212500 0.562500 0.210417 0.564063 0.208333 0.567187 0.208333 0.567187 0.193750 0.565625 0.187500 0.564063 0.183333 0.548438 0.181250 0.539062 0.187500 0.532813 0.187500 0.528125 0.183333 0.521875 0.175000 0.514062 0.170833 0.509375 0.164583 0.501563 0.162500 0.493750 0.156250 0.479687 0.150000 0.473438 0.147917 0.437500 0.147917
19 0.567187 0.212500 0.557813 0.214583 0.550000 0.216667 0.545312 0.218750 0.535937 0.225000 0.531250 0.229167 0.518750 0.245833 0.512500 0.262500 0.510938 0.268750 0.509375 0.275000 0.507812 0.285417 0.507812 0.331250 0.509375 0.335417 0.512500 0.339583 0.514062 0.347917 0.525000 0.364583 0.532813 0.375000 0.545312 0.383333 0.554688 0.387500 0.560937 0.387500 0.562500 0.385417 0.570312 0.385417 0.575000 0.383333 0.582812 0.377083 0.587500 0.372917 0.596875 0.360417 0.604688 0.354167 0.614062 0.341667 0.617188 0.335417 0.620313 0.327083 0.625000 0.314583 0.626563 0.306250 0.626563 0.281250 0.625000 0.270833 0.620313 0.256250 0.618750 0.252083 0.617188 0.247917 0.601562 0.227083 0.595313 0.220833 0.592187 0.218750 0.587500 0.216667 0.582812 0.214583 0.570312 0.212500 0.567187 0.212500
0 0.312500 0.333333 0.307812 0.335417 0.304688 0.337500 0.290625 0.354167 0.284375 0.358333 0.276562 0.368750 0.268750 0.375000 0.242188 0.404167 0.229687 0.420833 0.217188 0.433333 0.203125 0.452083 0.201563 0.452083 0.185938 0.470833 0.184375 0.472917 0.181250 0.479167 0.179688 0.479167 0.176563 0.483333 0.175000 0.487500 0.175000 0.502083 0.176563 0.518750 0.178125 0.525000 0.179688 0.529167 0.185938 0.537500 0.190625 0.539583 0.198437 0.547917 0.204687 0.558333 0.210938 0.562500 0.217188 0.570833 0.223438 0.577083 0.226562 0.577083 0.231250 0.581250 0.234375 0.585417 0.239063 0.589583 0.259375 0.589583 0.265625 0.591667 0.270313 0.595833 0.281250 0.600000 0.295312 0.604167 0.304688 0.602083 0.304688 0.589583 0.301563 0.579167 0.300000 0.564583 0.301563 0.556250 0.304688 0.554167 0.312500 0.552083 0.320312 0.547917 0.326562 0.539583 0.331250 0.537500 0.337500 0.529167 0.339062 0.522917 0.343750 0.516667 0.346875 0.510417 0.348438 0.506250 0.350000 0.502083 0.351562 0.489583 0.354687 0.485417 0.356250 0.485417 0.360938 0.479167 0.368750 0.475000 0.368750 0.458333 0.370312 0.456250 0.370312 0.406250 0.368750 0.397917 0.364063 0.379167 0.362500 0.375000 0.359375 0.368750 0.354687 0.360417 0.342187 0.343750 0.337500 0.339583 0.334375 0.337500 0.329688 0.335417 0.318750 0.333333 0.312500 0.333333
0 0.659375 0.470833 0.657813 0.472917 0.653125 0.472917 0.648438 0.477083 0.640625 0.483333 0.631250 0.495833 0.626563 0.508333 0.621875 0.522917 0.617188 0.545833 0.615625 0.556250 0.614062 0.570833 0.612500 0.587500 0.614062 0.600000 0.612500 0.616667 0.614062 0.637500 0.615625 0.647917 0.618750 0.656250 0.618750 0.664583 0.620313 0.668750 0.621875 0.672917 0.628125 0.683333 0.632812 0.687500 0.646875 0.687500 0.650000 0.685417 0.653125 0.683333 0.657813 0.677083 0.659375 0.672917 0.660937 0.668750 0.660937 0.616667 0.657813 0.612500 0.650000 0.608333 0.646875 0.604167 0.646875 0.593750 0.648438 0.589583 0.650000 0.585417 0.654687 0.579167 0.657813 0.577083 0.665625 0.575000 0.667188 0.570833 0.671875 0.550000 0.673438 0.531250 0.678125 0.514583 0.678125 0.491667 0.676562 0.487500 0.675000 0.483333 0.668750 0.475000 0.662500 0.470833 0.659375 0.470833
0 0.770312 0.454167 0.753125 0.460417 0.750000 0.462500 0.746875 0.464583 0.740625 0.472917 0.735938 0.477083 0.731250 0.481250 0.728125 0.483333 0.725000 0.483333 0.721875 0.485417 0.710938 0.500000 0.701562 0.506250 0.676562 0.539583 0.671875 0.552083 0.670312 0.558333 0.668750 0.566667 0.668750 0.579167 0.671875 0.581250 0.676562 0.583333 0.698438 0.585417 0.706250 0.585417 0.710938 0.583333 0.715625 0.579167 0.718750 0.575000 0.718750 0.558333 0.723437 0.552083 0.739062 0.552083 0.742188 0.550000 0.750000 0.543750 0.754687 0.537500 0.768750 0.529167 0.776563 0.520833 0.784375 0.514583 0.792188 0.510417 0.795312 0.508333 0.796875 0.506250 0.798438 0.502083 0.800000 0.495833 0.807813 0.485417 0.807813 0.475000 0.806250 0.466667 0.804688 0.462500 0.800000 0.456250 0.796875 0.454167 0.770312 0.454167
0 0.767188 0.545833 0.762500 0.547917 0.757812 0.550000 0.746875 0.564583 0.746875 0.568750 0.753125 0.577083 0.756250 0.587500 0.756250 0.600000 0.750000 0.610417 0.750000 0.612500 0.748437 0.614583 0.739062 0.625000 0.737500 0.631250 0.737500 0.637500 0.739062 0.645833 0.745313 0.652083 0.746875 0.654167 0.748437 0.658333 0.748437 0.664583 0.751563 0.675000 0.753125 0.679167 0.757812 0.689583 0.760938 0.691667 0.764062 0.693750 0.768750 0.695833 0.778125 0.695833 0.787500 0.693750 0.795312 0.687500 0.798438 0.683333 0.800000 0.679167 0.800000 0.664583 0.801562 0.660417 0.803125 0.656250 0.814063 0.639583 0.817187 0.629167 0.817187 0.612500 0.815625 0.606250 0.814063 0.600000 0.812500 0.595833 0.804688 0.583333 0.803125 0.579167 0.803125 0.572917 0.801562 0.566667 0.795312 0.558333 0.790625 0.554167 0.787500 0.552083 0.782813 0.552083 0.778125 0.550000 0.775000 0.545833 0.767188 0.545833
0 0.725000 0.554167 0.721875 0.556250 0.720313 0.577083 0.720313 0.579167 0.718750 0.581250 0.717187 0.581250 0.714063 0.585417 0.710938 0.587500 0.704688 0.589583 0.700000 0.589583 0.679688 0.587500 0.664062 0.581250 0.656250 0.581250 0.653125 0.585417 0.650000 0.593750 0.648438 0.600000 0.650000 0.604167 0.657813 0.608333 0.675000 0.620833 0.679688 0.625000 0.684375 0.631250 0.684375 0.641667 0.682813 0.643750 0.682813 0.652083 0.685937 0.660417 0.689063 0.664583 0.692187 0.666667 0.695312 0.668750 0.700000 0.668750 0.701562 0.670833 0.704688 0.670833 0.706250 0.668750 0.712500 0.666667 0.728125 0.666667 0.732812 0.664583 0.739062 0.658333 0.740625 0.654167 0.740625 0.650000 0.735938 0.643750 0.734375 0.639583 0.734375 0.629167 0.735938 0.625000 0.743750 0.614583 0.745313 0.614583 0.751563 0.606250 0.753125 0.602083 0.754687 0.597917 0.754687 0.589583 0.753125 0.583333 0.751563 0.577083 0.743750 0.564583 0.740625 0.560417 0.735938 0.556250 0.732812 0.554167 0.725000 0.554167
0 0.807813 0.489583 0.801562 0.497917 0.800000 0.502083 0.800000 0.506250 0.795312 0.512500 0.793750 0.516667 0.792188 0.525000 0.792188 0.533333 0.793750 0.537500 0.795312 0.541667 0.800000 0.550000 0.804688 0.558333 0.807813 0.562500 0.809375 0.562500 0.810937 0.564583 0.828125 0.589583 0.831250 0.591667 0.835938 0.593750 0.848437 0.593750 0.859375 0.589583 0.871875 0.589583 0.875000 0.587500 0.876563 0.585417 0.878125 0.581250 0.879687 0.575000 0.879687 0.566667 0.881250 0.560417 0.882812 0.552083 0.887500 0.545833 0.889062 0.545833 0.892188 0.541667 0.893750 0.537500 0.893750 0.531250 0.892188 0.527083 0.889062 0.522917 0.882812 0.520833 0.868750 0.520833 0.856250 0.518750 0.850000 0.514583 0.848437 0.508333 0.845313 0.504167 0.839063 0.500000 0.829688 0.493750 0.825000 0.491667 0.817187 0.489583 0.807813 0.489583
