3 0.710938 0.408333 0.700000 0.425000 0.698438 0.427083 0.656250 0.479167 0.654687 0.481250 0.653125 0.487500 0.650000 0.491667 0.643750 0.506250 0.642188 0.510417 0.642188 0.520833 0.640625 0.525000 0.639062 0.529167 0.635938 0.535417 0.618750 0.558333 0.604688 0.575000 0.596875 0.581250 0.560937 0.627083 0.512500 0.691667 0.496875 0.714583 0.489063 0.729167 0.468750 0.756250 0.467187 0.760417 0.468750 0.768750 0.476562 0.777083 0.479687 0.777083 0.482812 0.775000 0.490625 0.766667 0.500000 0.756250 0.520312 0.731250 0.554688 0.685417 0.567187 0.666667 0.579688 0.647917 0.589063 0.633333 0.595313 0.620833 0.607812 0.604167 0.615625 0.589583 0.628125 0.570833 0.646875 0.545833 0.650000 0.543750 0.653125 0.541667 0.659375 0.539583 0.665625 0.539583 0.670312 0.537500 0.673438 0.535417 0.679688 0.529167 0.681250 0.527083 0.687500 0.516667 0.689063 0.512500 0.689063 0.495833 0.690625 0.487500 0.692187 0.481250 0.693750 0.477083 0.698438 0.466667 0.706250 0.456250 0.707812 0.452083 0.707812 0.447917 0.715625 0.433333 0.715625 0.429167 0.717187 0.425000 0.720313 0.422917 0.721875 0.414583 0.717187 0.408333 0.710938 0.408333
6 0.457813 0.383333 0.456250 0.385417 0.453125 0.385417 0.451562 0.391667 0.450000 0.393750 0.435937 0.410417 0.429688 0.420833 0.425000 0.429167 0.423438 0.433333 0.425000 0.437500 0.426563 0.441667 0.440625 0.460417 0.446875 0.464583 0.453125 0.456250 0.457813 0.447917 0.462500 0.437500 0.464062 0.433333 0.465625 0.425000 0.467187 0.404167 0.465625 0.383333 0.457813 0.383333
6 0.465625 0.000000 0.453125 0.008333 0.443750 0.018750 0.415625 0.056250 0.345313 0.152083 0.321875 0.187500 0.303125 0.210417 0.290625 0.227083 0.289062 0.231250 0.289062 0.252083 0.309375 0.281250 0.325000 0.300000 0.348438 0.333333 0.353125 0.337500 0.356250 0.337500 0.359375 0.333333 0.364063 0.325000 0.367188 0.318750 0.368750 0.314583 0.370312 0.310417 0.371875 0.302083 0.373437 0.289583 0.373437 0.285417 0.371875 0.281250 0.373437 0.260417 0.375000 0.250000 0.381250 0.233333 0.384375 0.227083 0.390625 0.216667 0.392188 0.214583 0.398438 0.208333 0.403125 0.204167 0.412500 0.197917 0.432812 0.197917 0.437500 0.202083 0.440625 0.206250 0.442188 0.210417 0.443750 0.214583 0.445312 0.225000 0.445312 0.241667 0.443750 0.254167 0.442188 0.262500 0.440625 0.270833 0.439063 0.275000 0.432812 0.289583 0.423438 0.302083 0.417187 0.308333 0.414062 0.310417 0.403125 0.316667 0.395313 0.318750 0.381250 0.337500 0.373437 0.354167 0.371875 0.360417 0.371875 0.364583 0.373437 0.368750 0.375000 0.370833 0.376563 0.370833 0.385937 0.383333 0.387500 0.385417 0.400000 0.404167 0.404687 0.408333 0.407813 0.408333 0.410938 0.406250 0.421875 0.393750 0.439063 0.372917 0.442188 0.368750 0.443750 0.362500 0.445312 0.354167 0.445312 0.339583 0.446875 0.333333 0.448437 0.329167 0.454688 0.320833 0.484375 0.285417 0.487500 0.281250 0.490625 0.277083 0.496875 0.266667 0.503125 0.260417 0.507812 0.256250 0.514062 0.252083 0.517188 0.252083 0.521875 0.256250 0.534375 0.272917 0.540625 0.283333 0.542188 0.287500 0.543750 0.297917 0.554688 0.308333 0.556250 0.310417 0.557813 0.314583 0.556250 0.320833 0.553125 0.327083 0.545312 0.339583 0.543750 0.345833 0.539062 0.352083 0.531250 0.368750 0.514062 0.408333 0.493750 0.435417 0.489063 0.435417 0.484375 0.439583 0.476562 0.450000 0.473438 0.456250 0.464062 0.481250 0.464062 0.491667 0.467187 0.497917 0.501563 0.543750 0.504687 0.545833 0.507812 0.545833 0.520312 0.529167 0.525000 0.518750 0.537500 0.502083 0.542188 0.491667 0.551562 0.479167 0.557813 0.468750 0.562500 0.460417 0.564063 0.454167 0.560937 0.435417 0.560937 0.416667 0.562500 0.408333 0.564063 0.402083 0.568750 0.389583 0.573438 0.381250 0.593750 0.354167 0.600000 0.347917 0.610938 0.339583 0.614062 0.337500 0.617188 0.335417 0.625000 0.331250 0.631250 0.329167 0.639062 0.327083 0.642188 0.327083 0.643750 0.329167 0.648438 0.329167 0.651563 0.331250 0.659375 0.341667 0.660937 0.345833 0.660937 0.350000 0.664062 0.358333 0.667188 0.358333 0.681250 0.341667 0.682813 0.339583 0.685937 0.333333 0.687500 0.333333 0.690625 0.329167 0.692187 0.325000 0.690625 0.318750 0.675000 0.316667 0.648438 0.314583 0.637500 0.316667 0.606250 0.314583 0.587500 0.312500 0.579688 0.310417 0.575000 0.304167 0.575000 0.300000 0.581250 0.291667 0.584375 0.291667 0.587500 0.287500 0.590625 0.285417 0.598437 0.281250 0.612500 0.275000 0.623437 0.270833 0.634375 0.268750 0.643750 0.266667 0.675000 0.266667 0.679688 0.268750 0.684375 0.270833 0.695312 0.281250 0.698438 0.281250 0.701562 0.285417 0.709375 0.289583 0.718750 0.289583 0.721875 0.287500 0.726562 0.283333 0.739062 0.266667 0.739062 0.258333 0.734375 0.250000 0.717187 0.227083 0.714063 0.225000 0.710938 0.222917 0.660937 0.222917 0.604688 0.225000 0.571875 0.222917 0.551562 0.220833 0.535937 0.216667 0.515625 0.216667 0.501563 0.214583 0.490625 0.212500 0.482812 0.210417 0.476562 0.208333 0.473438 0.206250 0.468750 0.197917 0.470313 0.185417 0.471875 0.181250 0.475000 0.177083 0.517188 0.177083 0.556250 0.179167 0.576562 0.181250 0.592187 0.183333 0.606250 0.187500 0.623437 0.187500 0.634375 0.189583 0.642188 0.193750 0.656250 0.195833 0.681250 0.200000 0.693750 0.200000 0.693750 0.195833 0.692187 0.191667 0.675000 0.166667 0.659375 0.143750 0.656250 0.139583 0.654687 0.137500 0.651563 0.133333 0.645312 0.125000 0.643750 0.122917 0.626563 0.102083 0.625000 0.100000 0.604688 0.068750 0.600000 0.064583 0.573438 0.025000 0.570312 0.020833 0.568750 0.018750 0.562500 0.010417 0.560937 0.008333 0.559375 0.008333 0.551562 0.000000 0.526563 0.002083 0.518750 0.002083 0.515625 0.002083 0.514062 0.000000 0.510938 0.000000 0.507812 0.002083 0.495312 0.002083 0.492188 0.002083 0.490625 0.000000 0.485938 0.002083 0.465625 0.000000
5 0.743750 0.383333 0.737500 0.391667 0.737500 0.393750 0.729688 0.404167 0.725000 0.412500 0.718750 0.422917 0.714063 0.435417 0.710938 0.447917 0.706250 0.460417 0.703125 0.466667 0.700000 0.472917 0.693750 0.481250 0.692187 0.487500 0.690625 0.495833 0.690625 0.514583 0.689063 0.518750 0.685937 0.522917 0.682813 0.527083 0.678125 0.533333 0.676562 0.533333 0.670312 0.541667 0.656250 0.570833 0.651563 0.583333 0.651563 0.587500 0.653125 0.606250 0.648438 0.614583 0.643750 0.620833 0.623437 0.660417 0.620313 0.666667 0.617188 0.672917 0.612500 0.683333 0.606250 0.697917 0.593750 0.731250 0.585938 0.747917 0.562500 0.791667 0.560937 0.795833 0.559375 0.802083 0.559375 0.806250 0.562500 0.814583 0.567187 0.827083 0.571875 0.837500 0.575000 0.843750 0.579688 0.843750 0.582812 0.839583 0.585938 0.833333 0.589063 0.827083 0.592187 0.816667 0.598437 0.808333 0.603125 0.797917 0.617188 0.764583 0.621875 0.747917 0.632812 0.725000 0.635938 0.716667 0.637500 0.708333 0.639062 0.704167 0.653125 0.672917 0.660937 0.652083 0.660937 0.647917 0.662500 0.643750 0.667188 0.635417 0.670312 0.622917 0.676562 0.612500 0.681250 0.600000 0.685937 0.583333 0.696875 0.560417 0.698438 0.552083 0.706250 0.537500 0.712500 0.520833 0.720313 0.487500 0.725000 0.472917 0.729688 0.460417 0.737500 0.443750 0.739062 0.439583 0.740625 0.429167 0.743750 0.425000 0.743750 0.420833 0.745313 0.416667 0.750000 0.408333 0.753125 0.400000 0.753125 0.395833 0.754687 0.391667 0.753125 0.387500 0.750000 0.383333 0.743750 0.383333
3 0.525000 0.289583 0.517188 0.300000 0.512500 0.302083 0.510938 0.304167 0.506250 0.316667 0.503125 0.322917 0.500000 0.329167 0.496875 0.333333 0.493750 0.335417 0.489063 0.343750 0.485938 0.345833 0.482812 0.350000 0.482812 0.354167 0.479687 0.356250 0.478125 0.366667 0.476562 0.370833 0.471875 0.377083 0.471875 0.381250 0.470313 0.383333 0.468750 0.400000 0.468750 0.425000 0.467187 0.433333 0.462500 0.445833 0.453125 0.460417 0.450000 0.466667 0.448437 0.472917 0.445312 0.479167 0.442188 0.485417 0.437500 0.493750 0.431250 0.504167 0.421875 0.516667 0.418750 0.525000 0.410938 0.539583 0.403125 0.550000 0.401562 0.556250 0.389062 0.577083 0.382812 0.589583 0.378125 0.602083 0.373437 0.608333 0.368750 0.618750 0.359375 0.639583 0.353125 0.654167 0.348438 0.668750 0.340625 0.683333 0.335938 0.697917 0.337500 0.708333 0.340625 0.710417 0.343750 0.712500 0.348438 0.712500 0.351562 0.710417 0.357812 0.702083 0.360938 0.695833 0.362500 0.689583 0.367188 0.681250 0.373437 0.672917 0.384375 0.652083 0.387500 0.645833 0.392188 0.633333 0.396875 0.627083 0.400000 0.616667 0.404687 0.610417 0.409375 0.600000 0.421875 0.572917 0.423438 0.568750 0.423438 0.564583 0.428125 0.554167 0.435937 0.539583 0.442188 0.520833 0.446875 0.510417 0.451562 0.504167 0.454688 0.497917 0.459375 0.483333 0.467187 0.468750 0.468750 0.460417 0.473438 0.450000 0.482812 0.437500 0.487500 0.433333 0.492188 0.431250 0.496875 0.427083 0.510938 0.408333 0.514062 0.402083 0.520312 0.385417 0.525000 0.375000 0.529687 0.368750 0.532813 0.358333 0.537500 0.352083 0.539062 0.345833 0.543750 0.339583 0.548438 0.327083 0.551562 0.320833 0.556250 0.316667 0.556250 0.312500 0.554688 0.308333 0.551562 0.304167 0.543750 0.300000 0.540625 0.295833 0.539062 0.289583 0.525000 0.289583
6 0.860938 0.537500 0.860938 0.581250 0.857812 0.600000 0.857812 0.620833 0.853125 0.654167 0.851562 0.675000 0.850000 0.700000 0.848437 0.739583 0.846875 0.795833 0.846875 0.854167 0.845313 0.866667 0.843750 0.872917 0.842187 0.877083 0.840625 0.881250 0.832812 0.891667 0.829688 0.891667 0.826562 0.887500 0.826562 0.881250 0.828125 0.879167 0.826562 0.870833 0.828125 0.814583 0.829688 0.781250 0.832812 0.756250 0.834375 0.693750 0.837500 0.666667 0.839063 0.637500 0.837500 0.627083 0.834375 0.631250 0.832812 0.631250 0.829688 0.635417 0.828125 0.641667 0.826562 0.643750 0.815625 0.656250 0.806250 0.664583 0.798438 0.675000 0.796875 0.681250 0.795312 0.687500 0.795312 0.702083 0.790625 0.720833 0.787500 0.743750 0.787500 0.756250 0.782813 0.791667 0.775000 0.845833 0.767188 0.893750 0.764062 0.912500 0.760938 0.920833 0.753125 0.964583 0.751563 0.975000 0.751563 0.983333 0.753125 0.987500 0.756250 0.989583 0.759375 0.991667 0.764062 0.993750 0.768750 0.993750 0.773438 0.997917 0.809375 0.995833 0.812500 0.995833 0.843750 0.997917 0.846875 0.993750 0.850000 0.985417 0.854688 0.972917 0.856250 0.966667 0.856250 0.960417 0.859375 0.954167 0.859375 0.947917 0.867188 0.925000 0.868750 0.918750 0.870313 0.904167 0.878125 0.868750 0.882812 0.850000 0.890625 0.825000 0.890625 0.818750 0.898438 0.800000 0.898438 0.793750 0.901563 0.789583 0.906250 0.775000 0.909375 0.764583 0.914062 0.743750 0.921875 0.722917 0.925000 0.712500 0.929688 0.695833 0.931250 0.683333 0.932813 0.677083 0.935937 0.670833 0.937500 0.658333 0.940625 0.654167 0.942187 0.647917 0.946875 0.631250 0.946875 0.625000 0.948438 0.618750 0.953125 0.608333 0.957812 0.591667 0.956250 0.581250 0.953125 0.581250 0.945312 0.577083 0.931250 0.566667 0.923438 0.562500 0.906250 0.554167 0.893750 0.547917 0.884375 0.545833 0.879687 0.541667 0.875000 0.539583 0.868750 0.537500 0.860938 0.537500
6 0.728125 0.472917 0.723437 0.485417 0.723437 0.491667 0.720313 0.502083 0.714063 0.522917 0.707812 0.539583 0.685937 0.589583 0.678125 0.614583 0.665625 0.641667 0.642188 0.706250 0.626563 0.745833 0.612500 0.781250 0.601562 0.806250 0.596875 0.816667 0.592187 0.822917 0.587500 0.835417 0.584375 0.841667 0.579688 0.847917 0.576562 0.847917 0.570312 0.839583 0.567187 0.833333 0.559375 0.814583 0.557813 0.810417 0.557813 0.800000 0.559375 0.793750 0.560937 0.789583 0.567187 0.777083 0.575000 0.764583 0.579688 0.752083 0.584375 0.745833 0.587500 0.739583 0.590625 0.733333 0.598437 0.714583 0.598437 0.710417 0.606250 0.691667 0.612500 0.681250 0.615625 0.670833 0.620313 0.664583 0.621875 0.658333 0.637500 0.627083 0.646875 0.612500 0.648438 0.608333 0.650000 0.604167 0.651563 0.595833 0.650000 0.579167 0.651563 0.575000 0.660937 0.556250 0.660937 0.552083 0.664062 0.545833 0.656250 0.545833 0.653125 0.545833 0.650000 0.547917 0.645312 0.552083 0.629687 0.572917 0.615625 0.593750 0.607812 0.608333 0.596875 0.622917 0.590625 0.635417 0.581250 0.650000 0.570312 0.664583 0.559375 0.681250 0.553125 0.691667 0.551562 0.695833 0.548438 0.710417 0.545312 0.714583 0.545312 0.722917 0.539062 0.737500 0.531250 0.764583 0.523438 0.793750 0.514062 0.829167 0.510938 0.843750 0.512500 0.856250 0.515625 0.858333 0.523438 0.860417 0.543750 0.870833 0.578125 0.891667 0.590625 0.895833 0.603125 0.904167 0.615625 0.908333 0.623437 0.912500 0.650000 0.927083 0.678125 0.945833 0.707812 0.962500 0.715625 0.966667 0.723437 0.968750 0.725000 0.964583 0.726562 0.956250 0.728125 0.945833 0.729688 0.935417 0.731250 0.914583 0.734375 0.893750 0.735938 0.883333 0.739062 0.875000 0.740625 0.858333 0.742188 0.850000 0.746875 0.827083 0.750000 0.820833 0.754687 0.793750 0.760938 0.766667 0.767188 0.739583 0.770312 0.733333 0.771875 0.718750 0.776563 0.704167 0.778125 0.695833 0.779687 0.687500 0.779687 0.666667 0.776563 0.658333 0.764062 0.627083 0.762500 0.618750 0.762500 0.589583 0.764062 0.581250 0.765625 0.575000 0.768750 0.564583 0.773438 0.552083 0.778125 0.541667 0.782813 0.533333 0.795312 0.516667 0.800000 0.514583 0.804688 0.506250 0.801562 0.504167 0.792188 0.497917 0.775000 0.489583 0.757812 0.483333 0.737500 0.472917 0.732812 0.468750 0.728125 0.472917
6 0.648438 0.429167 0.645312 0.431250 0.640625 0.437500 0.629687 0.454167 0.623437 0.460417 0.621875 0.460417 0.618750 0.464583 0.617188 0.468750 0.614062 0.479167 0.609375 0.493750 0.600000 0.525000 0.587500 0.568750 0.585938 0.575000 0.585938 0.581250 0.582812 0.587500 0.582812 0.591667 0.585938 0.591667 0.590625 0.587500 0.592187 0.583333 0.598437 0.579167 0.601562 0.572917 0.603125 0.572917 0.607812 0.564583 0.609375 0.562500 0.615625 0.558333 0.625000 0.543750 0.626563 0.541667 0.631250 0.539583 0.632812 0.537500 0.637500 0.529167 0.639062 0.525000 0.640625 0.516667 0.640625 0.506250 0.642188 0.502083 0.645312 0.500000 0.648438 0.489583 0.651563 0.483333 0.667188 0.464583 0.673438 0.454167 0.676562 0.441667 0.673438 0.439583 0.667188 0.435417 0.662500 0.435417 0.657813 0.431250 0.653125 0.431250 0.651563 0.429167 0.648438 0.429167
4 0.417187 0.200000 0.410938 0.202083 0.407813 0.204167 0.404687 0.206250 0.398438 0.212500 0.387500 0.227083 0.382812 0.235417 0.381250 0.239583 0.378125 0.250000 0.376563 0.256250 0.375000 0.268750 0.375000 0.304167 0.373437 0.310417 0.371875 0.314583 0.362500 0.331250 0.357812 0.341667 0.356250 0.350000 0.351562 0.356250 0.337500 0.385417 0.326562 0.408333 0.307812 0.450000 0.293750 0.487500 0.287500 0.497917 0.282813 0.510417 0.282813 0.518750 0.285938 0.520833 0.293750 0.510417 0.300000 0.500000 0.304688 0.491667 0.315625 0.470833 0.334375 0.433333 0.345313 0.408333 0.348438 0.402083 0.356250 0.389583 0.360938 0.379167 0.365625 0.368750 0.370312 0.354167 0.379688 0.335417 0.392188 0.318750 0.396875 0.314583 0.404687 0.310417 0.412500 0.308333 0.420312 0.302083 0.431250 0.287500 0.434375 0.279167 0.439063 0.266667 0.440625 0.258333 0.442188 0.247917 0.442188 0.218750 0.440625 0.212500 0.439063 0.208333 0.435937 0.204167 0.432812 0.202083 0.429688 0.200000 0.417187 0.200000
4 0.500000 0.772917 0.493750 0.777083 0.482812 0.785417 0.471875 0.791667 0.464062 0.795833 0.442188 0.804167 0.429688 0.812500 0.415625 0.818750 0.404687 0.822917 0.375000 0.833333 0.365625 0.833333 0.362500 0.831250 0.359375 0.829167 0.356250 0.825000 0.353125 0.822917 0.348438 0.820833 0.337500 0.820833 0.329688 0.822917 0.325000 0.825000 0.312500 0.833333 0.306250 0.839583 0.295312 0.854167 0.293750 0.858333 0.292187 0.862500 0.292187 0.875000 0.295312 0.881250 0.300000 0.885417 0.303125 0.887500 0.306250 0.889583 0.312500 0.891667 0.335938 0.891667 0.342187 0.889583 0.346875 0.887500 0.350000 0.885417 0.353125 0.883333 0.356250 0.879167 0.357812 0.879167 0.359375 0.877083 0.364063 0.868750 0.365625 0.860417 0.367188 0.856250 0.373437 0.847917 0.378125 0.845833 0.382812 0.843750 0.393750 0.839583 0.406250 0.837500 0.412500 0.835417 0.434375 0.825000 0.459375 0.816667 0.473438 0.812500 0.482812 0.810417 0.495312 0.810417 0.507812 0.808333 0.510938 0.806250 0.515625 0.800000 0.517188 0.795833 0.517188 0.783333 0.515625 0.779167 0.510938 0.772917 0.500000 0.772917
4 0.812500 0.510417 0.807813 0.514583 0.803125 0.514583 0.800000 0.516667 0.795312 0.520833 0.784375 0.535417 0.781250 0.541667 0.778125 0.547917 0.773438 0.558333 0.771875 0.562500 0.768750 0.572917 0.767188 0.579167 0.767188 0.587500 0.764062 0.595833 0.764062 0.614583 0.765625 0.622917 0.770312 0.637500 0.771875 0.641667 0.773438 0.645833 0.778125 0.654167 0.782813 0.666667 0.782813 0.687500 0.781250 0.695833 0.773438 0.722917 0.771875 0.737500 0.768750 0.743750 0.754687 0.804167 0.746875 0.839583 0.742188 0.862500 0.740625 0.870833 0.737500 0.889583 0.731250 0.931250 0.726562 0.966667 0.726562 0.997917 0.743750 0.997917 0.745313 0.993750 0.746875 0.987500 0.748437 0.981250 0.751563 0.966667 0.754687 0.950000 0.759375 0.925000 0.770312 0.860417 0.775000 0.829167 0.782813 0.772917 0.785937 0.750000 0.790625 0.714583 0.792188 0.689583 0.793750 0.681250 0.795312 0.677083 0.796875 0.672917 0.806250 0.660417 0.814063 0.654167 0.828125 0.635417 0.834375 0.625000 0.837500 0.618750 0.839063 0.614583 0.843750 0.597917 0.845313 0.591667 0.846875 0.581250 0.846875 0.552083 0.843750 0.541667 0.843750 0.531250 0.842187 0.527083 0.839063 0.520833 0.835938 0.516667 0.832812 0.514583 0.829688 0.512500 0.825000 0.510417 0.812500 0.510417
4 0.779687 0.170833 0.767188 0.172917 0.754687 0.179167 0.745313 0.185417 0.740625 0.189583 0.735938 0.193750 0.729688 0.202083 0.726562 0.204167 0.723437 0.206250 0.718750 0.206250 0.717187 0.208333 0.714063 0.208333 0.704688 0.206250 0.700000 0.202083 0.682813 0.200000 0.668750 0.200000 0.656250 0.197917 0.642188 0.195833 0.634375 0.191667 0.621875 0.189583 0.609375 0.187500 0.593750 0.185417 0.578125 0.183333 0.551562 0.181250 0.506250 0.179167 0.478125 0.179167 0.475000 0.181250 0.471875 0.189583 0.471875 0.200000 0.473438 0.204167 0.476562 0.204167 0.478125 0.206250 0.485938 0.208333 0.495312 0.210417 0.506250 0.212500 0.521875 0.214583 0.539062 0.214583 0.556250 0.218750 0.581250 0.220833 0.637500 0.222917 0.653125 0.222917 0.712500 0.220833 0.715625 0.222917 0.718750 0.225000 0.726562 0.235417 0.743750 0.260417 0.760938 0.270833 0.767188 0.272917 0.793750 0.272917 0.801562 0.270833 0.809375 0.268750 0.815625 0.266667 0.820312 0.264583 0.825000 0.262500 0.834375 0.256250 0.839063 0.252083 0.845313 0.245833 0.850000 0.239583 0.851562 0.235417 0.853125 0.227083 0.853125 0.218750 0.851562 0.210417 0.846875 0.197917 0.843750 0.193750 0.843750 0.191667 0.842187 0.189583 0.840625 0.189583 0.837500 0.185417 0.826562 0.179167 0.812500 0.172917 0.801562 0.170833 0.779687 0.170833
6 0.456250 0.820833 0.448437 0.822917 0.439063 0.825000 0.431250 0.831250 0.421875 0.831250 0.418750 0.835417 0.412500 0.837500 0.407813 0.839583 0.389062 0.845833 0.381250 0.845833 0.375000 0.847917 0.371875 0.850000 0.368750 0.854167 0.364063 0.864583 0.364063 0.868750 0.367188 0.872917 0.385937 0.875000 0.392188 0.875000 0.423438 0.872917 0.459375 0.875000 0.462500 0.870833 0.464062 0.860417 0.464062 0.833333 0.464062 0.829167 0.462500 0.820833 0.456250 0.820833
6 0.223438 0.493750 0.217188 0.497917 0.215625 0.502083 0.214062 0.510417 0.212500 0.529167 0.209375 0.537500 0.207813 0.545833 0.206250 0.556250 0.206250 0.566667 0.203125 0.577083 0.201563 0.591667 0.201563 0.604167 0.200000 0.616667 0.196875 0.635417 0.193750 0.647917 0.190625 0.652083 0.185938 0.652083 0.182812 0.654167 0.182812 0.679167 0.187500 0.679167 0.196875 0.672917 0.204687 0.666667 0.209375 0.660417 0.220312 0.654167 0.237500 0.637500 0.257812 0.620833 0.264062 0.616667 0.267188 0.616667 0.271875 0.622917 0.275000 0.631250 0.282813 0.647917 0.287500 0.658333 0.287500 0.662500 0.295312 0.675000 0.296875 0.683333 0.303125 0.697917 0.310937 0.710417 0.310937 0.714583 0.315625 0.720833 0.325000 0.743750 0.329688 0.756250 0.323437 0.764583 0.318750 0.768750 0.314063 0.772917 0.293750 0.789583 0.278125 0.800000 0.265625 0.810417 0.260937 0.816667 0.253125 0.820833 0.235937 0.837500 0.232813 0.839583 0.229687 0.841667 0.226562 0.841667 0.221875 0.841667 0.220312 0.841667 0.218750 0.839583 0.217188 0.835417 0.214062 0.825000 0.204687 0.808333 0.200000 0.797917 0.195312 0.787500 0.195312 0.783333 0.187500 0.768750 0.187500 0.764583 0.179688 0.756250 0.178125 0.760417 0.176563 0.787500 0.175000 0.818750 0.176563 0.864583 0.260937 0.866667 0.281250 0.866667 0.287500 0.864583 0.290625 0.860417 0.296875 0.847917 0.300000 0.843750 0.307812 0.835417 0.310937 0.833333 0.317188 0.831250 0.328125 0.820833 0.337500 0.822917 0.340625 0.822917 0.342187 0.820833 0.346875 0.820833 0.351562 0.822917 0.364063 0.831250 0.368750 0.833333 0.375000 0.833333 0.376563 0.831250 0.384375 0.831250 0.389062 0.827083 0.400000 0.822917 0.406250 0.822917 0.417187 0.818750 0.421875 0.816667 0.435937 0.808333 0.442188 0.802083 0.448437 0.800000 0.457813 0.797917 0.460938 0.795833 0.465625 0.789583 0.465625 0.785417 0.464062 0.729167 0.467187 0.695833 0.465625 0.689583 0.468750 0.672917 0.468750 0.658333 0.464062 0.662500 0.462500 0.666667 0.462500 0.670833 0.459375 0.677083 0.451562 0.689583 0.450000 0.695833 0.442188 0.710417 0.437500 0.716667 0.431250 0.716667 0.428125 0.714583 0.417187 0.700000 0.414062 0.693750 0.412500 0.687500 0.412500 0.681250 0.414062 0.677083 0.439063 0.645833 0.442188 0.641667 0.442188 0.639583 0.445312 0.635417 0.456250 0.620833 0.462500 0.614583 0.464062 0.612500 0.464062 0.610417 0.467187 0.606250 0.468750 0.597917 0.470313 0.529167 0.470313 0.504167 0.467187 0.504167 0.454688 0.504167 0.451562 0.504167 0.450000 0.512500 0.443750 0.520833 0.440625 0.531250 0.434375 0.541667 0.426563 0.562500 0.425000 0.568750 0.420312 0.570833 0.420312 0.575000 0.412500 0.589583 0.404687 0.612500 0.401562 0.618750 0.396875 0.625000 0.395313 0.631250 0.390625 0.637500 0.387500 0.643750 0.387500 0.647917 0.384375 0.654167 0.381250 0.660417 0.368750 0.679167 0.367188 0.685417 0.362500 0.691667 0.359375 0.697917 0.356250 0.708333 0.353125 0.712500 0.348438 0.716667 0.342187 0.716667 0.337500 0.714583 0.332813 0.708333 0.332813 0.697917 0.334375 0.691667 0.339062 0.679167 0.346875 0.660417 0.357812 0.635417 0.364063 0.625000 0.364063 0.620833 0.367188 0.614583 0.375000 0.597917 0.381250 0.589583 0.385937 0.577083 0.395313 0.562500 0.396875 0.556250 0.403125 0.547917 0.409375 0.533333 0.421875 0.510417 0.425000 0.506250 0.428125 0.506250 0.428125 0.502083 0.418750 0.502083 0.381250 0.502083 0.375000 0.502083 0.367188 0.516667 0.353125 0.537500 0.348438 0.543750 0.346875 0.543750 0.342187 0.550000 0.323437 0.577083 0.306250 0.597917 0.303125 0.600000 0.298438 0.600000 0.295312 0.597917 0.289062 0.589583 0.289062 0.585417 0.301563 0.568750 0.304688 0.560417 0.318750 0.541667 0.328125 0.525000 0.337500 0.514583 0.340625 0.508333 0.342187 0.508333 0.342187 0.497917 0.331250 0.497917 0.303125 0.497917 0.298438 0.497917 0.292187 0.510417 0.289062 0.514583 0.287500 0.514583 0.284375 0.518750 0.281250 0.514583 0.281250 0.510417 0.284375 0.506250 0.285938 0.502083 0.285938 0.497917 0.260937 0.497917 0.259375 0.495833 0.223438 0.493750
6 0.190625 0.493750 0.187500 0.497917 0.185938 0.529167 0.185938 0.537500 0.189062 0.537500 0.193750 0.527083 0.195312 0.522917 0.196875 0.518750 0.198437 0.512500 0.198437 0.506250 0.201563 0.500000 0.201563 0.495833 0.198437 0.495833 0.196875 0.493750 0.190625 0.493750
4 0.632812 0.333333 0.626563 0.335417 0.621875 0.337500 0.610938 0.343750 0.600000 0.352083 0.593750 0.358333 0.575000 0.383333 0.571875 0.389583 0.568750 0.395833 0.567187 0.400000 0.565625 0.406250 0.564063 0.412500 0.564063 0.439583 0.565625 0.447917 0.567187 0.450000 0.567187 0.454167 0.565625 0.460417 0.562500 0.466667 0.559375 0.472917 0.557813 0.475000 0.546875 0.489583 0.540625 0.502083 0.529687 0.516667 0.525000 0.527083 0.515625 0.539583 0.507812 0.552083 0.504687 0.560417 0.503125 0.562500 0.500000 0.564583 0.496875 0.568750 0.485938 0.587500 0.417187 0.679167 0.417187 0.687500 0.417187 0.691667 0.418750 0.695833 0.423438 0.702083 0.423438 0.704167 0.426563 0.708333 0.432812 0.712500 0.435937 0.712500 0.440625 0.706250 0.445312 0.697917 0.453125 0.683333 0.454688 0.677083 0.467187 0.656250 0.468750 0.650000 0.476562 0.635417 0.482812 0.627083 0.489063 0.612500 0.496875 0.602083 0.504687 0.585417 0.515625 0.566667 0.525000 0.554167 0.529687 0.543750 0.550000 0.510417 0.575000 0.477083 0.581250 0.470833 0.584375 0.468750 0.590625 0.466667 0.606250 0.464583 0.612500 0.462500 0.615625 0.460417 0.620313 0.456250 0.625000 0.452083 0.640625 0.431250 0.646875 0.420833 0.653125 0.404167 0.656250 0.393750 0.657813 0.387500 0.659375 0.379167 0.659375 0.352083 0.657813 0.345833 0.656250 0.341667 0.653125 0.337500 0.648438 0.333333 0.632812 0.333333
5 0.648438 0.268750 0.637500 0.270833 0.629687 0.272917 0.621875 0.275000 0.610938 0.279167 0.596875 0.285417 0.581250 0.295833 0.578125 0.300000 0.579688 0.306250 0.582812 0.308333 0.596875 0.310417 0.625000 0.312500 0.657813 0.312500 0.690625 0.316667 0.842187 0.318750 0.875000 0.318750 0.881250 0.316667 0.885938 0.314583 0.890625 0.308333 0.892188 0.304167 0.892188 0.300000 0.890625 0.295833 0.887500 0.293750 0.882812 0.291667 0.832812 0.291667 0.709375 0.293750 0.703125 0.289583 0.684375 0.275000 0.681250 0.272917 0.678125 0.270833 0.673438 0.268750 0.648438 0.268750
3 0.254688 0.179167 0.253125 0.183333 0.251563 0.189583 0.250000 0.197917 0.248438 0.206250 0.248438 0.216667 0.246875 0.225000 0.245312 0.233333 0.242188 0.241667 0.240625 0.250000 0.239063 0.260417 0.239063 0.270833 0.237500 0.281250 0.234375 0.287500 0.231250 0.302083 0.231250 0.320833 0.234375 0.327083 0.235937 0.333333 0.235937 0.347917 0.234375 0.356250 0.228125 0.372917 0.223438 0.391667 0.218750 0.412500 0.218750 0.420833 0.214062 0.441667 0.210938 0.456250 0.204687 0.483333 0.203125 0.489583 0.200000 0.495833 0.195312 0.514583 0.190625 0.533333 0.189062 0.541667 0.187500 0.556250 0.185938 0.562500 0.184375 0.568750 0.173437 0.595833 0.165625 0.620833 0.165625 0.631250 0.173437 0.641667 0.178125 0.645833 0.181250 0.647917 0.192188 0.645833 0.193750 0.637500 0.200000 0.595833 0.200000 0.583333 0.203125 0.570833 0.203125 0.558333 0.207813 0.541667 0.210938 0.512500 0.212500 0.504167 0.223438 0.447917 0.226562 0.433333 0.231250 0.418750 0.232813 0.404167 0.237500 0.383333 0.239063 0.377083 0.243750 0.364583 0.243750 0.358333 0.245312 0.354167 0.246875 0.350000 0.251563 0.343750 0.256250 0.339583 0.264062 0.335417 0.273438 0.322917 0.275000 0.318750 0.276562 0.314583 0.279687 0.304167 0.281250 0.293750 0.282813 0.281250 0.284375 0.266667 0.285938 0.239583 0.285938 0.189583 0.281250 0.189583 0.278125 0.185417 0.275000 0.183333 0.268750 0.181250 0.260937 0.179167 0.254688 0.179167
3 0.509375 0.256250 0.503125 0.266667 0.492188 0.272917 0.489063 0.277083 0.489063 0.279167 0.484375 0.285417 0.468750 0.304167 0.465625 0.310417 0.465625 0.312500 0.464062 0.314583 0.450000 0.331250 0.448437 0.335417 0.446875 0.339583 0.446875 0.352083 0.445312 0.362500 0.443750 0.366667 0.442188 0.370833 0.434375 0.383333 0.426563 0.393750 0.425000 0.393750 0.415625 0.406250 0.412500 0.406250 0.398438 0.429167 0.384375 0.445833 0.382812 0.452083 0.379688 0.454167 0.375000 0.462500 0.373437 0.462500 0.367188 0.472917 0.365625 0.475000 0.351562 0.489583 0.345313 0.497917 0.335938 0.514583 0.332813 0.518750 0.331250 0.518750 0.326562 0.525000 0.320312 0.535417 0.309375 0.556250 0.301563 0.566667 0.296875 0.575000 0.295312 0.579167 0.293750 0.583333 0.293750 0.589583 0.296875 0.595833 0.304688 0.595833 0.314063 0.583333 0.321875 0.575000 0.323437 0.575000 0.329688 0.564583 0.335938 0.560417 0.339062 0.556250 0.354687 0.533333 0.359375 0.522917 0.378125 0.497917 0.384375 0.485417 0.395313 0.470833 0.403125 0.458333 0.407813 0.450000 0.410938 0.441667 0.418750 0.433333 0.429688 0.414583 0.435937 0.406250 0.446875 0.395833 0.448437 0.393750 0.453125 0.385417 0.457813 0.381250 0.470313 0.381250 0.470313 0.377083 0.473438 0.375000 0.475000 0.370833 0.476562 0.366667 0.476562 0.362500 0.478125 0.358333 0.481250 0.352083 0.496875 0.331250 0.504687 0.318750 0.509375 0.306250 0.515625 0.297917 0.523438 0.289583 0.526563 0.287500 0.532813 0.287500 0.534375 0.289583 0.540625 0.289583 0.540625 0.283333 0.534375 0.277083 0.526563 0.262500 0.521875 0.256250 0.518750 0.254167 0.509375 0.256250
3 0.826562 0.475000 0.828125 0.481250 0.831250 0.485417 0.837500 0.500000 0.840625 0.510417 0.842187 0.516667 0.843750 0.522917 0.845313 0.531250 0.846875 0.545833 0.848437 0.560417 0.848437 0.581250 0.846875 0.600000 0.842187 0.627083 0.840625 0.643750 0.839063 0.662500 0.837500 0.687500 0.835938 0.714583 0.834375 0.781250 0.831250 0.812500 0.831250 0.850000 0.829688 0.852083 0.829688 0.889583 0.832812 0.887500 0.837500 0.881250 0.840625 0.875000 0.842187 0.868750 0.843750 0.860417 0.845313 0.808333 0.845313 0.760417 0.846875 0.716667 0.848437 0.683333 0.850000 0.658333 0.851562 0.637500 0.854688 0.620833 0.854688 0.602083 0.857812 0.583333 0.859375 0.560417 0.859375 0.554167 0.857812 0.537500 0.856250 0.529167 0.854688 0.522917 0.850000 0.510417 0.843750 0.495833 0.837500 0.485417 0.835938 0.479167 0.832812 0.475000 0.826562 0.475000
