0 0.584375 0.141667 0.578125 0.143750 0.575000 0.145833 0.571875 0.147917 0.567187 0.154167 0.565625 0.158333 0.564063 0.162500 0.564063 0.187500 0.565625 0.202083 0.567187 0.208333 0.568750 0.214583 0.573438 0.222917 0.575000 0.227083 0.578125 0.237500 0.579688 0.243750 0.581250 0.254167 0.582812 0.264583 0.581250 0.293750 0.582812 0.302083 0.584375 0.306250 0.589063 0.314583 0.595313 0.322917 0.600000 0.331250 0.601562 0.337500 0.607812 0.347917 0.615625 0.358333 0.620313 0.362500 0.625000 0.364583 0.629687 0.364583 0.642188 0.370833 0.646875 0.375000 0.659375 0.387500 0.668750 0.393750 0.675000 0.395833 0.681250 0.395833 0.685937 0.397917 0.701562 0.408333 0.712500 0.408333 0.715625 0.406250 0.720313 0.402083 0.723437 0.395833 0.725000 0.389583 0.726562 0.375000 0.726562 0.345833 0.725000 0.333333 0.723437 0.320833 0.720313 0.312500 0.720313 0.302083 0.718750 0.295833 0.714063 0.279167 0.709375 0.264583 0.707812 0.260417 0.703125 0.252083 0.701562 0.247917 0.701562 0.243750 0.700000 0.239583 0.698438 0.235417 0.693750 0.225000 0.690625 0.218750 0.685937 0.212500 0.682813 0.208333 0.679688 0.204167 0.671875 0.200000 0.662500 0.189583 0.651563 0.175000 0.648438 0.172917 0.645312 0.170833 0.640625 0.170833 0.637500 0.168750 0.634375 0.166667 0.617188 0.152083 0.614062 0.150000 0.610938 0.147917 0.606250 0.145833 0.601562 0.143750 0.595313 0.141667 0.584375 0.141667
4 0.764062 0.308333 0.760938 0.310417 0.757812 0.312500 0.753125 0.318750 0.748437 0.322917 0.746875 0.322917 0.745313 0.325000 0.745313 0.327083 0.739062 0.337500 0.737500 0.341667 0.735938 0.345833 0.732812 0.356250 0.731250 0.362500 0.729688 0.372917 0.729688 0.406250 0.731250 0.418750 0.732812 0.425000 0.739062 0.441667 0.743750 0.450000 0.748437 0.456250 0.750000 0.456250 0.754687 0.462500 0.754687 0.464583 0.760938 0.472917 0.762500 0.477083 0.764062 0.497917 0.764062 0.504167 0.762500 0.539583 0.759375 0.572917 0.757812 0.647917 0.757812 0.747917 0.759375 0.766667 0.760938 0.779167 0.762500 0.787500 0.764062 0.795833 0.765625 0.800000 0.768750 0.804167 0.779687 0.804167 0.782813 0.800000 0.784375 0.783333 0.784375 0.645833 0.782813 0.593750 0.779687 0.568750 0.779687 0.541667 0.776563 0.514583 0.776563 0.479167 0.778125 0.468750 0.782813 0.447917 0.782813 0.437500 0.784375 0.429167 0.785937 0.422917 0.790625 0.410417 0.795312 0.402083 0.803125 0.391667 0.804688 0.387500 0.806250 0.383333 0.806250 0.375000 0.804688 0.356250 0.803125 0.347917 0.801562 0.341667 0.798438 0.331250 0.795312 0.325000 0.792188 0.318750 0.787500 0.312500 0.784375 0.310417 0.781250 0.308333 0.764062 0.308333
0 0.390625 0.660417 0.387500 0.662500 0.382812 0.668750 0.381250 0.672917 0.379688 0.679167 0.379688 0.710417 0.381250 0.716667 0.384375 0.727083 0.390625 0.737500 0.393750 0.747917 0.398438 0.756250 0.412500 0.781250 0.431250 0.808333 0.440625 0.818750 0.445312 0.822917 0.454688 0.829167 0.459375 0.835417 0.464062 0.839583 0.467187 0.841667 0.471875 0.843750 0.476562 0.845833 0.487500 0.845833 0.490625 0.843750 0.493750 0.839583 0.496875 0.833333 0.498437 0.829167 0.500000 0.822917 0.500000 0.808333 0.498437 0.802083 0.495312 0.795833 0.446875 0.731250 0.443750 0.725000 0.442188 0.718750 0.434375 0.708333 0.425000 0.687500 0.420312 0.679167 0.409375 0.664583 0.406250 0.662500 0.401562 0.660417 0.390625 0.660417
4 0.815625 0.385417 0.809375 0.387500 0.796875 0.404167 0.793750 0.410417 0.790625 0.416667 0.789062 0.420833 0.787500 0.427083 0.785937 0.433333 0.784375 0.445833 0.782813 0.458333 0.782813 0.489583 0.784375 0.500000 0.790625 0.516667 0.793750 0.522917 0.796875 0.527083 0.804688 0.535417 0.806250 0.535417 0.814063 0.543750 0.817187 0.547917 0.818750 0.552083 0.820312 0.562500 0.820312 0.745833 0.821875 0.779167 0.825000 0.800000 0.825000 0.820833 0.826562 0.835417 0.831250 0.870833 0.834375 0.887500 0.835938 0.891667 0.853125 0.891667 0.854688 0.887500 0.854688 0.822917 0.853125 0.791667 0.851562 0.764583 0.850000 0.743750 0.845313 0.706250 0.845313 0.683333 0.842187 0.668750 0.842187 0.652083 0.840625 0.637500 0.837500 0.625000 0.835938 0.612500 0.835938 0.597917 0.832812 0.585417 0.831250 0.570833 0.831250 0.552083 0.832812 0.545833 0.834375 0.541667 0.839063 0.533333 0.845313 0.525000 0.850000 0.516667 0.853125 0.510417 0.854688 0.506250 0.856250 0.502083 0.857812 0.495833 0.859375 0.489583 0.859375 0.445833 0.857812 0.437500 0.856250 0.431250 0.853125 0.420833 0.848437 0.408333 0.845313 0.402083 0.835938 0.389583 0.832812 0.387500 0.829688 0.385417 0.815625 0.385417
0 0.496875 0.495833 0.492188 0.497917 0.487500 0.500000 0.484375 0.502083 0.481250 0.506250 0.478125 0.506250 0.475000 0.510417 0.471875 0.510417 0.468750 0.512500 0.464062 0.516667 0.456250 0.527083 0.451562 0.535417 0.450000 0.539583 0.450000 0.543750 0.448437 0.547917 0.443750 0.558333 0.437500 0.566667 0.435937 0.570833 0.434375 0.575000 0.432812 0.593750 0.432812 0.604167 0.434375 0.616667 0.435937 0.620833 0.440625 0.629167 0.443750 0.637500 0.445312 0.647917 0.446875 0.652083 0.451562 0.662500 0.456250 0.670833 0.465625 0.685417 0.468750 0.689583 0.473438 0.693750 0.478125 0.697917 0.490625 0.706250 0.495312 0.708333 0.509375 0.710417 0.518750 0.710417 0.532813 0.708333 0.537500 0.706250 0.553125 0.695833 0.557813 0.695833 0.560937 0.693750 0.581250 0.666667 0.589063 0.652083 0.592187 0.645833 0.593750 0.639583 0.595313 0.633333 0.595313 0.618750 0.598437 0.604167 0.598437 0.591667 0.596875 0.572917 0.592187 0.554167 0.587500 0.541667 0.584375 0.535417 0.576562 0.525000 0.576562 0.522917 0.573438 0.518750 0.560937 0.510417 0.553125 0.508333 0.545312 0.502083 0.540625 0.500000 0.532813 0.497917 0.525000 0.495833 0.496875 0.495833
0 0.612500 0.689583 0.606250 0.693750 0.600000 0.693750 0.593750 0.695833 0.585938 0.702083 0.581250 0.704167 0.573438 0.704167 0.564063 0.710417 0.557813 0.712500 0.543750 0.714583 0.526563 0.716667 0.504687 0.716667 0.495312 0.718750 0.485938 0.725000 0.479687 0.733333 0.478125 0.737500 0.476562 0.741667 0.476562 0.756250 0.479687 0.762500 0.485938 0.768750 0.490625 0.772917 0.493750 0.775000 0.498437 0.777083 0.504687 0.779167 0.510938 0.781250 0.518750 0.783333 0.526563 0.783333 0.553125 0.781250 0.564063 0.775000 0.571875 0.772917 0.581250 0.772917 0.589063 0.768750 0.606250 0.760417 0.615625 0.754167 0.626563 0.741667 0.631250 0.735417 0.634375 0.729167 0.635938 0.725000 0.637500 0.718750 0.637500 0.702083 0.635938 0.697917 0.632812 0.693750 0.629687 0.691667 0.626563 0.689583 0.612500 0.689583
7 0.859375 0.033333 0.853125 0.035417 0.839063 0.041667 0.835938 0.043750 0.832812 0.045833 0.825000 0.052083 0.810937 0.068750 0.803125 0.079167 0.798438 0.087500 0.792188 0.102083 0.785937 0.110417 0.778125 0.125000 0.776563 0.131250 0.767188 0.145833 0.765625 0.147917 0.751563 0.164583 0.746875 0.172917 0.743750 0.179167 0.740625 0.185417 0.739062 0.189583 0.737500 0.195833 0.737500 0.225000 0.739062 0.233333 0.742188 0.241667 0.746875 0.254167 0.751563 0.262500 0.754687 0.266667 0.760938 0.272917 0.767188 0.279167 0.775000 0.283333 0.779687 0.285417 0.784375 0.287500 0.798438 0.287500 0.815625 0.281250 0.821875 0.279167 0.828125 0.275000 0.834375 0.268750 0.840625 0.266667 0.853125 0.256250 0.860938 0.254167 0.870313 0.247917 0.876563 0.239583 0.881250 0.235417 0.887500 0.231250 0.893750 0.229167 0.896875 0.227083 0.904687 0.220833 0.909375 0.216667 0.915625 0.210417 0.925000 0.200000 0.932813 0.189583 0.939063 0.172917 0.945312 0.147917 0.946875 0.133333 0.946875 0.120833 0.943750 0.110417 0.943750 0.104167 0.945312 0.072917 0.943750 0.066667 0.942187 0.062500 0.940625 0.058333 0.931250 0.045833 0.923438 0.039583 0.917188 0.037500 0.896875 0.037500 0.890625 0.033333 0.859375 0.033333
14 0.439063 0.127083 0.434375 0.133333 0.434375 0.143750 0.435937 0.150000 0.442188 0.170833 0.445312 0.179167 0.439063 0.187500 0.437500 0.187500 0.429688 0.197917 0.425000 0.206250 0.421875 0.212500 0.418750 0.218750 0.417187 0.222917 0.415625 0.227083 0.412500 0.237500 0.410938 0.243750 0.409375 0.252083 0.407813 0.266667 0.407813 0.283333 0.409375 0.300000 0.410938 0.308333 0.412500 0.314583 0.414062 0.320833 0.418750 0.333333 0.421875 0.339583 0.425000 0.345833 0.429688 0.354167 0.437500 0.364583 0.443750 0.370833 0.448437 0.375000 0.453125 0.379167 0.462500 0.385417 0.470313 0.389583 0.476562 0.391667 0.484375 0.393750 0.504687 0.393750 0.512500 0.391667 0.518750 0.389583 0.523438 0.387500 0.531250 0.383333 0.534375 0.381250 0.542188 0.375000 0.548438 0.368750 0.557813 0.356250 0.564063 0.345833 0.567187 0.339583 0.570312 0.331250 0.575000 0.318750 0.576562 0.312500 0.578125 0.306250 0.579688 0.295833 0.579688 0.260417 0.578125 0.250000 0.573438 0.231250 0.567187 0.214583 0.564063 0.208333 0.554688 0.193750 0.551562 0.189583 0.543750 0.181250 0.539062 0.177083 0.529687 0.170833 0.521875 0.166667 0.517188 0.164583 0.510938 0.162500 0.501563 0.160417 0.485938 0.160417 0.475000 0.162500 0.465625 0.166667 0.462500 0.162500 0.460938 0.158333 0.459375 0.154167 0.459375 0.150000 0.457813 0.145833 0.454688 0.141667 0.454688 0.137500 0.446875 0.127083 0.439063 0.127083
13 0.310937 0.110417 0.304688 0.112500 0.295312 0.118750 0.290625 0.122917 0.279687 0.137500 0.276562 0.143750 0.275000 0.147917 0.271875 0.158333 0.270313 0.164583 0.268750 0.172917 0.268750 0.193750 0.270313 0.200000 0.271875 0.206250 0.278125 0.222917 0.282813 0.229167 0.284375 0.233333 0.285938 0.258333 0.290625 0.270833 0.293750 0.277083 0.298438 0.285417 0.312500 0.304167 0.317188 0.308333 0.325000 0.314583 0.332813 0.318750 0.339062 0.320833 0.345313 0.322917 0.365625 0.322917 0.373437 0.320833 0.378125 0.318750 0.382812 0.316667 0.395313 0.308333 0.400000 0.304167 0.403125 0.300000 0.404687 0.297917 0.406250 0.293750 0.406250 0.254167 0.407813 0.243750 0.409375 0.237500 0.412500 0.227083 0.414062 0.222917 0.415625 0.218750 0.418750 0.214583 0.420312 0.210417 0.421875 0.206250 0.421875 0.197917 0.420312 0.191667 0.415625 0.179167 0.410938 0.170833 0.398438 0.154167 0.393750 0.150000 0.389062 0.145833 0.385937 0.143750 0.382812 0.141667 0.375000 0.137500 0.367188 0.137500 0.359375 0.127083 0.354687 0.122917 0.348438 0.118750 0.339062 0.112500 0.332813 0.110417 0.310937 0.110417
0 0.235937 0.302083 0.221875 0.306250 0.217188 0.306250 0.201563 0.304167 0.198437 0.306250 0.195312 0.308333 0.181250 0.325000 0.173437 0.329167 0.168750 0.329167 0.165625 0.331250 0.162500 0.333333 0.159375 0.337500 0.156250 0.339583 0.151562 0.339583 0.145313 0.335417 0.137500 0.335417 0.134375 0.339583 0.134375 0.343750 0.121875 0.360417 0.118750 0.366667 0.117188 0.370833 0.110937 0.395833 0.109375 0.414583 0.109375 0.427083 0.110937 0.441667 0.112500 0.454167 0.114062 0.466667 0.117188 0.483333 0.118750 0.491667 0.120313 0.495833 0.121875 0.500000 0.128125 0.508333 0.131250 0.510417 0.134375 0.510417 0.137500 0.506250 0.139063 0.500000 0.139063 0.491667 0.140625 0.487500 0.148438 0.475000 0.143750 0.472917 0.143750 0.454167 0.145313 0.450000 0.148438 0.443750 0.148438 0.437500 0.151562 0.433333 0.154688 0.433333 0.157812 0.435417 0.162500 0.441667 0.167187 0.456250 0.173437 0.462500 0.176563 0.460417 0.181250 0.454167 0.185938 0.452083 0.192188 0.445833 0.200000 0.437500 0.210938 0.422917 0.220312 0.412500 0.223438 0.410417 0.226562 0.408333 0.235937 0.404167 0.250000 0.397917 0.264062 0.395833 0.285938 0.395833 0.292187 0.397917 0.298438 0.400000 0.303125 0.402083 0.306250 0.406250 0.315625 0.404167 0.317188 0.400000 0.318750 0.395833 0.318750 0.377083 0.317188 0.368750 0.315625 0.362500 0.314063 0.356250 0.307812 0.345833 0.295312 0.329167 0.287500 0.320833 0.282813 0.316667 0.279687 0.314583 0.276562 0.312500 0.271875 0.310417 0.262500 0.308333 0.257812 0.304167 0.251563 0.302083 0.235937 0.302083
0 0.273438 0.397917 0.257812 0.400000 0.246875 0.402083 0.239063 0.408333 0.234375 0.408333 0.234375 0.412500 0.231250 0.416667 0.221875 0.418750 0.212500 0.425000 0.200000 0.439583 0.195312 0.441667 0.184375 0.456250 0.181250 0.456250 0.178125 0.460417 0.175000 0.462500 0.171875 0.462500 0.168750 0.458333 0.168750 0.456250 0.164062 0.450000 0.160938 0.439583 0.157812 0.437500 0.151562 0.437500 0.150000 0.437500 0.148438 0.439583 0.146875 0.443750 0.146875 0.445833 0.142187 0.454167 0.140625 0.472917 0.140625 0.495833 0.137500 0.502083 0.134375 0.516667 0.132812 0.527083 0.132812 0.537500 0.129688 0.547917 0.129688 0.554167 0.131250 0.579167 0.132812 0.583333 0.137500 0.591667 0.140625 0.600000 0.140625 0.606250 0.143750 0.612500 0.150000 0.620833 0.154688 0.625000 0.170313 0.637500 0.173437 0.637500 0.176563 0.635417 0.178125 0.629167 0.181250 0.620833 0.185938 0.610417 0.204687 0.585417 0.210938 0.579167 0.220312 0.572917 0.228125 0.568750 0.237500 0.566667 0.271875 0.566667 0.278125 0.568750 0.293750 0.577083 0.300000 0.577083 0.309375 0.570833 0.332813 0.554167 0.339062 0.545833 0.342187 0.539583 0.345313 0.533333 0.348438 0.522917 0.348438 0.518750 0.351562 0.516667 0.353125 0.512500 0.353125 0.491667 0.348438 0.477083 0.348438 0.468750 0.343750 0.456250 0.340625 0.450000 0.337500 0.443750 0.320312 0.422917 0.318750 0.420833 0.317188 0.416667 0.314063 0.412500 0.306250 0.408333 0.292187 0.402083 0.278125 0.397917 0.273438 0.397917
0 0.246875 0.568750 0.235937 0.570833 0.228125 0.572917 0.223438 0.575000 0.210938 0.583333 0.206250 0.587500 0.200000 0.593750 0.198437 0.595833 0.189062 0.610417 0.185938 0.616667 0.182812 0.622917 0.182812 0.627083 0.179688 0.631250 0.178125 0.637500 0.175000 0.650000 0.173437 0.662500 0.173437 0.693750 0.175000 0.702083 0.176563 0.708333 0.178125 0.714583 0.184375 0.731250 0.187500 0.737500 0.200000 0.754167 0.204687 0.758333 0.212500 0.764583 0.215625 0.766667 0.218750 0.768750 0.223438 0.770833 0.229687 0.772917 0.237500 0.775000 0.250000 0.775000 0.260937 0.772917 0.268750 0.770833 0.273438 0.768750 0.278125 0.766667 0.287500 0.760417 0.292187 0.756250 0.303125 0.743750 0.317188 0.725000 0.321875 0.714583 0.323437 0.708333 0.325000 0.702083 0.328125 0.683333 0.329688 0.666667 0.329688 0.656250 0.328125 0.639583 0.326562 0.631250 0.325000 0.625000 0.323437 0.618750 0.320312 0.612500 0.317188 0.606250 0.307812 0.593750 0.300000 0.585417 0.295312 0.581250 0.292187 0.579167 0.289062 0.577083 0.275000 0.570833 0.265625 0.568750 0.246875 0.568750
0 0.168750 0.720833 0.159375 0.722917 0.151562 0.725000 0.146875 0.727083 0.134375 0.733333 0.131250 0.735417 0.123438 0.741667 0.117188 0.747917 0.115625 0.750000 0.112500 0.754167 0.107813 0.762500 0.106250 0.768750 0.101562 0.775000 0.096875 0.785417 0.096875 0.789583 0.093750 0.793750 0.092188 0.797917 0.090625 0.806250 0.089063 0.814583 0.089063 0.835417 0.090625 0.845833 0.095312 0.864583 0.100000 0.877083 0.107813 0.889583 0.110937 0.893750 0.118750 0.902083 0.125000 0.906250 0.139063 0.916667 0.145313 0.918750 0.150000 0.920833 0.171875 0.920833 0.179688 0.918750 0.184375 0.916667 0.196875 0.910417 0.200000 0.908333 0.203125 0.906250 0.207813 0.902083 0.214062 0.895833 0.231250 0.872917 0.234375 0.866667 0.235937 0.862500 0.239063 0.852083 0.240625 0.845833 0.242188 0.839583 0.243750 0.827083 0.243750 0.795833 0.242188 0.785417 0.240625 0.781250 0.237500 0.777083 0.232813 0.775000 0.226562 0.775000 0.221875 0.772917 0.214062 0.768750 0.210938 0.766667 0.201563 0.758333 0.196875 0.754167 0.195312 0.752083 0.192188 0.747917 0.190625 0.745833 0.182812 0.733333 0.181250 0.727083 0.176563 0.720833 0.168750 0.720833
3 0.715625 0.633333 0.715625 0.650000 0.717187 0.652083 0.717187 0.712500 0.721875 0.737500 0.726562 0.760417 0.731250 0.777083 0.743750 0.825000 0.746875 0.835417 0.754687 0.860417 0.759375 0.872917 0.762500 0.875000 0.768750 0.872917 0.773438 0.870833 0.778125 0.864583 0.778125 0.858333 0.775000 0.843750 0.771875 0.831250 0.767188 0.818750 0.767188 0.812500 0.764062 0.806250 0.762500 0.800000 0.760938 0.785417 0.756250 0.764583 0.751563 0.745833 0.740625 0.714583 0.735938 0.693750 0.732812 0.683333 0.729688 0.672917 0.721875 0.647917 0.718750 0.641667 0.718750 0.639583 0.715625 0.633333
3 0.665625 0.397917 0.664062 0.404167 0.659375 0.404167 0.659375 0.402083 0.654687 0.402083 0.650000 0.410417 0.646875 0.406250 0.643750 0.406250 0.642188 0.416667 0.639062 0.412500 0.634375 0.410417 0.634375 0.418750 0.635938 0.420833 0.637500 0.441667 0.639062 0.447917 0.640625 0.454167 0.642188 0.458333 0.643750 0.462500 0.665625 0.491667 0.671875 0.502083 0.675000 0.510417 0.682813 0.520833 0.687500 0.529167 0.692187 0.539583 0.695312 0.533333 0.696875 0.529167 0.696875 0.510417 0.695312 0.502083 0.689063 0.475000 0.687500 0.468750 0.682813 0.456250 0.681250 0.450000 0.679688 0.437500 0.678125 0.431250 0.673438 0.418750 0.671875 0.408333 0.670312 0.402083 0.668750 0.397917 0.665625 0.397917
