17 0.528125 0.470833 0.526563 0.481250 0.528125 0.491667 0.531250 0.510417 0.532813 0.518750 0.535937 0.533333 0.540625 0.543750 0.539062 0.547917 0.526563 0.564583 0.525000 0.570833 0.525000 0.577083 0.520312 0.589583 0.520312 0.595833 0.518750 0.600000 0.507812 0.602083 0.493750 0.600000 0.470313 0.595833 0.450000 0.589583 0.437500 0.587500 0.426563 0.587500 0.423438 0.585417 0.421875 0.566667 0.418750 0.564583 0.414062 0.564583 0.412500 0.566667 0.406250 0.566667 0.400000 0.562500 0.396875 0.562500 0.393750 0.566667 0.393750 0.575000 0.389062 0.581250 0.387500 0.585417 0.390625 0.589583 0.393750 0.606250 0.396875 0.608333 0.400000 0.608333 0.401562 0.606250 0.404687 0.606250 0.414062 0.610417 0.418750 0.610417 0.420312 0.600000 0.423438 0.595833 0.426563 0.595833 0.439063 0.597917 0.450000 0.600000 0.456250 0.602083 0.460938 0.604167 0.467187 0.610417 0.470313 0.612500 0.478125 0.616667 0.490625 0.620833 0.498437 0.625000 0.501563 0.627083 0.504687 0.633333 0.500000 0.639583 0.495312 0.641667 0.482812 0.643750 0.476562 0.645833 0.473438 0.647917 0.468750 0.654167 0.470313 0.662500 0.485938 0.662500 0.492188 0.660417 0.503125 0.654167 0.512500 0.654167 0.517188 0.658333 0.521875 0.658333 0.532813 0.668750 0.535937 0.668750 0.537500 0.670833 0.540625 0.672917 0.539062 0.677083 0.526563 0.695833 0.520312 0.704167 0.518750 0.704167 0.514062 0.710417 0.512500 0.714583 0.512500 0.718750 0.523438 0.716667 0.526563 0.714583 0.540625 0.697917 0.546875 0.689583 0.550000 0.683333 0.551562 0.679167 0.553125 0.675000 0.553125 0.668750 0.556250 0.662500 0.564063 0.652083 0.565625 0.645833 0.568750 0.643750 0.575000 0.652083 0.579688 0.664583 0.579688 0.679167 0.581250 0.691667 0.584375 0.700000 0.584375 0.714583 0.589063 0.720833 0.595313 0.718750 0.593750 0.672917 0.593750 0.660417 0.595313 0.656250 0.600000 0.654167 0.604688 0.660417 0.606250 0.660417 0.609375 0.664583 0.615625 0.675000 0.618750 0.679167 0.628125 0.689583 0.631250 0.689583 0.634375 0.691667 0.637500 0.689583 0.637500 0.683333 0.635938 0.679167 0.621875 0.660417 0.620313 0.654167 0.610938 0.641667 0.606250 0.631250 0.604688 0.625000 0.604688 0.612500 0.601562 0.595833 0.610938 0.597917 0.615625 0.595833 0.614062 0.587500 0.606250 0.585417 0.603125 0.583333 0.600000 0.581250 0.598437 0.575000 0.603125 0.568750 0.604688 0.564583 0.606250 0.558333 0.606250 0.547917 0.604688 0.539583 0.596875 0.529167 0.593750 0.527083 0.590625 0.525000 0.578125 0.525000 0.575000 0.527083 0.567187 0.537500 0.560937 0.537500 0.557813 0.533333 0.556250 0.527083 0.551562 0.504167 0.545312 0.487500 0.542188 0.483333 0.540625 0.483333 0.535937 0.477083 0.528125 0.470833
10 0.235937 0.193750 0.232813 0.195833 0.228125 0.200000 0.223438 0.204167 0.217188 0.212500 0.210938 0.218750 0.206250 0.220833 0.201563 0.227083 0.184375 0.239583 0.179688 0.243750 0.175000 0.247917 0.170313 0.254167 0.165625 0.258333 0.160938 0.260417 0.156250 0.266667 0.151562 0.268750 0.140625 0.279167 0.118750 0.300000 0.109375 0.310417 0.107813 0.316667 0.109375 0.320833 0.110937 0.325000 0.117188 0.339583 0.120313 0.345833 0.128125 0.358333 0.129688 0.362500 0.131250 0.370833 0.134375 0.379167 0.146875 0.410417 0.154688 0.420833 0.160938 0.435417 0.167187 0.443750 0.171875 0.447917 0.176563 0.450000 0.184375 0.460417 0.189062 0.462500 0.190625 0.464583 0.193750 0.466667 0.206250 0.481250 0.220312 0.500000 0.223438 0.502083 0.226562 0.504167 0.237500 0.504167 0.243750 0.502083 0.246875 0.500000 0.267188 0.472917 0.275000 0.458333 0.285938 0.443750 0.301563 0.416667 0.312500 0.402083 0.328125 0.375000 0.339062 0.360417 0.339062 0.356250 0.337500 0.352083 0.335938 0.350000 0.326562 0.341667 0.321875 0.335417 0.309375 0.316667 0.306250 0.310417 0.303125 0.304167 0.301563 0.297917 0.298438 0.291667 0.295312 0.285417 0.290625 0.279167 0.287500 0.272917 0.285938 0.266667 0.282813 0.260417 0.276562 0.252083 0.270313 0.237500 0.262500 0.225000 0.251563 0.210417 0.246875 0.200000 0.242188 0.193750 0.235937 0.193750
20 0.367188 0.591667 0.359375 0.595833 0.339062 0.597917 0.321875 0.602083 0.304688 0.608333 0.287500 0.610417 0.279687 0.612500 0.271875 0.614583 0.265625 0.616667 0.262500 0.618750 0.259375 0.622917 0.257812 0.627083 0.257812 0.633333 0.259375 0.647917 0.267188 0.704167 0.268750 0.720833 0.268750 0.737500 0.271875 0.752083 0.275000 0.797917 0.278125 0.812500 0.282813 0.856250 0.284375 0.877083 0.284375 0.895833 0.285938 0.912500 0.289062 0.941667 0.293750 0.970833 0.293750 0.985417 0.295312 0.993750 0.298438 0.997917 0.365625 0.997917 0.371875 0.993750 0.385937 0.993750 0.395313 0.991667 0.403125 0.987500 0.410938 0.987500 0.415625 0.985417 0.420312 0.983333 0.426563 0.979167 0.429688 0.977083 0.431250 0.975000 0.432812 0.970833 0.432812 0.960417 0.429688 0.947917 0.426563 0.920833 0.425000 0.904167 0.423438 0.885417 0.423438 0.864583 0.420312 0.841667 0.417187 0.831250 0.415625 0.820833 0.412500 0.793750 0.409375 0.752083 0.407813 0.737500 0.404687 0.727083 0.400000 0.687500 0.400000 0.672917 0.395313 0.645833 0.395313 0.631250 0.392188 0.612500 0.389062 0.600000 0.385937 0.591667 0.367188 0.591667
10 0.326562 0.345833 0.326562 0.350000 0.323437 0.354167 0.314063 0.364583 0.306250 0.370833 0.293750 0.379167 0.279687 0.391667 0.273438 0.400000 0.268750 0.402083 0.264062 0.408333 0.256250 0.412500 0.253125 0.416667 0.253125 0.418750 0.246875 0.420833 0.242188 0.425000 0.235937 0.433333 0.231250 0.435417 0.215625 0.450000 0.206250 0.462500 0.201563 0.466667 0.196875 0.466667 0.192188 0.464583 0.187500 0.460417 0.184375 0.456250 0.184375 0.460417 0.190625 0.464583 0.200000 0.477083 0.207813 0.483333 0.210938 0.489583 0.220312 0.500000 0.223438 0.502083 0.226562 0.504167 0.242188 0.504167 0.245312 0.502083 0.257812 0.487500 0.273438 0.464583 0.281250 0.450000 0.292187 0.435417 0.306250 0.410417 0.317188 0.395833 0.321875 0.385417 0.332813 0.370833 0.339062 0.360417 0.339062 0.354167 0.335938 0.350000 0.331250 0.345833 0.326562 0.345833
15 0.520312 0.718750 0.514062 0.720833 0.507812 0.722917 0.503125 0.725000 0.498437 0.727083 0.495312 0.729167 0.492188 0.731250 0.487500 0.735417 0.482812 0.739583 0.476562 0.745833 0.471875 0.754167 0.465625 0.772917 0.459375 0.783333 0.456250 0.789583 0.454688 0.795833 0.453125 0.802083 0.451562 0.812500 0.451562 0.850000 0.453125 0.858333 0.454688 0.864583 0.456250 0.870833 0.457813 0.875000 0.460938 0.879167 0.462500 0.883333 0.462500 0.887500 0.464062 0.891667 0.467187 0.897917 0.473438 0.908333 0.482812 0.918750 0.487500 0.922917 0.498437 0.931250 0.506250 0.935417 0.510938 0.937500 0.518750 0.939583 0.535937 0.939583 0.543750 0.937500 0.548438 0.935417 0.553125 0.933333 0.565625 0.925000 0.573438 0.918750 0.578125 0.914583 0.590625 0.897917 0.593750 0.891667 0.598437 0.879167 0.600000 0.872917 0.600000 0.866667 0.603125 0.860417 0.604688 0.852083 0.606250 0.843750 0.606250 0.825000 0.604688 0.812500 0.598437 0.789583 0.598437 0.781250 0.596875 0.775000 0.595313 0.770833 0.590625 0.762500 0.584375 0.752083 0.575000 0.739583 0.570312 0.735417 0.564063 0.731250 0.554688 0.725000 0.550000 0.722917 0.545312 0.720833 0.539062 0.718750 0.520312 0.718750
22 0.195312 0.787500 0.192188 0.789583 0.178125 0.802083 0.167187 0.814583 0.162500 0.818750 0.151562 0.825000 0.148438 0.829167 0.146875 0.829167 0.145313 0.831250 0.143750 0.835417 0.142187 0.839583 0.142187 0.852083 0.145313 0.860417 0.148438 0.864583 0.151562 0.866667 0.156250 0.868750 0.160938 0.868750 0.168750 0.864583 0.171875 0.860417 0.175000 0.860417 0.182812 0.862500 0.185938 0.860417 0.189062 0.856250 0.190625 0.850000 0.195312 0.841667 0.200000 0.833333 0.207813 0.822917 0.212500 0.814583 0.214062 0.810417 0.214062 0.800000 0.212500 0.795833 0.207813 0.789583 0.204687 0.787500 0.195312 0.787500
12 0.595313 0.085417 0.587500 0.087500 0.582812 0.089583 0.578125 0.091667 0.565625 0.100000 0.559375 0.106250 0.551562 0.114583 0.550000 0.116667 0.545312 0.125000 0.540625 0.135417 0.539062 0.139583 0.535937 0.150000 0.534375 0.156250 0.532813 0.162500 0.532813 0.172917 0.529687 0.177083 0.529687 0.191667 0.531250 0.202083 0.532813 0.210417 0.534375 0.216667 0.535937 0.222917 0.539062 0.227083 0.539062 0.231250 0.540625 0.235417 0.546875 0.245833 0.559375 0.262500 0.562500 0.262500 0.573438 0.272917 0.576562 0.275000 0.579688 0.277083 0.584375 0.279167 0.592187 0.281250 0.615625 0.281250 0.623437 0.279167 0.628125 0.277083 0.646875 0.264583 0.653125 0.258333 0.662500 0.245833 0.667188 0.237500 0.673438 0.220833 0.676562 0.210417 0.678125 0.197917 0.678125 0.175000 0.676562 0.162500 0.671875 0.143750 0.670312 0.137500 0.665625 0.127083 0.662500 0.120833 0.650000 0.104167 0.645312 0.100000 0.640625 0.095833 0.629687 0.089583 0.625000 0.087500 0.617188 0.085417 0.595313 0.085417
7 0.478125 0.300000 0.475000 0.302083 0.473438 0.304167 0.467187 0.314583 0.462500 0.325000 0.453125 0.350000 0.450000 0.360417 0.448437 0.368750 0.448437 0.375000 0.453125 0.381250 0.457813 0.385417 0.467187 0.391667 0.471875 0.393750 0.476562 0.393750 0.478125 0.391667 0.484375 0.391667 0.487500 0.395833 0.489063 0.400000 0.490625 0.410417 0.495312 0.422917 0.498437 0.429167 0.507812 0.443750 0.517188 0.456250 0.526563 0.466667 0.535937 0.472917 0.540625 0.479167 0.545312 0.483333 0.556250 0.489583 0.567187 0.500000 0.570312 0.502083 0.573438 0.504167 0.578125 0.506250 0.582812 0.508333 0.589063 0.510417 0.595313 0.520833 0.598437 0.522917 0.614062 0.529167 0.621875 0.533333 0.640625 0.543750 0.648438 0.547917 0.651563 0.550000 0.665625 0.560417 0.676562 0.568750 0.681250 0.575000 0.685937 0.577083 0.695312 0.587500 0.704688 0.595833 0.707812 0.597917 0.715625 0.600000 0.718750 0.604167 0.726562 0.616667 0.737500 0.627083 0.742188 0.629167 0.746875 0.635417 0.751563 0.639583 0.762500 0.645833 0.768750 0.647917 0.775000 0.650000 0.790625 0.652083 0.798438 0.650000 0.801562 0.647917 0.807813 0.639583 0.809375 0.635417 0.810937 0.631250 0.812500 0.616667 0.815625 0.612500 0.818750 0.610417 0.821875 0.610417 0.825000 0.608333 0.829688 0.602083 0.834375 0.591667 0.835938 0.583333 0.835938 0.568750 0.842187 0.558333 0.843750 0.552083 0.843750 0.543750 0.842187 0.539583 0.840625 0.535417 0.832812 0.525000 0.826562 0.518750 0.821875 0.514583 0.814063 0.508333 0.803125 0.500000 0.784375 0.487500 0.779687 0.485417 0.775000 0.483333 0.765625 0.483333 0.760938 0.477083 0.753125 0.470833 0.750000 0.468750 0.746875 0.466667 0.732812 0.460417 0.720313 0.452083 0.698438 0.437500 0.693750 0.433333 0.689063 0.427083 0.679688 0.420833 0.667188 0.406250 0.660937 0.402083 0.654687 0.393750 0.648438 0.389583 0.642188 0.387500 0.635938 0.381250 0.629687 0.372917 0.625000 0.368750 0.606250 0.354167 0.603125 0.352083 0.600000 0.350000 0.576562 0.335417 0.571875 0.333333 0.565625 0.331250 0.540625 0.325000 0.528125 0.325000 0.526563 0.327083 0.512500 0.327083 0.504687 0.314583 0.501563 0.310417 0.496875 0.306250 0.487500 0.300000 0.478125 0.300000
11 0.953125 0.110417 0.948438 0.112500 0.931250 0.120833 0.914062 0.131250 0.895312 0.137500 0.890625 0.141667 0.885938 0.143750 0.879687 0.143750 0.875000 0.145833 0.862500 0.152083 0.850000 0.160417 0.837500 0.164583 0.829688 0.170833 0.821875 0.175000 0.812500 0.177083 0.807813 0.179167 0.800000 0.183333 0.782813 0.195833 0.771875 0.202083 0.764062 0.204167 0.759375 0.206250 0.756250 0.210417 0.751563 0.212500 0.745313 0.214583 0.739062 0.214583 0.732812 0.216667 0.729688 0.218750 0.726562 0.220833 0.725000 0.222917 0.721875 0.231250 0.721875 0.235417 0.723437 0.247917 0.725000 0.258333 0.728125 0.270833 0.734375 0.297917 0.739062 0.316667 0.745313 0.339583 0.746875 0.343750 0.750000 0.350000 0.754687 0.356250 0.757812 0.358333 0.764062 0.358333 0.768750 0.356250 0.773438 0.354167 0.776563 0.352083 0.782813 0.345833 0.790625 0.341667 0.809375 0.335417 0.817187 0.329167 0.825000 0.325000 0.832812 0.325000 0.848437 0.316667 0.859375 0.312500 0.870313 0.308333 0.876563 0.308333 0.890625 0.297917 0.895312 0.295833 0.901563 0.293750 0.914062 0.291667 0.918750 0.289583 0.923438 0.287500 0.945312 0.277083 0.953125 0.270833 0.960938 0.266667 0.995313 0.252083 0.998437 0.252083 0.998437 0.127083 0.993750 0.127083 0.984375 0.116667 0.981250 0.114583 0.978125 0.112500 0.973437 0.110417 0.953125 0.110417
23 0.851562 0.610417 0.848437 0.612500 0.845313 0.614583 0.843750 0.616667 0.842187 0.620833 0.842187 0.629167 0.843750 0.633333 0.848437 0.639583 0.856250 0.641667 0.865625 0.647917 0.881250 0.660417 0.884375 0.660417 0.901563 0.637500 0.909375 0.625000 0.912500 0.618750 0.912500 0.614583 0.870313 0.614583 0.857812 0.610417 0.851562 0.610417
23 0.890625 0.445833 0.881250 0.447917 0.871875 0.452083 0.859375 0.452083 0.848437 0.454167 0.845313 0.456250 0.839063 0.464583 0.837500 0.468750 0.837500 0.481250 0.839063 0.485417 0.843750 0.491667 0.846875 0.493750 0.867188 0.493750 0.884375 0.497917 0.898438 0.495833 0.903125 0.493750 0.909375 0.485417 0.910937 0.481250 0.912500 0.470833 0.910937 0.462500 0.909375 0.458333 0.903125 0.450000 0.900000 0.447917 0.895312 0.447917 0.893750 0.445833 0.890625 0.445833
