9 0.203125 0.466667 0.200000 0.468750 0.193750 0.475000 0.178125 0.477083 0.162500 0.475000 0.156250 0.475000 0.150000 0.479167 0.135937 0.481250 0.118750 0.487500 0.112500 0.489583 0.109375 0.491667 0.101562 0.497917 0.096875 0.502083 0.092188 0.506250 0.078125 0.525000 0.075000 0.531250 0.070312 0.541667 0.068750 0.545833 0.067187 0.550000 0.065625 0.556250 0.064062 0.564583 0.062500 0.572917 0.062500 0.606250 0.064062 0.614583 0.071875 0.639583 0.071875 0.654167 0.073438 0.662500 0.078125 0.675000 0.084375 0.683333 0.093750 0.689583 0.098437 0.691667 0.117188 0.691667 0.125000 0.695833 0.137500 0.697917 0.143750 0.697917 0.160938 0.693750 0.190625 0.695833 0.198437 0.689583 0.210938 0.685417 0.218750 0.681250 0.228125 0.675000 0.239063 0.668750 0.246875 0.660417 0.253125 0.658333 0.256250 0.656250 0.262500 0.647917 0.273438 0.641667 0.278125 0.637500 0.282813 0.631250 0.284375 0.631250 0.287500 0.627083 0.293750 0.616667 0.296875 0.608333 0.301563 0.595833 0.303125 0.587500 0.303125 0.570833 0.306250 0.560417 0.306250 0.537500 0.304688 0.531250 0.303125 0.527083 0.300000 0.520833 0.284375 0.500000 0.278125 0.493750 0.267188 0.485417 0.264062 0.483333 0.259375 0.481250 0.235937 0.475000 0.231250 0.472917 0.226562 0.468750 0.221875 0.468750 0.212500 0.470833 0.207813 0.466667 0.203125 0.466667
9 0.543750 0.727083 0.532813 0.729167 0.528125 0.731250 0.523438 0.733333 0.520312 0.735417 0.501563 0.760417 0.496875 0.772917 0.492188 0.787500 0.490625 0.793750 0.489063 0.806250 0.489063 0.889583 0.490625 0.895833 0.496875 0.912500 0.507812 0.929167 0.510938 0.933333 0.512500 0.933333 0.517188 0.939583 0.525000 0.945833 0.534375 0.952083 0.539062 0.954167 0.546875 0.956250 0.568750 0.956250 0.576562 0.954167 0.584375 0.950000 0.587500 0.947917 0.590625 0.945833 0.596875 0.939583 0.604688 0.931250 0.612500 0.918750 0.615625 0.912500 0.617188 0.908333 0.618750 0.904167 0.623437 0.885417 0.625000 0.875000 0.625000 0.847917 0.623437 0.833333 0.621875 0.827083 0.620313 0.820833 0.614062 0.802083 0.610938 0.793750 0.606250 0.781250 0.596875 0.762500 0.590625 0.754167 0.590625 0.752083 0.585938 0.745833 0.581250 0.743750 0.575000 0.735417 0.567187 0.729167 0.564063 0.727083 0.543750 0.727083
6 0.526563 0.372917 0.521875 0.377083 0.515625 0.383333 0.514062 0.385417 0.514062 0.387500 0.512500 0.391667 0.514062 0.395833 0.515625 0.400000 0.532813 0.422917 0.532813 0.395833 0.531250 0.377083 0.529687 0.372917 0.526563 0.372917
6 0.714063 0.160417 0.707812 0.164583 0.701562 0.177083 0.698438 0.181250 0.696875 0.181250 0.690625 0.187500 0.678125 0.204167 0.668750 0.212500 0.656250 0.229167 0.635938 0.250000 0.615625 0.275000 0.604688 0.285417 0.603125 0.287500 0.600000 0.291667 0.600000 0.295833 0.615625 0.295833 0.626563 0.291667 0.631250 0.293750 0.648438 0.291667 0.651563 0.295833 0.653125 0.310417 0.654687 0.337500 0.654687 0.368750 0.659375 0.410417 0.660937 0.443750 0.660937 0.450000 0.659375 0.454167 0.657813 0.456250 0.654687 0.458333 0.643750 0.458333 0.629687 0.462500 0.606250 0.462500 0.585938 0.464583 0.565625 0.468750 0.565625 0.475000 0.570312 0.483333 0.578125 0.495833 0.585938 0.508333 0.587500 0.510417 0.592187 0.514583 0.600000 0.529167 0.612500 0.545833 0.618750 0.558333 0.621875 0.562500 0.623437 0.562500 0.625000 0.564583 0.632812 0.579167 0.637500 0.583333 0.639062 0.585417 0.640625 0.591667 0.653125 0.608333 0.665625 0.631250 0.671875 0.637500 0.679688 0.652083 0.692187 0.662500 0.693750 0.654167 0.693750 0.643750 0.695312 0.633333 0.701562 0.616667 0.707812 0.608333 0.707812 0.606250 0.712500 0.600000 0.714063 0.600000 0.720313 0.591667 0.723437 0.591667 0.728125 0.585417 0.731250 0.583333 0.743750 0.577083 0.751563 0.575000 0.775000 0.575000 0.782813 0.577083 0.792188 0.583333 0.801562 0.585417 0.807813 0.591667 0.812500 0.593750 0.818750 0.595833 0.826562 0.595833 0.829688 0.593750 0.832812 0.591667 0.840625 0.583333 0.857812 0.564583 0.867188 0.552083 0.871875 0.547917 0.873437 0.547917 0.875000 0.543750 0.876563 0.541667 0.881250 0.539583 0.889062 0.531250 0.896875 0.520833 0.904687 0.514583 0.915625 0.500000 0.921875 0.493750 0.928125 0.489583 0.937500 0.479167 0.945312 0.468750 0.954688 0.458333 0.957812 0.458333 0.967187 0.447917 0.976562 0.437500 0.987500 0.422917 0.989062 0.416667 0.987500 0.412500 0.984375 0.406250 0.971875 0.389583 0.971875 0.387500 0.959375 0.372917 0.953125 0.364583 0.943750 0.352083 0.942187 0.350000 0.928125 0.331250 0.926562 0.329167 0.925000 0.322917 0.915625 0.310417 0.895312 0.283333 0.892188 0.281250 0.884375 0.281250 0.876563 0.283333 0.871875 0.289583 0.867188 0.289583 0.864062 0.295833 0.857812 0.300000 0.850000 0.306250 0.846875 0.308333 0.843750 0.310417 0.835938 0.312500 0.832812 0.316667 0.821875 0.320833 0.809375 0.331250 0.803125 0.333333 0.795312 0.337500 0.784375 0.341667 0.778125 0.341667 0.771875 0.345833 0.757812 0.347917 0.742188 0.347917 0.735938 0.345833 0.731250 0.341667 0.726562 0.341667 0.717187 0.335417 0.712500 0.331250 0.707812 0.325000 0.703125 0.322917 0.696875 0.314583 0.693750 0.308333 0.689063 0.297917 0.687500 0.293750 0.685937 0.289583 0.682813 0.279167 0.681250 0.268750 0.681250 0.239583 0.682813 0.229167 0.684375 0.220833 0.687500 0.210417 0.692187 0.204167 0.692187 0.200000 0.696875 0.191667 0.703125 0.181250 0.704688 0.179167 0.710938 0.170833 0.721875 0.158333 0.723437 0.154167 0.723437 0.150000 0.714063 0.160417
9 0.170313 0.031250 0.164062 0.033333 0.159375 0.035417 0.154688 0.037500 0.151562 0.039583 0.143750 0.045833 0.132812 0.060417 0.128125 0.068750 0.125000 0.075000 0.123438 0.081250 0.121875 0.087500 0.120313 0.104167 0.120313 0.118750 0.121875 0.131250 0.123438 0.137500 0.125000 0.141667 0.131250 0.156250 0.135937 0.164583 0.146875 0.179167 0.160938 0.193750 0.165625 0.197917 0.167187 0.197917 0.168750 0.200000 0.170313 0.204167 0.171875 0.208333 0.173437 0.218750 0.182812 0.243750 0.185938 0.250000 0.192188 0.260417 0.200000 0.272917 0.209375 0.283333 0.217188 0.291667 0.225000 0.297917 0.228125 0.297917 0.242188 0.308333 0.253125 0.318750 0.259375 0.327083 0.264062 0.331250 0.271875 0.337500 0.279687 0.343750 0.282813 0.345833 0.290625 0.350000 0.298438 0.352083 0.320312 0.352083 0.329688 0.350000 0.337500 0.345833 0.342187 0.341667 0.346875 0.337500 0.357812 0.322917 0.360938 0.316667 0.364063 0.310417 0.365625 0.306250 0.367188 0.300000 0.368750 0.293750 0.368750 0.258333 0.367188 0.250000 0.365625 0.243750 0.359375 0.227083 0.354687 0.216667 0.348438 0.208333 0.337500 0.187500 0.337500 0.183333 0.334375 0.179167 0.331250 0.172917 0.323437 0.158333 0.317188 0.147917 0.301563 0.127083 0.295312 0.120833 0.284375 0.110417 0.278125 0.106250 0.268750 0.100000 0.264062 0.100000 0.259375 0.095833 0.246875 0.093750 0.242188 0.087500 0.239063 0.079167 0.232813 0.068750 0.218750 0.050000 0.212500 0.043750 0.203125 0.037500 0.196875 0.035417 0.189062 0.033333 0.179688 0.033333 0.178125 0.031250 0.170313 0.031250
9 0.751563 0.577083 0.743750 0.579167 0.732812 0.585417 0.729688 0.587500 0.718750 0.595833 0.712500 0.602083 0.706250 0.610417 0.703125 0.616667 0.700000 0.622917 0.695312 0.637500 0.693750 0.643750 0.692187 0.656250 0.692187 0.668750 0.693750 0.677083 0.698438 0.685417 0.698438 0.691667 0.703125 0.704167 0.706250 0.710417 0.725000 0.735417 0.734375 0.743750 0.743750 0.756250 0.751563 0.764583 0.753125 0.764583 0.762500 0.777083 0.771875 0.785417 0.792188 0.808333 0.814063 0.835417 0.821875 0.843750 0.826562 0.847917 0.831250 0.852083 0.843750 0.860417 0.848437 0.862500 0.853125 0.864583 0.859375 0.866667 0.867188 0.868750 0.882812 0.868750 0.887500 0.864583 0.893750 0.870833 0.901563 0.879167 0.914062 0.887500 0.917188 0.889583 0.918750 0.891667 0.918750 0.893750 0.921875 0.897917 0.946875 0.929167 0.953125 0.941667 0.965625 0.958333 0.976562 0.970833 0.979688 0.972917 0.985938 0.975000 0.992188 0.977083 0.998437 0.977083 0.998437 0.960417 0.995313 0.960417 0.989062 0.954167 0.979688 0.941667 0.967187 0.920833 0.960938 0.914583 0.957812 0.910417 0.954688 0.902083 0.953125 0.900000 0.951562 0.900000 0.948438 0.895833 0.948438 0.889583 0.953125 0.883333 0.956250 0.881250 0.960938 0.881250 0.968750 0.875000 0.971875 0.870833 0.971875 0.866667 0.976562 0.860417 0.981250 0.856250 0.984375 0.856250 0.987500 0.852083 0.993750 0.841667 0.998437 0.839583 0.998437 0.750000 0.985938 0.735417 0.982812 0.725000 0.979688 0.720833 0.970313 0.714583 0.965625 0.714583 0.962500 0.712500 0.960938 0.706250 0.957812 0.695833 0.934375 0.664583 0.928125 0.658333 0.923438 0.654167 0.918750 0.650000 0.909375 0.643750 0.896875 0.637500 0.870313 0.627083 0.843750 0.614583 0.835938 0.608333 0.831250 0.608333 0.825000 0.600000 0.820312 0.597917 0.815625 0.593750 0.809375 0.593750 0.804688 0.591667 0.801562 0.587500 0.796875 0.587500 0.792188 0.583333 0.787500 0.581250 0.781250 0.579167 0.771875 0.577083 0.751563 0.577083
6 0.434375 0.031250 0.415625 0.033333 0.400000 0.037500 0.379688 0.039583 0.360938 0.041667 0.321875 0.043750 0.303125 0.047917 0.279687 0.047917 0.264062 0.050000 0.250000 0.054167 0.235937 0.054167 0.229687 0.058333 0.232813 0.062500 0.235937 0.070833 0.240625 0.079167 0.248438 0.089583 0.254688 0.091667 0.262500 0.095833 0.267188 0.095833 0.275000 0.100000 0.278125 0.102083 0.281250 0.104167 0.296875 0.118750 0.303125 0.125000 0.318750 0.145833 0.325000 0.156250 0.331250 0.166667 0.339062 0.181250 0.346875 0.195833 0.348438 0.202083 0.360938 0.222917 0.365625 0.235417 0.368750 0.245833 0.370312 0.252083 0.371875 0.264583 0.371875 0.289583 0.370312 0.297917 0.368750 0.304167 0.362500 0.320833 0.345313 0.343750 0.332813 0.352083 0.328125 0.354167 0.321875 0.356250 0.296875 0.356250 0.292187 0.354167 0.279687 0.347917 0.276562 0.345833 0.262500 0.335417 0.256250 0.329167 0.250000 0.320833 0.235937 0.308333 0.232813 0.308333 0.217188 0.295833 0.207813 0.285417 0.190625 0.262500 0.182812 0.250000 0.179688 0.241667 0.175000 0.229167 0.168750 0.208333 0.167187 0.204167 0.160938 0.195833 0.153125 0.189583 0.143750 0.179167 0.134375 0.166667 0.128125 0.156250 0.126562 0.150000 0.121875 0.150000 0.121875 0.185417 0.123438 0.229167 0.125000 0.254167 0.128125 0.272917 0.129688 0.312500 0.132812 0.329167 0.132812 0.345833 0.135937 0.362500 0.135937 0.381250 0.139063 0.400000 0.139063 0.418750 0.142187 0.450000 0.143750 0.452083 0.143750 0.466667 0.145313 0.468750 0.145313 0.472917 0.175000 0.472917 0.190625 0.470833 0.195312 0.468750 0.203125 0.462500 0.209375 0.462500 0.212500 0.464583 0.215625 0.468750 0.226562 0.468750 0.240625 0.475000 0.254688 0.477083 0.265625 0.481250 0.275000 0.487500 0.279687 0.491667 0.296875 0.514583 0.323437 0.514583 0.329688 0.512500 0.332813 0.510417 0.337500 0.506250 0.351562 0.487500 0.362500 0.477083 0.376563 0.460417 0.392188 0.439583 0.418750 0.408333 0.431250 0.393750 0.443750 0.379167 0.451562 0.375000 0.465625 0.395833 0.475000 0.408333 0.478125 0.408333 0.478125 0.358333 0.473438 0.314583 0.471875 0.291667 0.470313 0.264583 0.468750 0.210417 0.464062 0.137500 0.462500 0.112500 0.459375 0.089583 0.459375 0.054167 0.457813 0.037500 0.453125 0.031250 0.434375 0.031250
6 0.450000 0.379167 0.446875 0.381250 0.442188 0.385417 0.431250 0.400000 0.417187 0.414583 0.385937 0.454167 0.373437 0.466667 0.343750 0.504167 0.329688 0.518750 0.307812 0.547917 0.306250 0.552083 0.306250 0.566667 0.303125 0.575000 0.303125 0.589583 0.303125 0.597917 0.300000 0.604167 0.293750 0.618750 0.289062 0.627083 0.276562 0.643750 0.265625 0.650000 0.259375 0.658333 0.262500 0.662500 0.262500 0.664583 0.267188 0.670833 0.270313 0.679167 0.282813 0.697917 0.285938 0.702083 0.289062 0.706250 0.290625 0.708333 0.300000 0.720833 0.301563 0.722917 0.307812 0.729167 0.310937 0.729167 0.326562 0.708333 0.334375 0.700000 0.340625 0.693750 0.348438 0.687500 0.356250 0.683333 0.360938 0.681250 0.368750 0.679167 0.378125 0.677083 0.392188 0.677083 0.400000 0.679167 0.404687 0.681250 0.409375 0.683333 0.412500 0.685417 0.417187 0.689583 0.423438 0.697917 0.425000 0.697917 0.429688 0.704167 0.429688 0.706250 0.435937 0.714583 0.440625 0.725000 0.442188 0.733333 0.443750 0.741667 0.443750 0.787500 0.442188 0.795833 0.440625 0.802083 0.439063 0.808333 0.435937 0.812500 0.435937 0.818750 0.431250 0.825000 0.429688 0.829167 0.425000 0.843750 0.421875 0.858333 0.420312 0.862500 0.418750 0.866667 0.415625 0.870833 0.414062 0.875000 0.412500 0.879167 0.412500 0.891667 0.415625 0.895833 0.418750 0.897917 0.423438 0.895833 0.423438 0.893750 0.425000 0.891667 0.432812 0.883333 0.439063 0.879167 0.450000 0.866667 0.476562 0.833333 0.484375 0.822917 0.487500 0.816667 0.489063 0.804167 0.489063 0.793750 0.493750 0.775000 0.498437 0.762500 0.503125 0.754167 0.507812 0.745833 0.509375 0.743750 0.515625 0.737500 0.528125 0.729167 0.532813 0.727083 0.540625 0.725000 0.564063 0.725000 0.567187 0.722917 0.584375 0.702083 0.601562 0.681250 0.617188 0.662500 0.628125 0.645833 0.626563 0.641667 0.617188 0.627083 0.590625 0.589583 0.582812 0.575000 0.567187 0.554167 0.554688 0.535417 0.543750 0.516667 0.515625 0.477083 0.503125 0.458333 0.482812 0.425000 0.468750 0.406250 0.457813 0.387500 0.453125 0.381250 0.450000 0.379167
9 0.892188 0.002083 0.882812 0.004167 0.875000 0.008333 0.864062 0.016667 0.859375 0.018750 0.845313 0.018750 0.835938 0.020833 0.829688 0.022917 0.823438 0.025000 0.817187 0.029167 0.801562 0.039583 0.790625 0.050000 0.775000 0.070833 0.767188 0.083333 0.762500 0.091667 0.751563 0.114583 0.746875 0.122917 0.723437 0.156250 0.712500 0.168750 0.710938 0.175000 0.707812 0.179167 0.706250 0.179167 0.703125 0.183333 0.701562 0.189583 0.695312 0.197917 0.695312 0.202083 0.690625 0.208333 0.689063 0.212500 0.684375 0.229167 0.682813 0.243750 0.681250 0.264583 0.682813 0.272917 0.684375 0.281250 0.685937 0.285417 0.689063 0.289583 0.690625 0.300000 0.693750 0.304167 0.693750 0.308333 0.696875 0.314583 0.701562 0.320833 0.706250 0.325000 0.714063 0.331250 0.720313 0.333333 0.726562 0.339583 0.731250 0.341667 0.735938 0.343750 0.751563 0.345833 0.759375 0.345833 0.760938 0.343750 0.768750 0.345833 0.775000 0.341667 0.781250 0.341667 0.787500 0.339583 0.796875 0.333333 0.803125 0.333333 0.807813 0.331250 0.821875 0.322917 0.831250 0.316667 0.834375 0.314583 0.846875 0.304167 0.850000 0.304167 0.854688 0.297917 0.859375 0.297917 0.862500 0.293750 0.865625 0.293750 0.870313 0.287500 0.873437 0.285417 0.876563 0.283333 0.884375 0.281250 0.890625 0.275000 0.893750 0.272917 0.901563 0.270833 0.906250 0.264583 0.915625 0.258333 0.920312 0.254167 0.937500 0.231250 0.942187 0.222917 0.945312 0.214583 0.950000 0.202083 0.951562 0.191667 0.953125 0.187500 0.954688 0.183333 0.959375 0.177083 0.965625 0.170833 0.978125 0.160417 0.989062 0.147917 0.995313 0.139583 0.998437 0.133333 0.998437 0.064583 0.995313 0.060417 0.995313 0.056250 0.987500 0.045833 0.982812 0.041667 0.973437 0.035417 0.956250 0.025000 0.948438 0.014583 0.943750 0.012500 0.937500 0.008333 0.932813 0.006250 0.928125 0.004167 0.921875 0.002083 0.892188 0.002083
9 0.382812 0.677083 0.368750 0.679167 0.364063 0.683333 0.359375 0.683333 0.354687 0.685417 0.351562 0.687500 0.348438 0.691667 0.342187 0.693750 0.335938 0.700000 0.320312 0.718750 0.306250 0.737500 0.304688 0.743750 0.295312 0.756250 0.287500 0.760417 0.282813 0.764583 0.276562 0.770833 0.260937 0.793750 0.259375 0.793750 0.257812 0.795833 0.246875 0.812500 0.243750 0.818750 0.240625 0.825000 0.239063 0.829167 0.237500 0.833333 0.232813 0.847917 0.231250 0.856250 0.229687 0.864583 0.228125 0.877083 0.228125 0.897917 0.229687 0.910417 0.231250 0.918750 0.232813 0.925000 0.235937 0.935417 0.240625 0.947917 0.243750 0.954167 0.256250 0.970833 0.262500 0.977083 0.270313 0.983333 0.278125 0.987500 0.289062 0.991667 0.332813 0.991667 0.340625 0.989583 0.345313 0.987500 0.353125 0.983333 0.357812 0.979167 0.362500 0.975000 0.379688 0.952083 0.382812 0.945833 0.390625 0.925000 0.398438 0.912500 0.398438 0.908333 0.401562 0.904167 0.401562 0.900000 0.406250 0.889583 0.414062 0.875000 0.415625 0.870833 0.417187 0.860417 0.418750 0.856250 0.420312 0.852083 0.425000 0.843750 0.428125 0.835417 0.429688 0.825000 0.434375 0.820833 0.435937 0.816667 0.437500 0.810417 0.443750 0.779167 0.443750 0.739583 0.440625 0.733333 0.440625 0.727083 0.437500 0.720833 0.434375 0.714583 0.428125 0.704167 0.420312 0.693750 0.412500 0.687500 0.409375 0.685417 0.396875 0.679167 0.392188 0.677083 0.382812 0.677083
