15 0.329688 0.108333 0.323437 0.110417 0.318750 0.112500 0.314063 0.114583 0.304688 0.120833 0.298438 0.127083 0.290625 0.135417 0.289062 0.137500 0.289062 0.139583 0.285938 0.145833 0.279687 0.154167 0.276562 0.160417 0.270313 0.177083 0.268750 0.183333 0.268750 0.235417 0.270313 0.241667 0.275000 0.250000 0.275000 0.256250 0.278125 0.266667 0.282813 0.277083 0.285938 0.283333 0.289062 0.287500 0.290625 0.287500 0.295312 0.293750 0.309375 0.304167 0.318750 0.310417 0.323437 0.312500 0.329688 0.314583 0.365625 0.316667 0.370312 0.316667 0.371875 0.314583 0.378125 0.314583 0.387500 0.308333 0.392188 0.304167 0.396875 0.297917 0.407813 0.281250 0.412500 0.272917 0.417187 0.264583 0.420312 0.258333 0.421875 0.254167 0.423438 0.243750 0.425000 0.227083 0.425000 0.202083 0.423438 0.189583 0.421875 0.181250 0.418750 0.172917 0.410938 0.152083 0.401562 0.137500 0.396875 0.131250 0.390625 0.125000 0.379688 0.116667 0.375000 0.114583 0.365625 0.110417 0.357812 0.108333 0.329688 0.108333
17 0.529687 0.625000 0.532813 0.627083 0.531250 0.635417 0.525000 0.660417 0.525000 0.668750 0.531250 0.670833 0.537500 0.662500 0.540625 0.654167 0.546875 0.645833 0.548438 0.639583 0.551562 0.635417 0.557813 0.637500 0.556250 0.645833 0.548438 0.662500 0.543750 0.668750 0.543750 0.672917 0.540625 0.677083 0.540625 0.683333 0.543750 0.693750 0.545312 0.697917 0.546875 0.700000 0.550000 0.702083 0.553125 0.704167 0.575000 0.704167 0.589063 0.700000 0.604688 0.700000 0.609375 0.706250 0.610938 0.718750 0.607812 0.725000 0.604688 0.727083 0.600000 0.729167 0.595313 0.729167 0.592187 0.731250 0.589063 0.733333 0.575000 0.745833 0.564063 0.752083 0.560937 0.756250 0.567187 0.766667 0.565625 0.772917 0.557813 0.766667 0.551562 0.764583 0.542188 0.764583 0.539062 0.766667 0.535937 0.768750 0.534375 0.770833 0.532813 0.775000 0.529687 0.785417 0.528125 0.789583 0.526563 0.791667 0.523438 0.793750 0.520312 0.793750 0.517188 0.795833 0.514062 0.800000 0.518750 0.800000 0.523438 0.800000 0.528125 0.797917 0.531250 0.793750 0.542188 0.791667 0.546875 0.787500 0.551562 0.787500 0.560937 0.781250 0.564063 0.777083 0.565625 0.772917 0.567187 0.766667 0.570312 0.768750 0.573438 0.768750 0.576562 0.772917 0.579688 0.772917 0.584375 0.770833 0.590625 0.762500 0.587500 0.758333 0.587500 0.752083 0.590625 0.752083 0.592187 0.750000 0.598437 0.750000 0.601562 0.747917 0.604688 0.745833 0.609375 0.739583 0.614062 0.739583 0.617188 0.750000 0.620313 0.754167 0.623437 0.754167 0.626563 0.756250 0.626563 0.762500 0.623437 0.766667 0.623437 0.781250 0.615625 0.783333 0.610938 0.791667 0.609375 0.793750 0.606250 0.795833 0.600000 0.795833 0.598437 0.791667 0.598437 0.785417 0.595313 0.781250 0.592187 0.781250 0.578125 0.787500 0.570312 0.791667 0.562500 0.795833 0.545312 0.808333 0.517188 0.820833 0.509375 0.827083 0.506250 0.827083 0.504687 0.841667 0.506250 0.843750 0.506250 0.854167 0.504687 0.860417 0.496875 0.870833 0.490625 0.872917 0.484375 0.872917 0.478125 0.870833 0.475000 0.868750 0.473438 0.866667 0.470313 0.862500 0.468750 0.860417 0.467187 0.856250 0.464062 0.845833 0.462500 0.839583 0.460938 0.831250 0.460938 0.804167 0.465625 0.795833 0.465625 0.770833 0.464062 0.764583 0.460938 0.758333 0.456250 0.752083 0.454688 0.747917 0.454688 0.737500 0.460938 0.735417 0.465625 0.729167 0.467187 0.725000 0.467187 0.720833 0.468750 0.716667 0.475000 0.708333 0.478125 0.706250 0.490625 0.706250 0.493750 0.704167 0.496875 0.691667 0.501563 0.677083 0.509375 0.658333 0.514062 0.637500 0.515625 0.633333 0.517188 0.629167 0.520312 0.625000 0.529687 0.625000
8 0.704688 0.077083 0.696875 0.079167 0.692187 0.081250 0.684375 0.085417 0.675000 0.091667 0.662500 0.106250 0.660937 0.106250 0.657813 0.110417 0.654687 0.116667 0.650000 0.127083 0.648438 0.131250 0.646875 0.141667 0.643750 0.152083 0.642188 0.156250 0.639062 0.158333 0.637500 0.164583 0.634375 0.170833 0.632812 0.181250 0.629687 0.189583 0.623437 0.202083 0.623437 0.210417 0.620313 0.216667 0.618750 0.222917 0.618750 0.243750 0.621875 0.256250 0.625000 0.260417 0.626563 0.260417 0.629687 0.264583 0.639062 0.279167 0.643750 0.281250 0.645312 0.283333 0.651563 0.293750 0.660937 0.295833 0.675000 0.295833 0.676562 0.293750 0.692187 0.293750 0.698438 0.287500 0.704688 0.281250 0.725000 0.254167 0.731250 0.247917 0.732812 0.247917 0.735938 0.243750 0.735938 0.241667 0.739062 0.237500 0.740625 0.237500 0.746875 0.231250 0.756250 0.218750 0.762500 0.208333 0.765625 0.202083 0.767188 0.195833 0.768750 0.189583 0.770312 0.181250 0.771875 0.172917 0.771875 0.139583 0.770312 0.131250 0.767188 0.122917 0.762500 0.110417 0.756250 0.100000 0.754687 0.097917 0.748437 0.091667 0.743750 0.087500 0.740625 0.085417 0.737500 0.083333 0.732812 0.081250 0.728125 0.079167 0.721875 0.077083 0.704688 0.077083
0 0.542188 0.268750 0.520312 0.270833 0.510938 0.272917 0.504687 0.277083 0.495312 0.277083 0.487500 0.279167 0.473438 0.285417 0.460938 0.291667 0.457813 0.293750 0.454688 0.295833 0.437500 0.314583 0.435937 0.314583 0.434375 0.316667 0.429688 0.325000 0.426563 0.331250 0.425000 0.335417 0.425000 0.339583 0.426563 0.341667 0.426563 0.347917 0.434375 0.358333 0.437500 0.360417 0.440625 0.362500 0.450000 0.362500 0.457813 0.360417 0.475000 0.354167 0.490625 0.347917 0.495312 0.345833 0.500000 0.341667 0.504687 0.339583 0.512500 0.337500 0.521875 0.335417 0.532813 0.333333 0.543750 0.331250 0.560937 0.331250 0.571875 0.329167 0.576562 0.327083 0.579688 0.325000 0.582812 0.320833 0.584375 0.318750 0.584375 0.316667 0.587500 0.312500 0.589063 0.308333 0.589063 0.304167 0.587500 0.302083 0.587500 0.295833 0.585938 0.291667 0.582812 0.287500 0.578125 0.283333 0.571875 0.279167 0.562500 0.272917 0.551562 0.268750 0.542188 0.268750
0 0.590625 0.402083 0.559375 0.404167 0.543750 0.406250 0.534375 0.410417 0.525000 0.410417 0.514062 0.412500 0.509375 0.414583 0.500000 0.420833 0.489063 0.422917 0.476562 0.431250 0.473438 0.435417 0.470313 0.441667 0.468750 0.447917 0.468750 0.458333 0.470313 0.464583 0.471875 0.468750 0.473438 0.472917 0.479687 0.481250 0.482812 0.483333 0.514062 0.483333 0.525000 0.477083 0.531250 0.475000 0.546875 0.472917 0.551562 0.468750 0.571875 0.468750 0.584375 0.466667 0.595313 0.464583 0.601562 0.458333 0.607812 0.458333 0.614062 0.456250 0.617188 0.454167 0.625000 0.445833 0.626563 0.445833 0.628125 0.443750 0.629687 0.439583 0.631250 0.435417 0.631250 0.429167 0.629687 0.422917 0.626563 0.416667 0.623437 0.412500 0.618750 0.408333 0.615625 0.406250 0.610938 0.404167 0.601562 0.402083 0.590625 0.402083
0 0.590625 0.468750 0.579688 0.475000 0.560937 0.481250 0.553125 0.483333 0.540625 0.485417 0.528125 0.487500 0.487500 0.485417 0.481250 0.485417 0.479687 0.487500 0.471875 0.487500 0.467187 0.489583 0.459375 0.500000 0.457813 0.506250 0.457813 0.514583 0.459375 0.520833 0.460938 0.525000 0.467187 0.533333 0.478125 0.541667 0.485938 0.545833 0.490625 0.547917 0.501563 0.550000 0.532813 0.550000 0.540625 0.545833 0.557813 0.545833 0.564063 0.543750 0.575000 0.537500 0.584375 0.537500 0.589063 0.535417 0.598437 0.529167 0.609375 0.520833 0.615625 0.514583 0.623437 0.504167 0.625000 0.500000 0.625000 0.489583 0.623437 0.485417 0.621875 0.481250 0.614062 0.470833 0.610938 0.468750 0.590625 0.468750
8 0.842187 0.189583 0.831250 0.191667 0.821875 0.195833 0.817187 0.197917 0.814063 0.202083 0.810937 0.202083 0.806250 0.206250 0.798438 0.216667 0.792188 0.222917 0.790625 0.222917 0.787500 0.227083 0.778125 0.241667 0.771875 0.245833 0.765625 0.254167 0.756250 0.260417 0.750000 0.266667 0.742188 0.275000 0.732812 0.287500 0.729688 0.293750 0.728125 0.297917 0.723437 0.314583 0.721875 0.325000 0.721875 0.335417 0.723437 0.345833 0.725000 0.350000 0.734375 0.368750 0.745313 0.383333 0.753125 0.389583 0.756250 0.391667 0.760938 0.393750 0.765625 0.395833 0.779687 0.395833 0.793750 0.391667 0.803125 0.387500 0.821875 0.379167 0.834375 0.372917 0.837500 0.368750 0.840625 0.366667 0.850000 0.364583 0.854688 0.362500 0.865625 0.354167 0.873437 0.352083 0.876563 0.350000 0.879687 0.347917 0.885938 0.341667 0.892188 0.333333 0.893750 0.327083 0.901563 0.314583 0.906250 0.306250 0.907813 0.300000 0.909375 0.293750 0.910937 0.281250 0.910937 0.275000 0.909375 0.247917 0.907813 0.241667 0.906250 0.237500 0.901563 0.229167 0.892188 0.214583 0.889062 0.210417 0.887500 0.210417 0.882812 0.204167 0.878125 0.200000 0.875000 0.197917 0.862500 0.191667 0.853125 0.189583 0.842187 0.189583
0 0.581250 0.331250 0.579688 0.333333 0.571875 0.335417 0.559375 0.337500 0.556250 0.335417 0.545312 0.339583 0.526563 0.339583 0.518750 0.345833 0.506250 0.347917 0.500000 0.350000 0.490625 0.356250 0.485938 0.360417 0.481250 0.364583 0.475000 0.370833 0.473438 0.372917 0.468750 0.381250 0.467187 0.387500 0.467187 0.397917 0.468750 0.402083 0.476562 0.412500 0.489063 0.414583 0.496875 0.414583 0.498437 0.412500 0.507812 0.412500 0.517188 0.408333 0.528125 0.408333 0.548438 0.402083 0.562500 0.400000 0.587500 0.400000 0.604688 0.397917 0.612500 0.395833 0.621875 0.389583 0.626563 0.383333 0.628125 0.379167 0.629687 0.375000 0.629687 0.358333 0.628125 0.354167 0.626563 0.350000 0.621875 0.343750 0.618750 0.341667 0.615625 0.339583 0.609375 0.337500 0.585938 0.331250 0.581250 0.331250
5 0.739062 0.437500 0.739062 0.464583 0.740625 0.489583 0.742188 0.512500 0.745313 0.552083 0.746875 0.568750 0.748437 0.585417 0.754687 0.641667 0.762500 0.697917 0.767188 0.739583 0.768750 0.768750 0.773438 0.810417 0.775000 0.825000 0.776563 0.833333 0.778125 0.837500 0.779687 0.841667 0.782813 0.847917 0.785937 0.850000 0.790625 0.852083 0.793750 0.850000 0.795312 0.845833 0.796875 0.833333 0.795312 0.818750 0.793750 0.804167 0.792188 0.789583 0.784375 0.745833 0.781250 0.722917 0.778125 0.700000 0.776563 0.687500 0.771875 0.645833 0.770312 0.631250 0.770312 0.602083 0.771875 0.593750 0.779687 0.568750 0.781250 0.560417 0.781250 0.547917 0.778125 0.529167 0.776563 0.520833 0.775000 0.512500 0.773438 0.506250 0.770312 0.495833 0.765625 0.481250 0.760938 0.468750 0.756250 0.458333 0.753125 0.452083 0.750000 0.445833 0.745313 0.437500 0.739062 0.437500
0 0.307812 0.495833 0.303125 0.500000 0.296875 0.500000 0.292187 0.502083 0.284375 0.512500 0.281250 0.514583 0.276562 0.514583 0.271875 0.516667 0.264062 0.522917 0.253125 0.531250 0.248438 0.535417 0.245312 0.539583 0.243750 0.543750 0.243750 0.552083 0.242188 0.560417 0.240625 0.564583 0.237500 0.568750 0.235937 0.572917 0.234375 0.581250 0.234375 0.591667 0.235937 0.595833 0.239063 0.602083 0.248438 0.614583 0.257812 0.616667 0.270313 0.616667 0.276562 0.620833 0.278125 0.625000 0.281250 0.635417 0.290625 0.645833 0.295312 0.654167 0.298438 0.656250 0.301563 0.658333 0.307812 0.658333 0.314063 0.660417 0.321875 0.666667 0.329688 0.677083 0.335938 0.681250 0.342187 0.689583 0.345313 0.700000 0.356250 0.716667 0.359375 0.725000 0.364063 0.737500 0.364063 0.743750 0.365625 0.747917 0.368750 0.752083 0.371875 0.750000 0.375000 0.747917 0.384375 0.737500 0.390625 0.731250 0.393750 0.731250 0.396875 0.727083 0.400000 0.725000 0.407813 0.722917 0.410938 0.720833 0.417187 0.714583 0.418750 0.712500 0.423438 0.704167 0.426563 0.697917 0.431250 0.683333 0.432812 0.677083 0.434375 0.668750 0.434375 0.637500 0.431250 0.633333 0.431250 0.620833 0.429688 0.612500 0.428125 0.604167 0.426563 0.600000 0.420312 0.589583 0.415625 0.575000 0.407813 0.564583 0.404687 0.562500 0.395313 0.562500 0.389062 0.554167 0.384375 0.541667 0.375000 0.531250 0.371875 0.527083 0.370312 0.522917 0.368750 0.516667 0.368750 0.506250 0.367188 0.502083 0.353125 0.502083 0.348438 0.497917 0.343750 0.495833 0.307812 0.495833
0 0.242188 0.618750 0.226562 0.620833 0.220312 0.622917 0.214062 0.625000 0.204687 0.631250 0.187500 0.654167 0.184375 0.660417 0.184375 0.666667 0.179688 0.672917 0.178125 0.679167 0.178125 0.685417 0.181250 0.691667 0.181250 0.702083 0.182812 0.710417 0.184375 0.716667 0.192188 0.739583 0.193750 0.743750 0.196875 0.750000 0.201563 0.756250 0.209375 0.762500 0.226562 0.783333 0.232813 0.787500 0.250000 0.808333 0.253125 0.814583 0.265625 0.827083 0.267188 0.831250 0.270313 0.835417 0.278125 0.843750 0.282813 0.847917 0.285938 0.850000 0.289062 0.852083 0.306250 0.852083 0.310937 0.850000 0.321875 0.843750 0.325000 0.841667 0.328125 0.839583 0.332813 0.835417 0.337500 0.829167 0.340625 0.818750 0.343750 0.814583 0.345313 0.812500 0.346875 0.810417 0.348438 0.810417 0.353125 0.806250 0.354687 0.804167 0.357812 0.797917 0.360938 0.793750 0.364063 0.783333 0.364063 0.745833 0.362500 0.739583 0.360938 0.733333 0.354687 0.718750 0.346875 0.710417 0.345313 0.704167 0.340625 0.691667 0.332813 0.681250 0.317188 0.666667 0.312500 0.662500 0.307812 0.660417 0.296875 0.658333 0.293750 0.656250 0.275000 0.631250 0.275000 0.622917 0.271875 0.620833 0.260937 0.618750 0.242188 0.618750
6 0.681250 0.422917 0.678125 0.425000 0.678125 0.439583 0.676562 0.456250 0.675000 0.464583 0.670312 0.481250 0.673438 0.485417 0.679688 0.485417 0.684375 0.489583 0.689063 0.489583 0.690625 0.485417 0.692187 0.481250 0.693750 0.472917 0.700000 0.475000 0.700000 0.489583 0.701562 0.485417 0.701562 0.475000 0.704688 0.470833 0.707812 0.470833 0.710938 0.475000 0.712500 0.479167 0.712500 0.472917 0.715625 0.468750 0.720313 0.475000 0.720313 0.487500 0.721875 0.475000 0.725000 0.470833 0.728125 0.470833 0.731250 0.475000 0.732812 0.483333 0.734375 0.497917 0.735938 0.522917 0.735938 0.529167 0.734375 0.554167 0.732812 0.566667 0.731250 0.575000 0.728125 0.581250 0.728125 0.589583 0.725000 0.597917 0.723437 0.610417 0.723437 0.681250 0.725000 0.727083 0.726562 0.758333 0.728125 0.789583 0.731250 0.818750 0.731250 0.875000 0.729688 0.879167 0.726562 0.883333 0.723437 0.885417 0.718750 0.883333 0.714063 0.877083 0.712500 0.872917 0.710938 0.866667 0.709375 0.856250 0.707812 0.812500 0.709375 0.802083 0.707812 0.737500 0.704688 0.693750 0.704688 0.639583 0.703125 0.620833 0.698438 0.606250 0.698438 0.600000 0.696875 0.595833 0.687500 0.606250 0.684375 0.612500 0.682813 0.618750 0.681250 0.631250 0.681250 0.716667 0.679688 0.785417 0.678125 0.837500 0.676562 0.866667 0.675000 0.870833 0.667188 0.872917 0.664062 0.868750 0.662500 0.858333 0.660937 0.831250 0.659375 0.787500 0.660937 0.779167 0.660937 0.660417 0.660937 0.633333 0.659375 0.620833 0.657813 0.614583 0.656250 0.610417 0.653125 0.604167 0.648438 0.597917 0.643750 0.587500 0.642188 0.583333 0.640625 0.575000 0.640625 0.566667 0.639062 0.564583 0.639062 0.560417 0.635938 0.560417 0.629687 0.568750 0.626563 0.575000 0.625000 0.579167 0.625000 0.595833 0.623437 0.629167 0.621875 0.658333 0.620313 0.681250 0.617188 0.702083 0.615625 0.729167 0.617188 0.737500 0.620313 0.743750 0.621875 0.750000 0.626563 0.752083 0.629687 0.756250 0.629687 0.762500 0.626563 0.766667 0.626563 0.772917 0.628125 0.775000 0.628125 0.783333 0.625000 0.787500 0.618750 0.787500 0.615625 0.789583 0.612500 0.797917 0.612500 0.829167 0.609375 0.852083 0.607812 0.870833 0.609375 0.877083 0.612500 0.877083 0.614062 0.879167 0.629687 0.879167 0.651563 0.885417 0.675000 0.889583 0.690625 0.889583 0.703125 0.893750 0.720313 0.895833 0.768750 0.897917 0.778125 0.897917 0.781250 0.895833 0.782813 0.885417 0.790625 0.885417 0.793750 0.883333 0.793750 0.860417 0.792188 0.854167 0.787500 0.854167 0.784375 0.852083 0.778125 0.843750 0.776563 0.839583 0.775000 0.835417 0.773438 0.829167 0.771875 0.814583 0.770312 0.802083 0.770312 0.787500 0.767188 0.772917 0.767188 0.758333 0.765625 0.743750 0.762500 0.731250 0.757812 0.689583 0.757812 0.675000 0.754687 0.662500 0.753125 0.647917 0.751563 0.633333 0.751563 0.616667 0.750000 0.604167 0.746875 0.591667 0.745313 0.577083 0.743750 0.560417 0.739062 0.504167 0.739062 0.475000 0.735938 0.447917 0.735938 0.439583 0.737500 0.435417 0.739062 0.433333 0.740625 0.433333 0.743750 0.431250 0.748437 0.437500 0.750000 0.443750 0.754687 0.450000 0.759375 0.460417 0.764062 0.470833 0.764062 0.475000 0.767188 0.479167 0.768750 0.483333 0.771875 0.493750 0.775000 0.504167 0.776563 0.510417 0.778125 0.516667 0.779687 0.525000 0.779687 0.535417 0.782813 0.545833 0.782813 0.564583 0.779687 0.579167 0.771875 0.604167 0.771875 0.625000 0.775000 0.637500 0.775000 0.650000 0.778125 0.662500 0.779687 0.695833 0.784375 0.714583 0.785937 0.727083 0.785937 0.739583 0.787500 0.754167 0.789062 0.762500 0.790625 0.772917 0.792188 0.777083 0.793750 0.781250 0.793750 0.777083 0.795312 0.775000 0.796875 0.737500 0.796875 0.683333 0.800000 0.668750 0.804688 0.616667 0.804688 0.597917 0.806250 0.583333 0.807813 0.568750 0.810937 0.558333 0.812500 0.547917 0.812500 0.531250 0.815625 0.516667 0.817187 0.502083 0.818750 0.483333 0.820312 0.466667 0.820312 0.458333 0.817187 0.454167 0.809375 0.445833 0.803125 0.443750 0.801562 0.429167 0.787500 0.427083 0.740625 0.425000 0.690625 0.422917 0.681250 0.422917
3 0.715625 0.470833 0.709375 0.483333 0.709375 0.477083 0.707812 0.472917 0.704688 0.472917 0.700000 0.481250 0.695312 0.475000 0.695312 0.479167 0.692187 0.485417 0.692187 0.495833 0.695312 0.504167 0.700000 0.512500 0.701562 0.518750 0.703125 0.531250 0.703125 0.560417 0.698438 0.579167 0.698438 0.593750 0.704688 0.620833 0.706250 0.633333 0.707812 0.672917 0.709375 0.718750 0.710938 0.783333 0.710938 0.854167 0.712500 0.864583 0.714063 0.870833 0.715625 0.875000 0.717187 0.879167 0.718750 0.881250 0.720313 0.881250 0.725000 0.881250 0.726562 0.881250 0.729688 0.872917 0.729688 0.829167 0.726562 0.802083 0.725000 0.768750 0.723437 0.733333 0.721875 0.691667 0.720313 0.645833 0.720313 0.629167 0.721875 0.606250 0.723437 0.595833 0.725000 0.587500 0.726562 0.579167 0.731250 0.564583 0.732812 0.556250 0.732812 0.500000 0.731250 0.489583 0.729688 0.479167 0.728125 0.477083 0.728125 0.472917 0.725000 0.475000 0.725000 0.479167 0.720313 0.485417 0.718750 0.475000 0.715625 0.470833
4 0.670312 0.489583 0.667188 0.491667 0.664062 0.493750 0.656250 0.504167 0.653125 0.510417 0.648438 0.522917 0.642188 0.547917 0.642188 0.570833 0.643750 0.577083 0.645312 0.583333 0.646875 0.587500 0.650000 0.593750 0.657813 0.606250 0.659375 0.610417 0.660937 0.614583 0.662500 0.620833 0.662500 0.791667 0.664062 0.833333 0.665625 0.864583 0.667188 0.868750 0.673438 0.868750 0.675000 0.856250 0.676562 0.816667 0.678125 0.747917 0.678125 0.631250 0.679688 0.618750 0.684375 0.606250 0.690625 0.597917 0.695312 0.589583 0.696875 0.585417 0.698438 0.579167 0.700000 0.572917 0.701562 0.564583 0.701562 0.531250 0.700000 0.522917 0.696875 0.510417 0.695312 0.504167 0.690625 0.497917 0.684375 0.491667 0.681250 0.489583 0.670312 0.489583
16 0.304688 0.335417 0.301563 0.337500 0.289062 0.352083 0.281250 0.356250 0.276562 0.352083 0.268750 0.347917 0.262500 0.345833 0.235937 0.345833 0.229687 0.350000 0.223438 0.350000 0.217188 0.354167 0.210938 0.354167 0.201563 0.358333 0.157812 0.379167 0.139063 0.385417 0.132812 0.385417 0.114062 0.391667 0.103125 0.395833 0.100000 0.397917 0.096875 0.400000 0.084375 0.412500 0.076563 0.418750 0.065625 0.425000 0.062500 0.427083 0.060937 0.435417 0.062500 0.441667 0.068750 0.458333 0.079687 0.504167 0.081250 0.508333 0.082812 0.512500 0.089063 0.522917 0.096875 0.543750 0.109375 0.543750 0.115625 0.541667 0.123438 0.535417 0.132812 0.531250 0.154688 0.520833 0.159375 0.520833 0.176563 0.512500 0.189062 0.506250 0.214062 0.491667 0.231250 0.483333 0.253125 0.475000 0.273438 0.464583 0.276562 0.462500 0.279687 0.458333 0.281250 0.454167 0.281250 0.439583 0.282813 0.435417 0.284375 0.431250 0.287500 0.427083 0.289062 0.422917 0.290625 0.418750 0.290625 0.408333 0.295312 0.393750 0.296875 0.389583 0.303125 0.381250 0.309375 0.377083 0.315625 0.370833 0.317188 0.368750 0.318750 0.364583 0.318750 0.356250 0.317188 0.350000 0.310937 0.339583 0.310937 0.337500 0.304688 0.335417
