8 0.862500 0.329167 0.851562 0.331250 0.846875 0.333333 0.837500 0.339583 0.832812 0.339583 0.801562 0.360417 0.789062 0.364583 0.781250 0.368750 0.762500 0.381250 0.754687 0.387500 0.743750 0.402083 0.740625 0.408333 0.739062 0.412500 0.734375 0.429167 0.732812 0.435417 0.732812 0.466667 0.734375 0.477083 0.739062 0.483333 0.743750 0.497917 0.753125 0.510417 0.764062 0.520833 0.771875 0.527083 0.779687 0.529167 0.801562 0.531250 0.854688 0.529167 0.864062 0.531250 0.867188 0.531250 0.884375 0.531250 0.892188 0.527083 0.900000 0.527083 0.903125 0.525000 0.906250 0.522917 0.923438 0.510417 0.928125 0.506250 0.942187 0.487500 0.943750 0.481250 0.946875 0.472917 0.948438 0.466667 0.951562 0.452083 0.953125 0.443750 0.953125 0.427083 0.951562 0.408333 0.950000 0.400000 0.948438 0.395833 0.943750 0.387500 0.942187 0.379167 0.940625 0.375000 0.931250 0.360417 0.928125 0.356250 0.921875 0.352083 0.915625 0.343750 0.907813 0.337500 0.904687 0.335417 0.900000 0.333333 0.893750 0.331250 0.879687 0.329167 0.862500 0.329167
11 0.532813 0.052083 0.526563 0.054167 0.517188 0.060417 0.503125 0.079167 0.495312 0.083333 0.482812 0.100000 0.479687 0.106250 0.476562 0.112500 0.475000 0.116667 0.471875 0.127083 0.470313 0.135417 0.468750 0.154167 0.470313 0.179167 0.473438 0.195833 0.478125 0.212500 0.478125 0.225000 0.479687 0.233333 0.482812 0.243750 0.485938 0.250000 0.489063 0.256250 0.493750 0.262500 0.493750 0.264583 0.496875 0.268750 0.498437 0.268750 0.503125 0.275000 0.506250 0.277083 0.509375 0.279167 0.517188 0.283333 0.525000 0.285417 0.540625 0.285417 0.545312 0.281250 0.550000 0.281250 0.559375 0.275000 0.564063 0.270833 0.576562 0.254167 0.579688 0.245833 0.584375 0.233333 0.585938 0.227083 0.585938 0.218750 0.587500 0.212500 0.595313 0.193750 0.596875 0.187500 0.598437 0.181250 0.600000 0.170833 0.600000 0.143750 0.598437 0.129167 0.596875 0.122917 0.595313 0.116667 0.593750 0.112500 0.592187 0.108333 0.589063 0.102083 0.582812 0.091667 0.579688 0.087500 0.570312 0.077083 0.564063 0.064583 0.559375 0.060417 0.550000 0.054167 0.543750 0.052083 0.532813 0.052083
6 0.637500 0.041667 0.634375 0.043750 0.631250 0.045833 0.617188 0.058333 0.612500 0.064583 0.607812 0.068750 0.598437 0.075000 0.587500 0.089583 0.589063 0.095833 0.590625 0.100000 0.595313 0.108333 0.598437 0.118750 0.603125 0.135417 0.603125 0.164583 0.601562 0.177083 0.600000 0.187500 0.598437 0.195833 0.595313 0.206250 0.590625 0.214583 0.589063 0.218750 0.587500 0.225000 0.587500 0.231250 0.585938 0.237500 0.584375 0.241667 0.579688 0.247917 0.576562 0.258333 0.565625 0.272917 0.559375 0.279167 0.545312 0.285417 0.531250 0.287500 0.523438 0.287500 0.512500 0.283333 0.504687 0.279167 0.501563 0.277083 0.493750 0.270833 0.484375 0.258333 0.482812 0.252083 0.479687 0.243750 0.478125 0.237500 0.476562 0.231250 0.476562 0.220833 0.473438 0.210417 0.473438 0.200000 0.470313 0.195833 0.467187 0.195833 0.464062 0.197917 0.460938 0.200000 0.451562 0.208333 0.423438 0.233333 0.417187 0.239583 0.415625 0.247917 0.417187 0.252083 0.418750 0.256250 0.425000 0.270833 0.428125 0.277083 0.432812 0.283333 0.434375 0.289583 0.440625 0.297917 0.453125 0.327083 0.456250 0.333333 0.462500 0.339583 0.475000 0.339583 0.478125 0.343750 0.481250 0.354167 0.482812 0.360417 0.482812 0.370833 0.485938 0.385417 0.487500 0.391667 0.492188 0.404167 0.500000 0.420833 0.512500 0.441667 0.517188 0.454167 0.521875 0.460417 0.525000 0.466667 0.540625 0.502083 0.556250 0.533333 0.562500 0.543750 0.567187 0.550000 0.573438 0.547917 0.584375 0.539583 0.592187 0.533333 0.614062 0.512500 0.631250 0.500000 0.635938 0.493750 0.640625 0.491667 0.645312 0.485417 0.659375 0.475000 0.673438 0.460417 0.700000 0.437500 0.712500 0.429167 0.717187 0.425000 0.721875 0.418750 0.726562 0.414583 0.731250 0.410417 0.734375 0.408333 0.739062 0.408333 0.743750 0.402083 0.743750 0.400000 0.746875 0.395833 0.756250 0.385417 0.762500 0.383333 0.765625 0.381250 0.770312 0.375000 0.778125 0.368750 0.781250 0.368750 0.785937 0.362500 0.789062 0.360417 0.792188 0.360417 0.796875 0.354167 0.796875 0.350000 0.789062 0.333333 0.779687 0.314583 0.773438 0.306250 0.767188 0.295833 0.767188 0.291667 0.760938 0.283333 0.743750 0.262500 0.737500 0.245833 0.737500 0.235417 0.735938 0.231250 0.731250 0.225000 0.729688 0.218750 0.725000 0.212500 0.710938 0.179167 0.706250 0.172917 0.703125 0.166667 0.700000 0.156250 0.690625 0.139583 0.687500 0.129167 0.682813 0.122917 0.676562 0.106250 0.668750 0.089583 0.656250 0.068750 0.653125 0.062500 0.651563 0.056250 0.646875 0.050000 0.645312 0.043750 0.642188 0.041667 0.637500 0.041667
8 0.235937 0.656250 0.226562 0.658333 0.220312 0.660417 0.214062 0.662500 0.207813 0.668750 0.204687 0.670833 0.200000 0.670833 0.192188 0.677083 0.187500 0.679167 0.181250 0.679167 0.176563 0.683333 0.165625 0.685417 0.160938 0.687500 0.150000 0.693750 0.146875 0.695833 0.142187 0.700000 0.121875 0.727083 0.118750 0.733333 0.117188 0.737500 0.115625 0.741667 0.114062 0.747917 0.112500 0.760417 0.109375 0.766667 0.107813 0.772917 0.107813 0.797917 0.109375 0.806250 0.110937 0.812500 0.112500 0.816667 0.118750 0.827083 0.123438 0.835417 0.132812 0.847917 0.140625 0.854167 0.148438 0.858333 0.153125 0.860417 0.159375 0.860417 0.165625 0.864583 0.184375 0.864583 0.189062 0.862500 0.201563 0.854167 0.209375 0.847917 0.215625 0.841667 0.221875 0.833333 0.226562 0.831250 0.234375 0.820833 0.242188 0.812500 0.251563 0.806250 0.257812 0.797917 0.265625 0.793750 0.270313 0.789583 0.287500 0.766667 0.292187 0.754167 0.293750 0.747917 0.295312 0.741667 0.296875 0.733333 0.296875 0.706250 0.295312 0.697917 0.293750 0.691667 0.290625 0.685417 0.276562 0.666667 0.271875 0.662500 0.268750 0.660417 0.265625 0.658333 0.260937 0.656250 0.235937 0.656250
12 0.603125 0.539583 0.592187 0.541667 0.585938 0.543750 0.579688 0.547917 0.570312 0.554167 0.551562 0.579167 0.548438 0.585417 0.542188 0.602083 0.537500 0.620833 0.537500 0.650000 0.539062 0.658333 0.543750 0.681250 0.546875 0.691667 0.548438 0.695833 0.550000 0.700000 0.557813 0.710417 0.562500 0.712500 0.567187 0.718750 0.571875 0.722917 0.581250 0.729167 0.595313 0.735417 0.625000 0.735417 0.631250 0.733333 0.635938 0.731250 0.643750 0.727083 0.646875 0.725000 0.653125 0.718750 0.671875 0.693750 0.675000 0.685417 0.679688 0.672917 0.681250 0.666667 0.682813 0.658333 0.682813 0.620833 0.679688 0.606250 0.675000 0.593750 0.671875 0.587500 0.668750 0.581250 0.650000 0.556250 0.642188 0.550000 0.639062 0.547917 0.625000 0.541667 0.615625 0.539583 0.603125 0.539583
6 0.492188 0.412500 0.492188 0.416667 0.496875 0.433333 0.504687 0.472917 0.506250 0.481250 0.507812 0.491667 0.506250 0.495833 0.500000 0.497917 0.493750 0.502083 0.476562 0.508333 0.448437 0.518750 0.431250 0.522917 0.414062 0.529167 0.409375 0.531250 0.404687 0.533333 0.400000 0.539583 0.398438 0.550000 0.396875 0.587500 0.393750 0.604167 0.393750 0.625000 0.389062 0.664583 0.389062 0.685417 0.387500 0.706250 0.385937 0.708333 0.385937 0.725000 0.389062 0.729167 0.396875 0.731250 0.412500 0.733333 0.426563 0.735417 0.442188 0.735417 0.471875 0.739583 0.515625 0.745833 0.529687 0.750000 0.546875 0.752083 0.581250 0.754167 0.596875 0.756250 0.626563 0.762500 0.642188 0.762500 0.657813 0.764583 0.671875 0.768750 0.703125 0.772917 0.717187 0.772917 0.720313 0.770833 0.721875 0.768750 0.723437 0.764583 0.725000 0.747917 0.726562 0.729167 0.726562 0.710417 0.729688 0.691667 0.731250 0.668750 0.731250 0.645833 0.732812 0.622917 0.737500 0.579167 0.737500 0.556250 0.740625 0.537500 0.743750 0.539583 0.742188 0.497917 0.740625 0.493750 0.739062 0.489583 0.735938 0.485417 0.734375 0.481250 0.732812 0.475000 0.731250 0.466667 0.729688 0.454167 0.729688 0.439583 0.731250 0.433333 0.732812 0.425000 0.735938 0.420833 0.737500 0.416667 0.737500 0.412500 0.731250 0.412500 0.728125 0.416667 0.728125 0.418750 0.725000 0.422917 0.720313 0.425000 0.712500 0.433333 0.700000 0.441667 0.682813 0.456250 0.659375 0.479167 0.642188 0.491667 0.628125 0.506250 0.618750 0.512500 0.609375 0.520833 0.603125 0.529167 0.601562 0.533333 0.606250 0.533333 0.615625 0.537500 0.625000 0.537500 0.632812 0.539583 0.637500 0.541667 0.642188 0.547917 0.650000 0.552083 0.659375 0.562500 0.660937 0.564583 0.673438 0.583333 0.676562 0.591667 0.681250 0.604167 0.682813 0.610417 0.684375 0.616667 0.685937 0.627083 0.685937 0.645833 0.684375 0.664583 0.681250 0.675000 0.676562 0.687500 0.668750 0.704167 0.667188 0.706250 0.656250 0.718750 0.648438 0.727083 0.645312 0.729167 0.642188 0.731250 0.634375 0.735417 0.629687 0.737500 0.623437 0.739583 0.595313 0.739583 0.590625 0.737500 0.578125 0.731250 0.575000 0.729167 0.571875 0.727083 0.557813 0.714583 0.548438 0.702083 0.545312 0.695833 0.543750 0.691667 0.539062 0.675000 0.537500 0.666667 0.535937 0.658333 0.534375 0.643750 0.534375 0.631250 0.535937 0.616667 0.537500 0.610417 0.539062 0.604167 0.542188 0.593750 0.543750 0.589583 0.545312 0.585417 0.550000 0.577083 0.564063 0.558333 0.564063 0.552083 0.562500 0.547917 0.560937 0.543750 0.553125 0.529167 0.539062 0.504167 0.523438 0.468750 0.520312 0.462500 0.509375 0.443750 0.503125 0.431250 0.500000 0.425000 0.500000 0.420833 0.496875 0.416667 0.496875 0.412500 0.492188 0.412500
6 0.415625 0.256250 0.415625 0.268750 0.415625 0.341667 0.417187 0.350000 0.417187 0.356250 0.420312 0.356250 0.423438 0.352083 0.431250 0.350000 0.439063 0.350000 0.446875 0.347917 0.454688 0.343750 0.456250 0.339583 0.454688 0.335417 0.453125 0.331250 0.443750 0.314583 0.440625 0.304167 0.434375 0.295833 0.431250 0.289583 0.429688 0.281250 0.425000 0.275000 0.420312 0.264583 0.420312 0.256250 0.415625 0.256250
8 0.204687 0.183333 0.195312 0.185417 0.190625 0.187500 0.185938 0.189583 0.182812 0.191667 0.179688 0.193750 0.175000 0.197917 0.170313 0.202083 0.160938 0.212500 0.156250 0.218750 0.151562 0.227083 0.146875 0.239583 0.145313 0.245833 0.143750 0.254167 0.142187 0.262500 0.142187 0.283333 0.145313 0.289583 0.145313 0.297917 0.146875 0.304167 0.153125 0.320833 0.162500 0.341667 0.168750 0.350000 0.173437 0.354167 0.176563 0.356250 0.179688 0.358333 0.182812 0.358333 0.185938 0.360417 0.193750 0.368750 0.196875 0.370833 0.207813 0.372917 0.215625 0.379167 0.220312 0.381250 0.226562 0.383333 0.243750 0.387500 0.275000 0.387500 0.284375 0.381250 0.290625 0.381250 0.293750 0.379167 0.296875 0.377083 0.301563 0.372917 0.310937 0.360417 0.315625 0.352083 0.318750 0.345833 0.320312 0.335417 0.320312 0.308333 0.317188 0.302083 0.317188 0.295833 0.315625 0.291667 0.310937 0.283333 0.310937 0.279167 0.309375 0.275000 0.296875 0.256250 0.285938 0.243750 0.278125 0.235417 0.276562 0.235417 0.271875 0.227083 0.268750 0.222917 0.264062 0.220833 0.257812 0.214583 0.251563 0.208333 0.242188 0.195833 0.235937 0.189583 0.229687 0.189583 0.225000 0.185417 0.217188 0.183333 0.204687 0.183333
6 0.351562 0.383333 0.346875 0.385417 0.343750 0.387500 0.337500 0.393750 0.331250 0.395833 0.328125 0.400000 0.325000 0.400000 0.307812 0.414583 0.304688 0.414583 0.296875 0.422917 0.285938 0.427083 0.282813 0.431250 0.267188 0.441667 0.251563 0.452083 0.248438 0.452083 0.245312 0.456250 0.242188 0.456250 0.239063 0.458333 0.215625 0.477083 0.209375 0.479167 0.182812 0.497917 0.178125 0.504167 0.171875 0.508333 0.160938 0.514583 0.156250 0.518750 0.151562 0.525000 0.151562 0.529167 0.154688 0.535417 0.154688 0.541667 0.156250 0.545833 0.159375 0.550000 0.160938 0.558333 0.162500 0.562500 0.168750 0.572917 0.178125 0.597917 0.185938 0.610417 0.185938 0.616667 0.187500 0.620833 0.192188 0.627083 0.195312 0.637500 0.196875 0.641667 0.198437 0.643750 0.200000 0.643750 0.201563 0.654167 0.203125 0.658333 0.204687 0.660417 0.207813 0.662500 0.210938 0.662500 0.215625 0.660417 0.220312 0.656250 0.225000 0.654167 0.231250 0.654167 0.234375 0.650000 0.262500 0.650000 0.270313 0.656250 0.273438 0.656250 0.276562 0.658333 0.278125 0.660417 0.278125 0.662500 0.279687 0.664583 0.289062 0.675000 0.290625 0.681250 0.295312 0.687500 0.296875 0.693750 0.298438 0.700000 0.300000 0.710417 0.300000 0.729167 0.298438 0.739583 0.296875 0.745833 0.295312 0.752083 0.293750 0.756250 0.290625 0.762500 0.271875 0.787500 0.264062 0.793750 0.260937 0.802083 0.260937 0.806250 0.264062 0.812500 0.264062 0.820833 0.273438 0.856250 0.279687 0.875000 0.287500 0.897917 0.289062 0.902083 0.290625 0.906250 0.293750 0.912500 0.296875 0.916667 0.306250 0.916667 0.314063 0.908333 0.317188 0.906250 0.334375 0.897917 0.337500 0.895833 0.343750 0.889583 0.353125 0.887500 0.359375 0.881250 0.362500 0.881250 0.365625 0.879167 0.368750 0.877083 0.379688 0.866667 0.382812 0.864583 0.393750 0.860417 0.404687 0.852083 0.415625 0.841667 0.418750 0.839583 0.421875 0.837500 0.425000 0.837500 0.428125 0.835417 0.434375 0.829167 0.440625 0.827083 0.443750 0.825000 0.453125 0.814583 0.457813 0.814583 0.464062 0.810417 0.471875 0.806250 0.479687 0.797917 0.496875 0.787500 0.501563 0.781250 0.515625 0.772917 0.521875 0.766667 0.526563 0.762500 0.531250 0.762500 0.537500 0.758333 0.537500 0.754167 0.531250 0.754167 0.529687 0.752083 0.509375 0.752083 0.507812 0.750000 0.487500 0.750000 0.473438 0.747917 0.464062 0.743750 0.459375 0.745833 0.451562 0.741667 0.439063 0.739583 0.423438 0.737500 0.406250 0.737500 0.393750 0.735417 0.387500 0.733333 0.384375 0.731250 0.382812 0.708333 0.384375 0.706250 0.384375 0.683333 0.385937 0.662500 0.387500 0.643750 0.390625 0.625000 0.390625 0.606250 0.395313 0.570833 0.396875 0.552083 0.395313 0.537500 0.387500 0.535417 0.385937 0.531250 0.384375 0.527083 0.382812 0.512500 0.376563 0.489583 0.375000 0.472917 0.370312 0.458333 0.365625 0.435417 0.364063 0.418750 0.360938 0.412500 0.359375 0.404167 0.359375 0.395833 0.356250 0.383333 0.351562 0.383333
6 0.407813 0.343750 0.396875 0.350000 0.389062 0.356250 0.378125 0.366667 0.375000 0.366667 0.373437 0.368750 0.370312 0.370833 0.375000 0.370833 0.376563 0.368750 0.384375 0.368750 0.392188 0.364583 0.400000 0.364583 0.406250 0.362500 0.409375 0.360417 0.410938 0.356250 0.410938 0.343750 0.407813 0.343750
8 0.842187 0.066667 0.837500 0.068750 0.832812 0.070833 0.821875 0.079167 0.820312 0.085417 0.818750 0.087500 0.800000 0.112500 0.785937 0.129167 0.754687 0.172917 0.750000 0.183333 0.740625 0.195833 0.740625 0.204167 0.737500 0.210417 0.735938 0.218750 0.735938 0.231250 0.739062 0.245833 0.740625 0.252083 0.742188 0.256250 0.743750 0.260417 0.746875 0.266667 0.756250 0.279167 0.760938 0.283333 0.765625 0.287500 0.768750 0.289583 0.771875 0.289583 0.775000 0.293750 0.781250 0.295833 0.798438 0.295833 0.803125 0.293750 0.807813 0.291667 0.817187 0.285417 0.829688 0.275000 0.842187 0.268750 0.846875 0.262500 0.857812 0.254167 0.887500 0.233333 0.895312 0.225000 0.909375 0.206250 0.914062 0.197917 0.915625 0.193750 0.918750 0.183333 0.920312 0.177083 0.920312 0.170833 0.923438 0.164583 0.925000 0.154167 0.925000 0.137500 0.923438 0.129167 0.921875 0.122917 0.920312 0.118750 0.915625 0.112500 0.915625 0.108333 0.904687 0.091667 0.898438 0.083333 0.893750 0.079167 0.887500 0.072917 0.879687 0.068750 0.875000 0.066667 0.862500 0.064583 0.842187 0.066667
