6 0.828125 0.354167 0.831250 0.358333 0.832812 0.364583 0.834375 0.412500 0.835938 0.464583 0.837500 0.533333 0.832812 0.543750 0.828125 0.537500 0.823438 0.533333 0.820312 0.531250 0.814063 0.529167 0.784375 0.529167 0.778125 0.531250 0.773438 0.537500 0.770312 0.543750 0.770312 0.560417 0.771875 0.564583 0.778125 0.572917 0.781250 0.575000 0.785937 0.577083 0.792188 0.577083 0.801562 0.583333 0.807813 0.585417 0.818750 0.585417 0.823438 0.583333 0.832812 0.570833 0.834375 0.562500 0.834375 0.554167 0.832812 0.543750 0.837500 0.533333 0.837500 0.608333 0.839063 0.668750 0.840625 0.716667 0.843750 0.754167 0.845313 0.791667 0.845313 0.808333 0.823438 0.812500 0.760938 0.814583 0.771875 0.758333 0.778125 0.758333 0.782813 0.756250 0.792188 0.743750 0.793750 0.739583 0.793750 0.722917 0.792188 0.718750 0.778125 0.700000 0.768750 0.693750 0.762500 0.689583 0.756250 0.687500 0.751563 0.687500 0.745313 0.689583 0.739062 0.697917 0.735938 0.704167 0.735938 0.720833 0.737500 0.725000 0.745313 0.735417 0.750000 0.737500 0.760938 0.752083 0.765625 0.756250 0.771875 0.758333 0.760938 0.814583 0.689063 0.816667 0.650000 0.816667 0.648438 0.812500 0.648438 0.793750 0.646875 0.785417 0.645312 0.781250 0.642188 0.775000 0.631250 0.760417 0.628125 0.758333 0.615625 0.758333 0.612500 0.760417 0.609375 0.762500 0.601562 0.772917 0.596875 0.785417 0.595313 0.791667 0.593750 0.804167 0.593750 0.814583 0.590625 0.818750 0.557813 0.820833 0.539062 0.820833 0.537500 0.810417 0.539062 0.789583 0.542188 0.768750 0.542188 0.758333 0.537500 0.752083 0.525000 0.750000 0.521875 0.747917 0.525000 0.737500 0.529687 0.735417 0.537500 0.733333 0.553125 0.729167 0.562500 0.729167 0.567187 0.727083 0.578125 0.712500 0.579688 0.708333 0.579688 0.704167 0.576562 0.689583 0.576562 0.670833 0.575000 0.660417 0.573438 0.650000 0.571875 0.641667 0.568750 0.633333 0.567187 0.625000 0.565625 0.614583 0.565625 0.604167 0.560937 0.583333 0.559375 0.572917 0.556250 0.550000 0.554688 0.537500 0.556250 0.531250 0.559375 0.529167 0.565625 0.529167 0.568750 0.525000 0.570312 0.518750 0.570312 0.514583 0.568750 0.491667 0.567187 0.470833 0.565625 0.447917 0.560937 0.412500 0.559375 0.391667 0.559375 0.370833 0.570312 0.368750 0.573438 0.383333 0.573438 0.404167 0.576562 0.420833 0.578125 0.441667 0.578125 0.464583 0.579688 0.477083 0.581250 0.485417 0.582812 0.489583 0.584375 0.493750 0.587500 0.500000 0.592187 0.506250 0.601562 0.512500 0.607812 0.514583 0.614062 0.514583 0.618750 0.512500 0.621875 0.510417 0.625000 0.508333 0.628125 0.504167 0.629687 0.504167 0.631250 0.502083 0.631250 0.500000 0.634375 0.495833 0.635938 0.491667 0.637500 0.487500 0.639062 0.481250 0.670312 0.491667 0.670312 0.497917 0.671875 0.502083 0.673438 0.506250 0.679688 0.514583 0.682813 0.516667 0.687500 0.518750 0.700000 0.522917 0.706250 0.525000 0.710938 0.525000 0.715625 0.518750 0.712500 0.510417 0.710938 0.504167 0.706250 0.497917 0.701562 0.483333 0.690625 0.468750 0.687500 0.468750 0.682813 0.475000 0.678125 0.477083 0.671875 0.485417 0.670312 0.491667 0.639062 0.481250 0.639062 0.460417 0.637500 0.437500 0.635938 0.418750 0.631250 0.381250 0.631250 0.366667 0.654687 0.362500 0.693750 0.362500 0.729688 0.358333 0.767188 0.356250 0.809375 0.354167 0.828125 0.354167
6 0.435937 0.543750 0.418750 0.545833 0.403125 0.550000 0.387500 0.550000 0.371875 0.552083 0.326562 0.560417 0.310937 0.562500 0.293750 0.564583 0.271875 0.564583 0.264062 0.568750 0.262500 0.575000 0.259375 0.593750 0.257812 0.604167 0.256250 0.614583 0.253125 0.637500 0.251563 0.650000 0.251563 0.670833 0.253125 0.677083 0.259375 0.693750 0.260937 0.706250 0.268750 0.733333 0.275000 0.750000 0.278125 0.760417 0.278125 0.766667 0.282813 0.781250 0.289062 0.795833 0.290625 0.806250 0.296875 0.820833 0.300000 0.835417 0.303125 0.839583 0.309375 0.839583 0.309375 0.831250 0.306250 0.820833 0.298438 0.797917 0.295312 0.793750 0.293750 0.789583 0.293750 0.783333 0.287500 0.764583 0.273438 0.729167 0.273438 0.720833 0.284375 0.706250 0.296875 0.695833 0.301563 0.691667 0.312500 0.685417 0.317188 0.683333 0.331250 0.681250 0.335938 0.677083 0.340625 0.677083 0.345313 0.672917 0.351562 0.672917 0.356250 0.679167 0.357812 0.685417 0.364063 0.693750 0.368750 0.704167 0.370312 0.708333 0.371875 0.716667 0.376563 0.725000 0.378125 0.729167 0.382812 0.743750 0.382812 0.752083 0.384375 0.760417 0.387500 0.764583 0.387500 0.783333 0.385937 0.791667 0.384375 0.800000 0.382812 0.806250 0.381250 0.812500 0.378125 0.820833 0.376563 0.827083 0.370312 0.835417 0.365625 0.839583 0.362500 0.841667 0.356250 0.843750 0.346875 0.845833 0.342187 0.850000 0.339062 0.850000 0.350000 0.850000 0.364063 0.856250 0.387500 0.862500 0.396875 0.864583 0.406250 0.862500 0.407813 0.856250 0.409375 0.839583 0.412500 0.800000 0.412500 0.779167 0.414062 0.758333 0.415625 0.743750 0.418750 0.735417 0.421875 0.733333 0.428125 0.733333 0.443750 0.735417 0.459375 0.739583 0.475000 0.739583 0.475000 0.733333 0.470313 0.718750 0.467187 0.704167 0.465625 0.695833 0.460938 0.668750 0.460938 0.658333 0.450000 0.604167 0.445312 0.564583 0.442188 0.547917 0.439063 0.543750 0.435937 0.543750
23 0.750000 0.689583 0.746875 0.691667 0.743750 0.695833 0.742188 0.695833 0.740625 0.697917 0.739062 0.702083 0.737500 0.708333 0.737500 0.720833 0.739062 0.725000 0.745313 0.733333 0.760938 0.752083 0.765625 0.756250 0.778125 0.756250 0.781250 0.754167 0.784375 0.752083 0.789062 0.745833 0.790625 0.741667 0.792188 0.737500 0.792188 0.725000 0.790625 0.720833 0.789062 0.716667 0.782813 0.708333 0.778125 0.704167 0.773438 0.700000 0.762500 0.691667 0.759375 0.689583 0.750000 0.689583
2 0.346875 0.675000 0.342187 0.679167 0.331250 0.683333 0.321875 0.683333 0.315625 0.685417 0.309375 0.691667 0.303125 0.691667 0.298438 0.697917 0.293750 0.700000 0.287500 0.706250 0.276562 0.718750 0.276562 0.725000 0.276562 0.729167 0.278125 0.733333 0.282813 0.741667 0.284375 0.745833 0.285938 0.754167 0.289062 0.758333 0.292187 0.768750 0.292187 0.772917 0.295312 0.783333 0.298438 0.787500 0.298438 0.793750 0.303125 0.802083 0.304688 0.806250 0.309375 0.825000 0.312500 0.829167 0.315625 0.843750 0.317188 0.847917 0.318750 0.852083 0.323437 0.854167 0.325000 0.852083 0.331250 0.850000 0.339062 0.850000 0.342187 0.845833 0.353125 0.843750 0.356250 0.839583 0.359375 0.837500 0.365625 0.837500 0.368750 0.835417 0.373437 0.829167 0.378125 0.820833 0.379688 0.816667 0.381250 0.812500 0.382812 0.806250 0.382812 0.797917 0.385937 0.789583 0.385937 0.766667 0.384375 0.758333 0.381250 0.752083 0.381250 0.739583 0.375000 0.720833 0.370312 0.714583 0.368750 0.710417 0.367188 0.702083 0.365625 0.697917 0.354687 0.683333 0.354687 0.679167 0.351562 0.675000 0.346875 0.675000
20 0.246875 0.520833 0.246875 0.558333 0.246875 0.547917 0.248438 0.545833 0.248438 0.535417 0.246875 0.533333 0.246875 0.520833
20 0.204687 0.106250 0.201563 0.108333 0.200000 0.110417 0.198437 0.114583 0.196875 0.120833 0.195312 0.131250 0.193750 0.150000 0.192188 0.175000 0.190625 0.200000 0.190625 0.227083 0.189062 0.256250 0.185938 0.272917 0.184375 0.291667 0.184375 0.320833 0.179688 0.364583 0.178125 0.389583 0.175000 0.441667 0.175000 0.481250 0.176563 0.485417 0.179688 0.487500 0.182812 0.489583 0.189062 0.491667 0.212500 0.491667 0.220312 0.495833 0.229687 0.497917 0.239063 0.497917 0.246875 0.502083 0.273438 0.502083 0.275000 0.504167 0.300000 0.504167 0.304688 0.497917 0.306250 0.491667 0.307812 0.477083 0.307812 0.458333 0.310937 0.439583 0.312500 0.420833 0.314063 0.400000 0.314063 0.379167 0.318750 0.341667 0.320312 0.318750 0.320312 0.293750 0.325000 0.229167 0.326562 0.208333 0.331250 0.166667 0.332813 0.143750 0.332813 0.137500 0.331250 0.131250 0.328125 0.122917 0.325000 0.120833 0.321875 0.118750 0.314063 0.116667 0.304688 0.114583 0.295312 0.112500 0.275000 0.112500 0.259375 0.108333 0.242188 0.106250 0.204687 0.106250
15 0.392188 0.243750 0.385937 0.245833 0.381250 0.247917 0.376563 0.250000 0.364063 0.258333 0.354687 0.268750 0.346875 0.279167 0.339062 0.291667 0.335938 0.297917 0.328125 0.314583 0.326562 0.318750 0.325000 0.325000 0.323437 0.333333 0.323437 0.362500 0.326562 0.370833 0.326562 0.379167 0.331250 0.389583 0.331250 0.397917 0.335938 0.408333 0.340625 0.416667 0.350000 0.429167 0.354687 0.433333 0.359375 0.437500 0.368750 0.443750 0.373437 0.445833 0.378125 0.447917 0.384375 0.450000 0.392188 0.452083 0.404687 0.454167 0.412500 0.454167 0.418750 0.452083 0.423438 0.450000 0.428125 0.447917 0.439063 0.441667 0.442188 0.439583 0.445312 0.437500 0.457813 0.422917 0.460938 0.418750 0.460938 0.416667 0.470313 0.402083 0.475000 0.389583 0.478125 0.379167 0.479687 0.370833 0.479687 0.331250 0.478125 0.322917 0.476562 0.314583 0.470313 0.297917 0.467187 0.291667 0.460938 0.281250 0.454688 0.272917 0.446875 0.264583 0.442188 0.260417 0.423438 0.247917 0.418750 0.245833 0.409375 0.243750 0.392188 0.243750
19 0.659375 0.129167 0.648438 0.133333 0.643750 0.135417 0.640625 0.137500 0.637500 0.139583 0.632812 0.143750 0.625000 0.152083 0.615625 0.162500 0.612500 0.166667 0.607812 0.179167 0.607812 0.185417 0.603125 0.202083 0.598437 0.212500 0.595313 0.227083 0.593750 0.235417 0.592187 0.250000 0.592187 0.266667 0.593750 0.275000 0.595313 0.281250 0.596875 0.289583 0.609375 0.306250 0.614062 0.310417 0.617188 0.312500 0.620313 0.314583 0.625000 0.316667 0.632812 0.318750 0.643750 0.318750 0.653125 0.316667 0.657813 0.314583 0.670312 0.306250 0.675000 0.302083 0.692187 0.281250 0.698438 0.277083 0.706250 0.268750 0.718750 0.252083 0.720313 0.247917 0.721875 0.243750 0.723437 0.237500 0.723437 0.231250 0.726562 0.225000 0.726562 0.193750 0.725000 0.183333 0.723437 0.177083 0.721875 0.172917 0.717187 0.162500 0.706250 0.147917 0.700000 0.141667 0.687500 0.133333 0.676562 0.129167 0.659375 0.129167
21 0.614062 0.762500 0.610938 0.764583 0.603125 0.775000 0.601562 0.779167 0.600000 0.783333 0.598437 0.789583 0.596875 0.800000 0.595313 0.812500 0.593750 0.831250 0.592187 0.858333 0.592187 0.885417 0.593750 0.895833 0.595313 0.902083 0.600000 0.914583 0.603125 0.918750 0.606250 0.920833 0.609375 0.922917 0.614062 0.925000 0.618750 0.925000 0.625000 0.922917 0.628125 0.920833 0.632812 0.914583 0.635938 0.908333 0.637500 0.904167 0.639062 0.897917 0.640625 0.891667 0.642188 0.883333 0.643750 0.870833 0.645312 0.854167 0.646875 0.825000 0.646875 0.818750 0.645312 0.789583 0.640625 0.777083 0.629687 0.762500 0.623437 0.760417 0.614062 0.762500
21 0.598437 0.320833 0.592187 0.322917 0.589063 0.325000 0.585938 0.327083 0.581250 0.333333 0.578125 0.339583 0.576562 0.343750 0.575000 0.350000 0.573438 0.372917 0.573438 0.381250 0.575000 0.397917 0.579688 0.435417 0.579688 0.458333 0.582812 0.475000 0.584375 0.485417 0.585938 0.489583 0.587500 0.493750 0.595313 0.504167 0.598437 0.506250 0.601562 0.508333 0.606250 0.510417 0.615625 0.510417 0.620313 0.508333 0.623437 0.506250 0.626563 0.502083 0.628125 0.502083 0.629687 0.500000 0.629687 0.497917 0.632812 0.493750 0.634375 0.489583 0.635938 0.483333 0.635938 0.452083 0.629687 0.377083 0.628125 0.360417 0.626563 0.347917 0.625000 0.341667 0.621875 0.335417 0.614062 0.325000 0.610938 0.322917 0.604688 0.320833 0.598437 0.320833
16 0.509375 0.443750 0.503125 0.445833 0.482812 0.454167 0.471875 0.460417 0.468750 0.462500 0.462500 0.468750 0.459375 0.468750 0.446875 0.485417 0.442188 0.487500 0.437500 0.493750 0.437500 0.502083 0.439063 0.512500 0.443750 0.531250 0.450000 0.570833 0.450000 0.581250 0.456250 0.620833 0.462500 0.647917 0.470313 0.704167 0.473438 0.718750 0.475000 0.725000 0.476562 0.729167 0.478125 0.733333 0.482812 0.739583 0.496875 0.739583 0.510938 0.735417 0.523438 0.729167 0.529687 0.727083 0.537500 0.727083 0.545312 0.722917 0.553125 0.722917 0.559375 0.720833 0.564063 0.718750 0.568750 0.716667 0.571875 0.714583 0.575000 0.710417 0.575000 0.695833 0.573438 0.672917 0.571875 0.660417 0.568750 0.643750 0.564063 0.627083 0.559375 0.600000 0.557813 0.589583 0.557813 0.577083 0.554688 0.554167 0.551562 0.533333 0.550000 0.522917 0.545312 0.500000 0.539062 0.475000 0.537500 0.470833 0.528125 0.458333 0.526563 0.447917 0.525000 0.443750 0.509375 0.443750
16 0.182812 0.539583 0.175000 0.543750 0.171875 0.545833 0.168750 0.550000 0.168750 0.562500 0.170313 0.572917 0.171875 0.575000 0.171875 0.581250 0.167187 0.587500 0.160938 0.591667 0.150000 0.606250 0.148438 0.614583 0.148438 0.637500 0.151562 0.656250 0.145313 0.664583 0.142187 0.664583 0.139063 0.668750 0.139063 0.677083 0.140625 0.683333 0.146875 0.700000 0.150000 0.710417 0.150000 0.716667 0.159375 0.752083 0.165625 0.775000 0.173437 0.797917 0.181250 0.827083 0.189062 0.856250 0.198437 0.897917 0.201563 0.906250 0.207813 0.908333 0.215625 0.906250 0.226562 0.897917 0.239063 0.893750 0.253125 0.883333 0.260937 0.881250 0.268750 0.875000 0.276562 0.870833 0.281250 0.868750 0.285938 0.868750 0.290625 0.866667 0.295312 0.860417 0.295312 0.854167 0.296875 0.852083 0.296875 0.847917 0.295312 0.845833 0.295312 0.839583 0.292187 0.829167 0.284375 0.808333 0.278125 0.787500 0.270313 0.754167 0.264062 0.737500 0.260937 0.720833 0.256250 0.710417 0.253125 0.700000 0.246875 0.675000 0.245312 0.666667 0.245312 0.656250 0.243750 0.647917 0.239063 0.637500 0.239063 0.633333 0.235937 0.625000 0.232813 0.622917 0.229687 0.622917 0.223438 0.614583 0.223438 0.606250 0.221875 0.602083 0.218750 0.595833 0.212500 0.587500 0.206250 0.583333 0.201563 0.577083 0.200000 0.564583 0.198437 0.558333 0.193750 0.545833 0.189062 0.539583 0.182812 0.539583
22 0.859375 0.181250 0.853125 0.183333 0.850000 0.185417 0.846875 0.187500 0.842187 0.191667 0.828125 0.210417 0.820312 0.216667 0.810937 0.229167 0.810937 0.243750 0.814063 0.247917 0.814063 0.250000 0.815625 0.252083 0.818750 0.254167 0.825000 0.256250 0.829688 0.254167 0.840625 0.245833 0.859375 0.237500 0.870313 0.235417 0.875000 0.233333 0.878125 0.231250 0.882812 0.225000 0.884375 0.220833 0.885938 0.216667 0.885938 0.208333 0.881250 0.202083 0.881250 0.193750 0.879687 0.189583 0.876563 0.185417 0.871875 0.181250 0.859375 0.181250
22 0.126562 0.500000 0.121875 0.502083 0.118750 0.506250 0.115625 0.512500 0.114062 0.516667 0.114062 0.527083 0.117188 0.533333 0.118750 0.547917 0.121875 0.550000 0.125000 0.552083 0.129688 0.554167 0.139063 0.554167 0.150000 0.545833 0.157812 0.543750 0.165625 0.537500 0.170313 0.535417 0.175000 0.535417 0.179688 0.533333 0.182812 0.531250 0.184375 0.529167 0.185938 0.525000 0.185938 0.520833 0.185938 0.514583 0.185938 0.510417 0.181250 0.504167 0.178125 0.502083 0.165625 0.500000 0.153125 0.500000 0.151562 0.502083 0.140625 0.502083 0.139063 0.500000 0.126562 0.500000
23 0.687500 0.470833 0.682813 0.477083 0.678125 0.477083 0.671875 0.485417 0.671875 0.500000 0.673438 0.504167 0.679688 0.512500 0.682813 0.514583 0.689063 0.514583 0.693750 0.518750 0.701562 0.518750 0.707812 0.522917 0.712500 0.520833 0.712500 0.514583 0.707812 0.502083 0.704688 0.495833 0.696875 0.483333 0.696875 0.481250 0.693750 0.475000 0.690625 0.470833 0.687500 0.470833
23 0.785937 0.531250 0.781250 0.533333 0.778125 0.535417 0.773438 0.541667 0.771875 0.545833 0.771875 0.558333 0.773438 0.564583 0.776563 0.568750 0.785937 0.575000 0.793750 0.579167 0.801562 0.581250 0.809375 0.581250 0.810937 0.583333 0.817187 0.583333 0.821875 0.581250 0.826562 0.577083 0.831250 0.570833 0.832812 0.566667 0.832812 0.550000 0.831250 0.545833 0.828125 0.539583 0.823438 0.535417 0.820312 0.535417 0.817187 0.531250 0.812500 0.531250 0.785937 0.531250
6 0.509375 0.075000 0.481250 0.081250 0.465625 0.081250 0.454688 0.085417 0.437500 0.087500 0.421875 0.089583 0.401562 0.089583 0.376563 0.095833 0.359375 0.097917 0.328125 0.100000 0.314063 0.102083 0.303125 0.106250 0.295312 0.106250 0.298438 0.110417 0.306250 0.112500 0.321875 0.114583 0.326562 0.116667 0.329688 0.118750 0.332813 0.122917 0.334375 0.127083 0.335938 0.131250 0.335938 0.154167 0.331250 0.189583 0.329688 0.210417 0.325000 0.272917 0.325000 0.293750 0.326562 0.300000 0.329688 0.304167 0.335938 0.293750 0.339062 0.285417 0.343750 0.277083 0.350000 0.268750 0.357812 0.260417 0.362500 0.256250 0.368750 0.252083 0.378125 0.245833 0.382812 0.243750 0.389062 0.241667 0.414062 0.241667 0.420312 0.243750 0.425000 0.245833 0.437500 0.254167 0.445312 0.260417 0.451562 0.266667 0.465625 0.285417 0.470313 0.293750 0.475000 0.304167 0.478125 0.314583 0.479687 0.320833 0.481250 0.329167 0.482812 0.343750 0.482812 0.358333 0.481250 0.372917 0.476562 0.391667 0.471875 0.404167 0.465625 0.414583 0.446875 0.439583 0.437500 0.445833 0.426563 0.452083 0.421875 0.452083 0.417187 0.456250 0.395313 0.456250 0.387500 0.454167 0.379688 0.452083 0.373437 0.450000 0.365625 0.445833 0.362500 0.443750 0.359375 0.441667 0.354687 0.437500 0.348438 0.431250 0.339062 0.418750 0.331250 0.404167 0.329688 0.400000 0.328125 0.395833 0.328125 0.389583 0.325000 0.381250 0.321875 0.379167 0.320312 0.383333 0.318750 0.385417 0.317188 0.391667 0.315625 0.410417 0.314063 0.447917 0.310937 0.477083 0.309375 0.493750 0.306250 0.502083 0.303125 0.506250 0.300000 0.508333 0.293750 0.510417 0.271875 0.506250 0.246875 0.506250 0.245312 0.510417 0.245312 0.554167 0.246875 0.558333 0.250000 0.562500 0.271875 0.562500 0.300000 0.560417 0.317188 0.558333 0.331250 0.556250 0.345313 0.552083 0.390625 0.545833 0.406250 0.545833 0.420312 0.543750 0.421875 0.541667 0.434375 0.541667 0.435937 0.539583 0.439063 0.539583 0.439063 0.529167 0.434375 0.506250 0.434375 0.491667 0.439063 0.485417 0.443750 0.483333 0.451562 0.470833 0.453125 0.468750 0.456250 0.466667 0.462500 0.462500 0.478125 0.452083 0.496875 0.443750 0.503125 0.441667 0.509375 0.439583 0.526563 0.439583 0.529687 0.443750 0.529687 0.450000 0.531250 0.454167 0.532813 0.458333 0.537500 0.464583 0.540625 0.470833 0.542188 0.475000 0.545312 0.485417 0.546875 0.491667 0.548438 0.497917 0.550000 0.512500 0.551562 0.518750 0.553125 0.522917 0.556250 0.525000 0.559375 0.525000 0.565625 0.520833 0.565625 0.497917 0.562500 0.479167 0.562500 0.460417 0.559375 0.441667 0.557813 0.420833 0.556250 0.397917 0.554688 0.350000 0.551562 0.327083 0.551562 0.304167 0.546875 0.260417 0.543750 0.216667 0.543750 0.193750 0.542188 0.170833 0.539062 0.152083 0.539062 0.129167 0.537500 0.110417 0.535937 0.091667 0.534375 0.081250 0.532813 0.077083 0.509375 0.075000
