13 0.232813 0.454167 0.225000 0.456250 0.220312 0.458333 0.209375 0.464583 0.204687 0.468750 0.198437 0.477083 0.198437 0.479167 0.190625 0.489583 0.189062 0.493750 0.187500 0.497917 0.185938 0.504167 0.184375 0.512500 0.184375 0.541667 0.185938 0.547917 0.187500 0.554167 0.189062 0.558333 0.190625 0.562500 0.196875 0.572917 0.198437 0.575000 0.203125 0.579167 0.203125 0.581250 0.206250 0.585417 0.215625 0.591667 0.220312 0.593750 0.226562 0.595833 0.246875 0.595833 0.251563 0.593750 0.256250 0.591667 0.265625 0.585417 0.276562 0.570833 0.281250 0.562500 0.285938 0.550000 0.287500 0.543750 0.289062 0.535417 0.289062 0.512500 0.287500 0.506250 0.285938 0.500000 0.282813 0.489583 0.276562 0.481250 0.276562 0.479167 0.271875 0.472917 0.265625 0.466667 0.256250 0.460417 0.251563 0.458333 0.246875 0.456250 0.239063 0.454167 0.232813 0.454167
13 0.809375 0.712500 0.803125 0.714583 0.796875 0.716667 0.792188 0.718750 0.784375 0.725000 0.779687 0.729167 0.771875 0.737500 0.765625 0.745833 0.762500 0.752083 0.759375 0.758333 0.754687 0.770833 0.753125 0.779167 0.751563 0.789583 0.751563 0.814583 0.753125 0.827083 0.754687 0.835417 0.756250 0.841667 0.762500 0.858333 0.768750 0.868750 0.775000 0.877083 0.781250 0.883333 0.785937 0.887500 0.792188 0.891667 0.801562 0.897917 0.806250 0.900000 0.810937 0.902083 0.820312 0.904167 0.828125 0.904167 0.837500 0.902083 0.845313 0.900000 0.850000 0.897917 0.853125 0.895833 0.856250 0.893750 0.864062 0.887500 0.881250 0.864583 0.884375 0.858333 0.889062 0.845833 0.890625 0.839583 0.892188 0.831250 0.892188 0.795833 0.890625 0.787500 0.889062 0.781250 0.884375 0.764583 0.881250 0.758333 0.876563 0.750000 0.864062 0.733333 0.857812 0.727083 0.853125 0.722917 0.850000 0.720833 0.846875 0.718750 0.835938 0.714583 0.826562 0.712500 0.809375 0.712500
6 0.265625 0.214583 0.270313 0.216667 0.275000 0.220833 0.279687 0.227083 0.281250 0.231250 0.281250 0.235417 0.278125 0.243750 0.276562 0.254167 0.275000 0.266667 0.275000 0.304167 0.276562 0.312500 0.281250 0.331250 0.282813 0.335417 0.284375 0.339583 0.289062 0.350000 0.295312 0.360417 0.310937 0.381250 0.325000 0.393750 0.328125 0.395833 0.331250 0.397917 0.350000 0.406250 0.364063 0.408333 0.376563 0.408333 0.389062 0.406250 0.395313 0.404167 0.401562 0.402083 0.414062 0.393750 0.423438 0.383333 0.435937 0.366667 0.443750 0.347917 0.448437 0.335417 0.450000 0.329167 0.451562 0.322917 0.453125 0.308333 0.453125 0.291667 0.451562 0.268750 0.450000 0.256250 0.446875 0.243750 0.442188 0.231250 0.442188 0.227083 0.453125 0.218750 0.464062 0.220833 0.467187 0.220833 0.506250 0.218750 0.509375 0.222917 0.509375 0.275000 0.504687 0.287500 0.493750 0.304167 0.485938 0.312500 0.484375 0.314583 0.482812 0.318750 0.481250 0.322917 0.482812 0.331250 0.487500 0.333333 0.493750 0.339583 0.495312 0.350000 0.489063 0.358333 0.481250 0.375000 0.465625 0.400000 0.462500 0.408333 0.459375 0.414583 0.457813 0.416667 0.456250 0.416667 0.453125 0.420833 0.453125 0.425000 0.440625 0.441667 0.437500 0.450000 0.429688 0.458333 0.428125 0.460417 0.426563 0.464583 0.426563 0.475000 0.434375 0.485417 0.439063 0.487500 0.456250 0.508333 0.460938 0.510417 0.470313 0.520833 0.478125 0.531250 0.484375 0.537500 0.501563 0.552083 0.507812 0.560417 0.509375 0.564583 0.509375 0.572917 0.507812 0.662500 0.506250 0.677083 0.473438 0.677083 0.471875 0.672917 0.465625 0.631250 0.464062 0.618750 0.462500 0.604167 0.460938 0.579167 0.460938 0.550000 0.459375 0.541667 0.456250 0.537500 0.453125 0.539583 0.451562 0.539583 0.450000 0.541667 0.445312 0.550000 0.442188 0.550000 0.435937 0.545833 0.412500 0.545833 0.393750 0.547917 0.389062 0.550000 0.385937 0.552083 0.381250 0.558333 0.382812 0.568750 0.385937 0.575000 0.387500 0.585417 0.387500 0.602083 0.389062 0.616667 0.392188 0.629167 0.392188 0.643750 0.395313 0.656250 0.395313 0.675000 0.392188 0.677083 0.251563 0.679167 0.229687 0.679167 0.175000 0.677083 0.171875 0.675000 0.170313 0.568750 0.173437 0.539583 0.181250 0.541667 0.182812 0.547917 0.184375 0.554167 0.185938 0.558333 0.187500 0.562500 0.189062 0.564583 0.190625 0.564583 0.200000 0.581250 0.204687 0.587500 0.214062 0.593750 0.220312 0.597917 0.229687 0.600000 0.246875 0.600000 0.254688 0.595833 0.264062 0.589583 0.268750 0.585417 0.279687 0.570833 0.282813 0.564583 0.285938 0.558333 0.289062 0.547917 0.290625 0.539583 0.292187 0.527083 0.292187 0.522917 0.290625 0.510417 0.289062 0.502083 0.282813 0.485417 0.276562 0.475000 0.275000 0.472917 0.268750 0.466667 0.262500 0.460417 0.259375 0.458333 0.256250 0.456250 0.251563 0.454167 0.246875 0.452083 0.225000 0.452083 0.220312 0.454167 0.212500 0.458333 0.204687 0.464583 0.189062 0.485417 0.187500 0.489583 0.185938 0.497917 0.182812 0.502083 0.181250 0.510417 0.179688 0.525000 0.179688 0.529167 0.181250 0.541667 0.173437 0.539583 0.173437 0.497917 0.171875 0.414583 0.171875 0.256250 0.171875 0.218750 0.173437 0.214583 0.265625 0.214583
6 0.728125 0.535417 0.732812 0.537500 0.760938 0.554167 0.775000 0.564583 0.789062 0.572917 0.800000 0.577083 0.820312 0.591667 0.837500 0.602083 0.854688 0.612500 0.865625 0.618750 0.873437 0.622917 0.881250 0.627083 0.893750 0.631250 0.904687 0.637500 0.907813 0.641667 0.915625 0.645833 0.928125 0.650000 0.939063 0.658333 0.950000 0.662500 0.960938 0.670833 0.979688 0.679167 0.985938 0.683333 0.989062 0.685417 0.990625 0.697917 0.989062 0.704167 0.971875 0.747917 0.964063 0.768750 0.953125 0.802083 0.943750 0.831250 0.939063 0.845833 0.937500 0.856250 0.892188 0.841667 0.893750 0.829167 0.893750 0.795833 0.892188 0.785417 0.890625 0.779167 0.889062 0.772917 0.884375 0.760417 0.881250 0.754167 0.876563 0.745833 0.868750 0.735417 0.859375 0.725000 0.848437 0.716667 0.843750 0.714583 0.839063 0.712500 0.832812 0.710417 0.820312 0.708333 0.815625 0.708333 0.806250 0.710417 0.800000 0.712500 0.792188 0.716667 0.789062 0.718750 0.785937 0.720833 0.778125 0.727083 0.775000 0.731250 0.775000 0.733333 0.773438 0.735417 0.762500 0.747917 0.757812 0.758333 0.753125 0.770833 0.751563 0.777083 0.750000 0.787500 0.750000 0.818750 0.751563 0.829167 0.753125 0.835417 0.756250 0.845833 0.760938 0.858333 0.764062 0.864583 0.776563 0.881250 0.790625 0.893750 0.793750 0.895833 0.796875 0.897917 0.809375 0.904167 0.817187 0.906250 0.834375 0.906250 0.840625 0.904167 0.848437 0.900000 0.854688 0.897917 0.857812 0.895833 0.862500 0.891667 0.871875 0.881250 0.881250 0.868750 0.884375 0.862500 0.889062 0.852083 0.890625 0.847917 0.892188 0.841667 0.937500 0.856250 0.926562 0.891667 0.914062 0.927083 0.906250 0.952083 0.904687 0.962500 0.901563 0.972917 0.896875 0.987500 0.893750 0.993750 0.890625 0.997917 0.807813 0.997917 0.796875 0.997917 0.789062 0.995833 0.782813 0.993750 0.775000 0.989583 0.771875 0.985417 0.768750 0.985417 0.765625 0.983333 0.754687 0.972917 0.743750 0.964583 0.731250 0.958333 0.714063 0.943750 0.701562 0.935417 0.687500 0.927083 0.673438 0.920833 0.670312 0.916667 0.662500 0.914583 0.659375 0.912500 0.653125 0.906250 0.632812 0.895833 0.623437 0.889583 0.615625 0.883333 0.610938 0.877083 0.610938 0.870833 0.612500 0.864583 0.614062 0.858333 0.620313 0.843750 0.621875 0.833333 0.631250 0.806250 0.639062 0.787500 0.646875 0.764583 0.659375 0.722917 0.670312 0.695833 0.675000 0.677083 0.682813 0.654167 0.704688 0.589583 0.717187 0.554167 0.720313 0.543750 0.723437 0.539583 0.723437 0.537500 0.728125 0.535417
6 0.704688 0.379167 0.704688 0.387500 0.706250 0.389583 0.706250 0.400000 0.707812 0.404167 0.714063 0.406250 0.714063 0.400000 0.712500 0.393750 0.709375 0.389583 0.709375 0.385417 0.707812 0.381250 0.704688 0.379167
6 0.956250 0.002083 0.910937 0.006250 0.850000 0.004167 0.839063 0.004167 0.826562 0.008333 0.814063 0.008333 0.803125 0.010417 0.793750 0.012500 0.775000 0.018750 0.765625 0.018750 0.748437 0.022917 0.740625 0.025000 0.734375 0.027083 0.728125 0.031250 0.721875 0.033333 0.690625 0.039583 0.684375 0.041667 0.679688 0.043750 0.675000 0.050000 0.673438 0.056250 0.673438 0.060417 0.675000 0.075000 0.678125 0.089583 0.679688 0.106250 0.681250 0.122917 0.682813 0.158333 0.684375 0.177083 0.685937 0.189583 0.689063 0.200000 0.690625 0.214583 0.692187 0.254167 0.695312 0.287500 0.696875 0.306250 0.698438 0.314583 0.700000 0.316667 0.700000 0.320833 0.701562 0.312500 0.703125 0.310417 0.706250 0.293750 0.712500 0.277083 0.717187 0.266667 0.734375 0.243750 0.740625 0.237500 0.745313 0.233333 0.756250 0.225000 0.759375 0.222917 0.773438 0.216667 0.781250 0.214583 0.809375 0.214583 0.817187 0.216667 0.821875 0.218750 0.829688 0.222917 0.832812 0.225000 0.835938 0.227083 0.843750 0.233333 0.851562 0.241667 0.862500 0.256250 0.867188 0.264583 0.871875 0.275000 0.878125 0.291667 0.879687 0.297917 0.881250 0.308333 0.882812 0.320833 0.882812 0.345833 0.881250 0.358333 0.878125 0.370833 0.876563 0.377083 0.868750 0.393750 0.865625 0.400000 0.860938 0.408333 0.859375 0.410417 0.850000 0.422917 0.842187 0.431250 0.837500 0.435417 0.832812 0.439583 0.823438 0.445833 0.818750 0.447917 0.814063 0.450000 0.807813 0.452083 0.798438 0.454167 0.781250 0.454167 0.771875 0.452083 0.765625 0.450000 0.760938 0.447917 0.756250 0.445833 0.748437 0.441667 0.745313 0.437500 0.742188 0.435417 0.739062 0.435417 0.728125 0.447917 0.725000 0.452083 0.717187 0.464583 0.715625 0.468750 0.715625 0.479167 0.717187 0.481250 0.717187 0.485417 0.720313 0.487500 0.732812 0.487500 0.734375 0.485417 0.764062 0.483333 0.776563 0.481250 0.800000 0.475000 0.814063 0.475000 0.839063 0.468750 0.851562 0.466667 0.889062 0.464583 0.901563 0.460417 0.920312 0.460417 0.942187 0.454167 0.953125 0.452083 0.976562 0.450000 0.989062 0.447917 0.990625 0.445833 0.998437 0.445833 0.998437 0.170833 0.995313 0.160417 0.993750 0.143750 0.992188 0.114583 0.985938 0.068750 0.985938 0.052083 0.984375 0.039583 0.982812 0.029167 0.981250 0.018750 0.979688 0.010417 0.978125 0.006250 0.975000 0.002083 0.956250 0.002083
13 0.232813 0.725000 0.231250 0.727083 0.223438 0.727083 0.212500 0.731250 0.207813 0.733333 0.195312 0.741667 0.190625 0.745833 0.175000 0.766667 0.171875 0.772917 0.165625 0.787500 0.162500 0.797917 0.160938 0.804167 0.159375 0.814583 0.159375 0.837500 0.160938 0.847917 0.162500 0.854167 0.164062 0.860417 0.165625 0.864583 0.170313 0.875000 0.173437 0.881250 0.176563 0.887500 0.185938 0.900000 0.190625 0.904167 0.203125 0.912500 0.207813 0.914583 0.212500 0.916667 0.220312 0.918750 0.239063 0.918750 0.246875 0.916667 0.251563 0.914583 0.256250 0.912500 0.265625 0.906250 0.279687 0.893750 0.287500 0.881250 0.292187 0.872917 0.296875 0.860417 0.300000 0.850000 0.300000 0.843750 0.304688 0.835417 0.306250 0.825000 0.306250 0.791667 0.304688 0.777083 0.303125 0.770833 0.296875 0.754167 0.289062 0.743750 0.282813 0.737500 0.278125 0.733333 0.275000 0.731250 0.270313 0.729167 0.262500 0.727083 0.239063 0.725000 0.232813 0.725000
13 0.789062 0.216667 0.778125 0.218750 0.771875 0.220833 0.767188 0.222917 0.762500 0.225000 0.743750 0.237500 0.737500 0.243750 0.718750 0.268750 0.715625 0.275000 0.709375 0.291667 0.706250 0.302083 0.704688 0.310417 0.703125 0.322917 0.703125 0.347917 0.704688 0.360417 0.706250 0.366667 0.707812 0.372917 0.710938 0.383333 0.718750 0.402083 0.728125 0.414583 0.745313 0.435417 0.759375 0.443750 0.764062 0.445833 0.770312 0.447917 0.776563 0.450000 0.804688 0.450000 0.810937 0.447917 0.817187 0.445833 0.828125 0.439583 0.831250 0.435417 0.834375 0.435417 0.839063 0.431250 0.846875 0.422917 0.860938 0.404167 0.865625 0.395833 0.871875 0.381250 0.876563 0.368750 0.878125 0.362500 0.879687 0.352083 0.881250 0.335417 0.881250 0.327083 0.879687 0.325000 0.878125 0.302083 0.876563 0.295833 0.875000 0.289583 0.870313 0.277083 0.865625 0.266667 0.860938 0.258333 0.846875 0.239583 0.842187 0.235417 0.834375 0.229167 0.823438 0.222917 0.818750 0.220833 0.812500 0.218750 0.801562 0.216667 0.789062 0.216667
1 0.546875 0.225000 0.543750 0.227083 0.526563 0.250000 0.514062 0.272917 0.507812 0.289583 0.504687 0.293750 0.504687 0.295833 0.503125 0.297917 0.501563 0.297917 0.498437 0.302083 0.496875 0.308333 0.489063 0.316667 0.485938 0.325000 0.489063 0.329167 0.493750 0.333333 0.496875 0.335417 0.500000 0.337500 0.504687 0.339583 0.515625 0.339583 0.518750 0.341667 0.520312 0.345833 0.526563 0.350000 0.532813 0.356250 0.554688 0.383333 0.564063 0.391667 0.575000 0.406250 0.581250 0.410417 0.592187 0.425000 0.598437 0.431250 0.609375 0.439583 0.618750 0.450000 0.628125 0.460417 0.640625 0.475000 0.651563 0.487500 0.653125 0.489583 0.654687 0.493750 0.656250 0.506250 0.668750 0.520833 0.671875 0.522917 0.676562 0.522917 0.679688 0.518750 0.682813 0.512500 0.685937 0.506250 0.687500 0.500000 0.689063 0.495833 0.690625 0.493750 0.692187 0.493750 0.696875 0.489583 0.709375 0.472917 0.712500 0.464583 0.726562 0.445833 0.734375 0.433333 0.734375 0.429167 0.725000 0.416667 0.714063 0.416667 0.707812 0.414583 0.704688 0.412500 0.696875 0.404167 0.689063 0.395833 0.679688 0.385417 0.670312 0.372917 0.660937 0.362500 0.643750 0.343750 0.623437 0.325000 0.615625 0.316667 0.606250 0.306250 0.571875 0.260417 0.560937 0.235417 0.556250 0.229167 0.550000 0.225000 0.546875 0.225000
1 0.621875 0.533333 0.620313 0.537500 0.618750 0.545833 0.614062 0.556250 0.606250 0.585417 0.603125 0.589583 0.598437 0.604167 0.596875 0.614583 0.590625 0.633333 0.579688 0.664583 0.575000 0.672917 0.570312 0.687500 0.554688 0.739583 0.550000 0.752083 0.543750 0.760417 0.540625 0.766667 0.539062 0.770833 0.539062 0.781250 0.537500 0.787500 0.535937 0.791667 0.531250 0.802083 0.526563 0.808333 0.525000 0.812500 0.525000 0.829167 0.528125 0.833333 0.539062 0.845833 0.545312 0.850000 0.548438 0.852083 0.557813 0.856250 0.560937 0.860417 0.571875 0.866667 0.587500 0.872917 0.590625 0.877083 0.600000 0.875000 0.601562 0.870833 0.603125 0.866667 0.604688 0.860417 0.606250 0.850000 0.606250 0.845833 0.604688 0.835417 0.600000 0.825000 0.600000 0.814583 0.603125 0.806250 0.610938 0.787500 0.618750 0.760417 0.632812 0.725000 0.637500 0.706250 0.642188 0.691667 0.646875 0.683333 0.650000 0.672917 0.653125 0.658333 0.660937 0.641667 0.665625 0.625000 0.671875 0.610417 0.676562 0.604167 0.684375 0.600000 0.684375 0.591667 0.676562 0.579167 0.660937 0.560417 0.654687 0.554167 0.650000 0.550000 0.642188 0.545833 0.634375 0.537500 0.631250 0.535417 0.628125 0.533333 0.621875 0.533333
1 0.454688 0.541667 0.451562 0.545833 0.450000 0.550000 0.450000 0.554167 0.445312 0.558333 0.442188 0.556250 0.439063 0.552083 0.435937 0.550000 0.409375 0.550000 0.393750 0.552083 0.389062 0.554167 0.385937 0.556250 0.384375 0.562500 0.389062 0.575000 0.390625 0.587500 0.393750 0.614583 0.396875 0.654167 0.404687 0.718750 0.407813 0.731250 0.409375 0.743750 0.410938 0.770833 0.412500 0.785417 0.415625 0.797917 0.417187 0.812500 0.421875 0.866667 0.423438 0.868750 0.423438 0.877083 0.421875 0.891667 0.451562 0.891667 0.464062 0.889583 0.476562 0.885417 0.493750 0.885417 0.495312 0.883333 0.506250 0.883333 0.506250 0.877083 0.504687 0.870833 0.500000 0.862500 0.500000 0.858333 0.498437 0.854167 0.489063 0.839583 0.487500 0.833333 0.487500 0.814583 0.485938 0.800000 0.484375 0.787500 0.475000 0.729167 0.473438 0.716667 0.473438 0.704167 0.468750 0.668750 0.467187 0.656250 0.464062 0.645833 0.462500 0.633333 0.460938 0.620833 0.459375 0.606250 0.459375 0.575000 0.457813 0.552083 0.454688 0.541667
14 0.353125 0.168750 0.343750 0.170833 0.337500 0.172917 0.332813 0.175000 0.328125 0.177083 0.315625 0.185417 0.310937 0.189583 0.303125 0.200000 0.296875 0.204167 0.292187 0.200000 0.282813 0.189583 0.276562 0.183333 0.273438 0.181250 0.268750 0.181250 0.265625 0.183333 0.264062 0.185417 0.262500 0.189583 0.262500 0.197917 0.264062 0.202083 0.278125 0.220833 0.282813 0.231250 0.282813 0.235417 0.279687 0.239583 0.278125 0.247917 0.276562 0.260417 0.276562 0.306250 0.281250 0.329167 0.284375 0.337500 0.289062 0.350000 0.292187 0.356250 0.300000 0.368750 0.303125 0.372917 0.310937 0.381250 0.318750 0.387500 0.325000 0.389583 0.328125 0.393750 0.331250 0.395833 0.339062 0.400000 0.343750 0.402083 0.350000 0.404167 0.365625 0.406250 0.390625 0.406250 0.392188 0.402083 0.398438 0.402083 0.406250 0.397917 0.409375 0.395833 0.412500 0.393750 0.417187 0.389583 0.426563 0.377083 0.428125 0.377083 0.435937 0.366667 0.437500 0.362500 0.439063 0.354167 0.450000 0.329167 0.451562 0.287500 0.451562 0.275000 0.448437 0.256250 0.446875 0.250000 0.445312 0.245833 0.435937 0.222917 0.432812 0.216667 0.414062 0.191667 0.407813 0.185417 0.395313 0.177083 0.390625 0.175000 0.385937 0.172917 0.379688 0.170833 0.370312 0.168750 0.353125 0.168750
