6 0.187500 0.216667 0.192188 0.214583 0.285938 0.214583 0.325000 0.214583 0.329688 0.220833 0.331250 0.233333 0.331250 0.243750 0.332813 0.256250 0.337500 0.275000 0.339062 0.289583 0.340625 0.302083 0.342187 0.318750 0.343750 0.339583 0.343750 0.354167 0.342187 0.358333 0.335938 0.366667 0.335938 0.385417 0.337500 0.391667 0.340625 0.395833 0.351562 0.395833 0.362500 0.393750 0.379688 0.387500 0.407813 0.381250 0.426563 0.381250 0.429688 0.379167 0.432812 0.375000 0.432812 0.345833 0.431250 0.339583 0.426563 0.331250 0.426563 0.318750 0.423438 0.306250 0.421875 0.293750 0.420312 0.275000 0.420312 0.250000 0.417187 0.225000 0.418750 0.216667 0.432812 0.220833 0.464062 0.222917 0.482812 0.222917 0.484375 0.220833 0.503125 0.220833 0.506250 0.225000 0.507812 0.237500 0.507812 0.437500 0.504687 0.520833 0.504687 0.629167 0.503125 0.672917 0.501563 0.675000 0.501563 0.679167 0.498437 0.681250 0.387500 0.679167 0.389062 0.664583 0.396875 0.660417 0.406250 0.654167 0.414062 0.647917 0.418750 0.643750 0.421875 0.639583 0.425000 0.631250 0.434375 0.618750 0.435937 0.614583 0.439063 0.604167 0.440625 0.597917 0.442188 0.585417 0.442188 0.558333 0.440625 0.545833 0.439063 0.537500 0.435937 0.527083 0.432812 0.520833 0.425000 0.510417 0.423438 0.504167 0.417187 0.495833 0.403125 0.483333 0.400000 0.481250 0.396875 0.479167 0.385937 0.475000 0.378125 0.472917 0.360938 0.472917 0.353125 0.475000 0.348438 0.477083 0.343750 0.479167 0.334375 0.485417 0.328125 0.489583 0.314063 0.508333 0.310937 0.516667 0.303125 0.525000 0.295312 0.537500 0.290625 0.550000 0.289062 0.556250 0.287500 0.564583 0.287500 0.597917 0.289062 0.604167 0.295312 0.620833 0.301563 0.631250 0.310937 0.643750 0.314063 0.645833 0.325000 0.652083 0.329688 0.654167 0.334375 0.656250 0.346875 0.658333 0.359375 0.664583 0.373437 0.666667 0.379688 0.666667 0.381250 0.664583 0.389062 0.664583 0.387500 0.679167 0.337500 0.681250 0.310937 0.681250 0.278125 0.681250 0.251563 0.681250 0.192188 0.681250 0.167187 0.677083 0.165625 0.672917 0.165625 0.606250 0.168750 0.556250 0.168750 0.495833 0.170313 0.472917 0.173437 0.464583 0.178125 0.470833 0.184375 0.477083 0.187500 0.479167 0.193750 0.481250 0.200000 0.489583 0.201563 0.495833 0.203125 0.497917 0.204687 0.497917 0.217188 0.510417 0.220312 0.512500 0.234375 0.518750 0.259375 0.518750 0.270313 0.514583 0.279687 0.508333 0.285938 0.502083 0.296875 0.487500 0.300000 0.481250 0.303125 0.475000 0.304688 0.470833 0.307812 0.460417 0.309375 0.452083 0.309375 0.418750 0.307812 0.412500 0.306250 0.406250 0.301563 0.393750 0.298438 0.387500 0.295312 0.381250 0.290625 0.375000 0.279687 0.364583 0.270313 0.358333 0.264062 0.354167 0.256250 0.352083 0.243750 0.352083 0.234375 0.354167 0.231250 0.358333 0.220312 0.358333 0.204687 0.356250 0.193750 0.360417 0.184375 0.366667 0.176563 0.375000 0.171875 0.375000 0.168750 0.302083 0.170313 0.285417 0.168750 0.252083 0.168750 0.245833 0.170313 0.243750 0.170313 0.239583 0.168750 0.220833 0.170313 0.216667 0.173437 0.214583 0.187500 0.216667
13 0.235937 0.356250 0.231250 0.360417 0.226562 0.362500 0.218750 0.362500 0.206250 0.360417 0.198437 0.362500 0.193750 0.364583 0.184375 0.370833 0.179688 0.375000 0.173437 0.383333 0.170313 0.389583 0.165625 0.402083 0.164062 0.410417 0.164062 0.433333 0.165625 0.441667 0.170313 0.454167 0.181250 0.468750 0.185938 0.472917 0.195312 0.479167 0.198437 0.483333 0.210938 0.502083 0.215625 0.506250 0.218750 0.508333 0.221875 0.510417 0.226562 0.512500 0.231250 0.514583 0.239063 0.516667 0.253125 0.516667 0.262500 0.514583 0.267188 0.512500 0.271875 0.510417 0.275000 0.508333 0.278125 0.506250 0.282813 0.502083 0.296875 0.483333 0.300000 0.475000 0.304688 0.462500 0.306250 0.454167 0.307812 0.441667 0.307812 0.427083 0.306250 0.414583 0.304688 0.408333 0.303125 0.402083 0.298438 0.391667 0.292187 0.381250 0.281250 0.368750 0.275000 0.364583 0.265625 0.358333 0.259375 0.356250 0.235937 0.356250
13 0.757812 0.689583 0.751563 0.691667 0.739062 0.700000 0.726562 0.716667 0.721875 0.729167 0.720313 0.735417 0.720313 0.770833 0.721875 0.779167 0.726562 0.791667 0.735938 0.806250 0.737500 0.808333 0.743750 0.814583 0.746875 0.816667 0.750000 0.818750 0.754687 0.820833 0.759375 0.822917 0.765625 0.825000 0.778125 0.825000 0.789062 0.820833 0.801562 0.812500 0.807813 0.806250 0.815625 0.795833 0.818750 0.789583 0.820312 0.785417 0.821875 0.779167 0.821875 0.754167 0.820312 0.743750 0.818750 0.737500 0.817187 0.731250 0.814063 0.727083 0.814063 0.722917 0.809375 0.714583 0.801562 0.704167 0.796875 0.700000 0.784375 0.691667 0.778125 0.689583 0.757812 0.689583
6 0.968750 0.012500 0.946875 0.014583 0.926562 0.018750 0.898438 0.020833 0.859375 0.020833 0.829688 0.022917 0.803125 0.027083 0.792188 0.029167 0.781250 0.031250 0.750000 0.037500 0.740625 0.039583 0.732812 0.041667 0.725000 0.045833 0.717187 0.047917 0.707812 0.050000 0.698438 0.052083 0.687500 0.052083 0.682813 0.054167 0.679688 0.056250 0.678125 0.058333 0.676562 0.062500 0.676562 0.081250 0.679688 0.095833 0.681250 0.112500 0.681250 0.133333 0.682813 0.154167 0.685937 0.170833 0.685937 0.189583 0.689063 0.197917 0.690625 0.212500 0.692187 0.225000 0.692187 0.241667 0.693750 0.254167 0.695312 0.258333 0.700000 0.260417 0.703125 0.258333 0.723437 0.231250 0.737500 0.218750 0.740625 0.216667 0.746875 0.214583 0.751563 0.208333 0.754687 0.208333 0.757812 0.204167 0.759375 0.195833 0.759375 0.181250 0.760938 0.172917 0.762500 0.166667 0.764062 0.162500 0.765625 0.158333 0.767188 0.156250 0.770312 0.154167 0.773438 0.152083 0.782813 0.152083 0.785937 0.154167 0.789062 0.156250 0.790625 0.158333 0.792188 0.162500 0.793750 0.166667 0.795312 0.177083 0.795312 0.200000 0.796875 0.206250 0.800000 0.210417 0.807813 0.212500 0.818750 0.218750 0.821875 0.220833 0.826562 0.225000 0.831250 0.229167 0.848437 0.252083 0.854688 0.264583 0.857812 0.270833 0.860938 0.281250 0.862500 0.287500 0.864062 0.295833 0.865625 0.308333 0.865625 0.335417 0.864062 0.347917 0.862500 0.356250 0.860938 0.362500 0.856250 0.375000 0.846875 0.393750 0.832812 0.412500 0.826562 0.418750 0.821875 0.422917 0.812500 0.429167 0.809375 0.429167 0.800000 0.435417 0.800000 0.439583 0.804688 0.443750 0.812500 0.445833 0.820312 0.447917 0.829688 0.450000 0.839063 0.452083 0.859375 0.454167 0.868750 0.456250 0.884375 0.462500 0.895312 0.462500 0.903125 0.466667 0.929688 0.466667 0.945312 0.462500 0.962500 0.462500 0.978125 0.458333 0.995313 0.458333 0.998437 0.456250 0.998437 0.137500 0.995313 0.129167 0.993750 0.112500 0.992188 0.075000 0.990625 0.058333 0.989062 0.043750 0.987500 0.031250 0.985938 0.020833 0.984375 0.016667 0.978125 0.012500 0.968750 0.012500
14 0.775000 0.156250 0.770312 0.158333 0.767188 0.162500 0.764062 0.172917 0.762500 0.183333 0.762500 0.202083 0.760938 0.210417 0.757812 0.214583 0.753125 0.216667 0.745313 0.218750 0.735938 0.225000 0.731250 0.229167 0.726562 0.233333 0.720313 0.241667 0.718750 0.241667 0.714063 0.247917 0.690625 0.281250 0.684375 0.297917 0.682813 0.304167 0.681250 0.310417 0.679688 0.318750 0.678125 0.335417 0.678125 0.339583 0.679688 0.352083 0.681250 0.360417 0.682813 0.366667 0.684375 0.372917 0.690625 0.389583 0.693750 0.395833 0.701562 0.408333 0.709375 0.418750 0.712500 0.420833 0.715625 0.422917 0.729688 0.425000 0.735938 0.429167 0.742188 0.431250 0.750000 0.433333 0.757812 0.435417 0.784375 0.435417 0.792188 0.433333 0.800000 0.431250 0.804688 0.429167 0.812500 0.425000 0.815625 0.422917 0.818750 0.420833 0.823438 0.416667 0.828125 0.412500 0.834375 0.406250 0.843750 0.393750 0.853125 0.375000 0.857812 0.362500 0.859375 0.356250 0.860938 0.350000 0.862500 0.339583 0.862500 0.302083 0.860938 0.293750 0.859375 0.285417 0.854688 0.270833 0.850000 0.260417 0.845313 0.252083 0.832812 0.235417 0.826562 0.229167 0.818750 0.222917 0.815625 0.220833 0.812500 0.218750 0.807813 0.216667 0.798438 0.214583 0.795312 0.212500 0.792188 0.197917 0.792188 0.177083 0.790625 0.164583 0.785937 0.158333 0.782813 0.156250 0.775000 0.156250
13 0.270313 0.704167 0.260937 0.706250 0.251563 0.710417 0.246875 0.712500 0.242188 0.716667 0.237500 0.720833 0.223438 0.739583 0.221875 0.743750 0.220312 0.747917 0.217188 0.762500 0.215625 0.766667 0.210938 0.775000 0.203125 0.785417 0.200000 0.791667 0.198437 0.795833 0.196875 0.802083 0.195312 0.808333 0.195312 0.835417 0.196875 0.845833 0.198437 0.850000 0.200000 0.854167 0.203125 0.858333 0.203125 0.860417 0.204687 0.862500 0.217188 0.877083 0.220312 0.879167 0.223438 0.881250 0.229687 0.883333 0.251563 0.883333 0.256250 0.881250 0.259375 0.877083 0.259375 0.870833 0.257812 0.858333 0.254688 0.845833 0.254688 0.833333 0.251563 0.820833 0.250000 0.808333 0.250000 0.789583 0.250000 0.785417 0.256250 0.777083 0.259375 0.775000 0.262500 0.772917 0.268750 0.770833 0.276562 0.768750 0.284375 0.766667 0.309375 0.766667 0.320312 0.764583 0.326562 0.762500 0.329688 0.760417 0.329688 0.752083 0.328125 0.747917 0.326562 0.743750 0.323437 0.737500 0.318750 0.731250 0.318750 0.729167 0.315625 0.725000 0.314063 0.725000 0.309375 0.718750 0.304688 0.714583 0.301563 0.712500 0.298438 0.710417 0.293750 0.708333 0.289062 0.706250 0.279687 0.704167 0.270313 0.704167
1 0.639062 0.404167 0.639062 0.406250 0.635938 0.410417 0.634375 0.414583 0.629687 0.435417 0.626563 0.445833 0.621875 0.456250 0.618750 0.466667 0.617188 0.477083 0.615625 0.481250 0.618750 0.483333 0.621875 0.485417 0.626563 0.487500 0.634375 0.489583 0.643750 0.491667 0.653125 0.493750 0.657813 0.491667 0.668750 0.493750 0.678125 0.495833 0.703125 0.502083 0.710938 0.504167 0.721875 0.510417 0.729688 0.512500 0.748437 0.516667 0.757812 0.518750 0.785937 0.522917 0.823438 0.533333 0.834375 0.535417 0.846875 0.537500 0.864062 0.537500 0.871875 0.531250 0.875000 0.531250 0.878125 0.529167 0.878125 0.512500 0.881250 0.504167 0.884375 0.495833 0.887500 0.489583 0.898438 0.475000 0.896875 0.468750 0.887500 0.468750 0.871875 0.462500 0.860938 0.462500 0.835938 0.454167 0.815625 0.452083 0.782813 0.441667 0.771875 0.439583 0.757812 0.439583 0.750000 0.437500 0.735938 0.431250 0.726562 0.429167 0.715625 0.427083 0.703125 0.427083 0.693750 0.425000 0.684375 0.420833 0.675000 0.420833 0.662500 0.414583 0.651563 0.414583 0.645312 0.404167 0.639062 0.404167
1 0.406250 0.039583 0.404687 0.041667 0.398438 0.043750 0.385937 0.043750 0.375000 0.047917 0.334375 0.047917 0.323437 0.050000 0.314063 0.054167 0.306250 0.054167 0.303125 0.056250 0.303125 0.070833 0.304688 0.077083 0.306250 0.081250 0.307812 0.085417 0.312500 0.093750 0.317188 0.100000 0.321875 0.108333 0.323437 0.112500 0.323437 0.122917 0.320312 0.127083 0.320312 0.133333 0.323437 0.137500 0.325000 0.137500 0.328125 0.158333 0.328125 0.175000 0.325000 0.181250 0.325000 0.189583 0.326562 0.204167 0.331250 0.233333 0.334375 0.241667 0.335938 0.252083 0.335938 0.270833 0.339062 0.281250 0.339062 0.295833 0.342187 0.304167 0.343750 0.314583 0.343750 0.327083 0.346875 0.335417 0.348438 0.350000 0.348438 0.356250 0.339062 0.368750 0.337500 0.375000 0.340625 0.385417 0.340625 0.391667 0.351562 0.391667 0.362500 0.389583 0.378125 0.383333 0.387500 0.381250 0.398438 0.381250 0.406250 0.377083 0.425000 0.377083 0.428125 0.372917 0.428125 0.350000 0.426563 0.341667 0.423438 0.335417 0.421875 0.322917 0.420312 0.312500 0.418750 0.300000 0.417187 0.285417 0.415625 0.266667 0.414062 0.245833 0.414062 0.220833 0.412500 0.204167 0.409375 0.187500 0.409375 0.166667 0.404687 0.129167 0.403125 0.108333 0.403125 0.093750 0.404687 0.087500 0.409375 0.077083 0.410938 0.068750 0.409375 0.039583 0.406250 0.039583
6 0.710938 0.545833 0.715625 0.547917 0.743750 0.566667 0.760938 0.575000 0.771875 0.581250 0.775000 0.585417 0.778125 0.587500 0.789062 0.593750 0.803125 0.600000 0.823438 0.614583 0.798438 0.697917 0.785937 0.689583 0.781250 0.687500 0.773438 0.685417 0.762500 0.685417 0.753125 0.687500 0.740625 0.695833 0.734375 0.702083 0.729688 0.708333 0.725000 0.716667 0.721875 0.722917 0.720313 0.727083 0.718750 0.731250 0.717187 0.741667 0.717187 0.766667 0.718750 0.775000 0.720313 0.781250 0.721875 0.785417 0.726562 0.795833 0.742188 0.816667 0.751563 0.822917 0.756250 0.825000 0.760938 0.827083 0.784375 0.827083 0.795312 0.820833 0.798438 0.818750 0.801562 0.816667 0.807813 0.810417 0.818750 0.795833 0.823438 0.783333 0.825000 0.772917 0.825000 0.758333 0.823438 0.747917 0.821875 0.739583 0.818750 0.729167 0.817187 0.725000 0.815625 0.720833 0.810937 0.712500 0.804688 0.704167 0.798438 0.697917 0.823438 0.614583 0.834375 0.618750 0.848437 0.629167 0.856250 0.631250 0.875000 0.643750 0.893750 0.652083 0.912500 0.662500 0.923438 0.670833 0.931250 0.672917 0.942187 0.679167 0.956250 0.687500 0.965625 0.693750 0.970313 0.700000 0.970313 0.706250 0.959375 0.737500 0.951562 0.754167 0.948438 0.762500 0.942187 0.781250 0.928125 0.829167 0.920312 0.847917 0.917188 0.862500 0.914062 0.866667 0.909375 0.883333 0.904687 0.895833 0.900000 0.906250 0.882812 0.937500 0.881250 0.943750 0.876563 0.952083 0.870313 0.960417 0.860938 0.981250 0.854688 0.991667 0.853125 0.993750 0.851562 0.993750 0.848437 0.997917 0.795312 0.995833 0.790625 0.995833 0.779687 0.995833 0.768750 0.997917 0.762500 0.995833 0.754687 0.993750 0.746875 0.989583 0.735938 0.981250 0.725000 0.977083 0.710938 0.966667 0.700000 0.962500 0.664062 0.939583 0.651563 0.931250 0.635938 0.918750 0.623437 0.910417 0.607812 0.902083 0.595313 0.893750 0.590625 0.887500 0.590625 0.881250 0.592187 0.875000 0.601562 0.843750 0.615625 0.802083 0.631250 0.760417 0.643750 0.718750 0.654687 0.687500 0.656250 0.683333 0.659375 0.679167 0.660937 0.672917 0.665625 0.670833 0.667188 0.668750 0.667188 0.666667 0.667188 0.656250 0.668750 0.647917 0.671875 0.637500 0.676562 0.622917 0.690625 0.587500 0.695312 0.568750 0.701562 0.552083 0.703125 0.547917 0.710938 0.545833
13 0.357812 0.477083 0.351562 0.479167 0.345313 0.481250 0.339062 0.485417 0.326562 0.493750 0.317188 0.506250 0.314063 0.514583 0.300000 0.533333 0.296875 0.539583 0.295312 0.543750 0.293750 0.547917 0.290625 0.558333 0.289062 0.570833 0.289062 0.595833 0.290625 0.602083 0.296875 0.618750 0.301563 0.627083 0.310937 0.639583 0.315625 0.643750 0.318750 0.645833 0.321875 0.647917 0.326562 0.650000 0.331250 0.652083 0.342187 0.654167 0.346875 0.658333 0.351562 0.660417 0.357812 0.662500 0.365625 0.664583 0.379688 0.664583 0.387500 0.662500 0.392188 0.658333 0.396875 0.658333 0.406250 0.652083 0.415625 0.643750 0.421875 0.635417 0.425000 0.627083 0.431250 0.618750 0.439063 0.600000 0.440625 0.587500 0.440625 0.556250 0.439063 0.543750 0.432812 0.527083 0.428125 0.516667 0.412500 0.495833 0.407813 0.491667 0.403125 0.487500 0.400000 0.485417 0.385937 0.479167 0.379688 0.477083 0.357812 0.477083
1 0.475000 0.716667 0.470313 0.718750 0.467187 0.720833 0.464062 0.725000 0.459375 0.727083 0.453125 0.729167 0.439063 0.733333 0.421875 0.735417 0.407813 0.739583 0.385937 0.745833 0.379688 0.750000 0.373437 0.750000 0.367188 0.754167 0.353125 0.758333 0.339062 0.762500 0.315625 0.768750 0.306250 0.770833 0.282813 0.770833 0.275000 0.772917 0.267188 0.775000 0.260937 0.777083 0.257812 0.779167 0.254688 0.781250 0.253125 0.783333 0.251563 0.787500 0.251563 0.806250 0.256250 0.841667 0.259375 0.864583 0.264062 0.885417 0.264062 0.897917 0.267188 0.902083 0.271875 0.902083 0.282813 0.897917 0.292187 0.897917 0.298438 0.895833 0.301563 0.893750 0.304688 0.889583 0.307812 0.889583 0.317188 0.879167 0.325000 0.877083 0.332813 0.870833 0.337500 0.868750 0.342187 0.866667 0.354687 0.864583 0.360938 0.862500 0.384375 0.854167 0.395313 0.850000 0.406250 0.843750 0.417187 0.841667 0.423438 0.839583 0.435937 0.833333 0.448437 0.825000 0.453125 0.822917 0.459375 0.820833 0.465625 0.820833 0.467187 0.818750 0.471875 0.818750 0.476562 0.825000 0.479687 0.825000 0.482812 0.820833 0.482812 0.814583 0.478125 0.802083 0.479687 0.791667 0.485938 0.770833 0.487500 0.750000 0.487500 0.716667 0.475000 0.716667
