6 0.376563 0.189583 0.375000 0.195833 0.373437 0.206250 0.371875 0.216667 0.371875 0.241667 0.367188 0.281250 0.365625 0.306250 0.365625 0.337500 0.362500 0.362500 0.360938 0.391667 0.360938 0.422917 0.357812 0.437500 0.357812 0.452083 0.354687 0.462500 0.356250 0.470833 0.356250 0.475000 0.354687 0.477083 0.353125 0.491667 0.351562 0.495833 0.345313 0.504167 0.342187 0.506250 0.337500 0.508333 0.329688 0.510417 0.317188 0.510417 0.303125 0.508333 0.290625 0.506250 0.278125 0.504167 0.268750 0.502083 0.264062 0.495833 0.264062 0.489583 0.267188 0.475000 0.271875 0.462500 0.275000 0.456250 0.279687 0.450000 0.285938 0.443750 0.287500 0.443750 0.290625 0.439583 0.290625 0.393750 0.292187 0.350000 0.293750 0.318750 0.295312 0.289583 0.300000 0.254167 0.300000 0.231250 0.298438 0.222917 0.296875 0.218750 0.292187 0.218750 0.289062 0.220833 0.278125 0.231250 0.259375 0.243750 0.251563 0.252083 0.223438 0.270833 0.212500 0.281250 0.195312 0.293750 0.153125 0.320833 0.142187 0.329167 0.126562 0.341667 0.120313 0.350000 0.120313 0.354167 0.125000 0.366667 0.129688 0.377083 0.134375 0.387500 0.143750 0.404167 0.146875 0.414583 0.151562 0.425000 0.154688 0.431250 0.159375 0.437500 0.167187 0.454167 0.173437 0.468750 0.178125 0.483333 0.192188 0.510417 0.196875 0.520833 0.203125 0.535417 0.212500 0.562500 0.218750 0.572917 0.223438 0.587500 0.253125 0.654167 0.254688 0.658333 0.256250 0.660417 0.259375 0.662500 0.262500 0.662500 0.267188 0.660417 0.270313 0.658333 0.273438 0.656250 0.287500 0.645833 0.321875 0.616667 0.340625 0.602083 0.351562 0.593750 0.365625 0.585417 0.367188 0.581250 0.370312 0.572917 0.373437 0.566667 0.378125 0.558333 0.387500 0.545833 0.393750 0.539583 0.398438 0.535417 0.401562 0.533333 0.409375 0.529167 0.415625 0.527083 0.425000 0.525000 0.440625 0.525000 0.445312 0.520833 0.453125 0.514583 0.459375 0.508333 0.457813 0.502083 0.456250 0.497917 0.450000 0.489583 0.446875 0.483333 0.442188 0.470833 0.437500 0.454167 0.435937 0.443750 0.434375 0.433333 0.434375 0.416667 0.435937 0.402083 0.437500 0.391667 0.439063 0.385417 0.440625 0.379167 0.450000 0.356250 0.450000 0.352083 0.445312 0.339583 0.439063 0.325000 0.434375 0.318750 0.429688 0.304167 0.420312 0.283333 0.403125 0.247917 0.384375 0.202083 0.379688 0.195833 0.379688 0.193750 0.376563 0.189583
6 0.360938 0.166667 0.356250 0.168750 0.353125 0.168750 0.367188 0.168750 0.364063 0.164583 0.360938 0.166667
13 0.421875 0.529167 0.414062 0.531250 0.407813 0.533333 0.395313 0.541667 0.389062 0.547917 0.379688 0.560417 0.375000 0.568750 0.371875 0.575000 0.371875 0.579167 0.367188 0.587500 0.365625 0.591667 0.364063 0.600000 0.364063 0.633333 0.365625 0.641667 0.367188 0.650000 0.373437 0.666667 0.378125 0.675000 0.390625 0.691667 0.395313 0.695833 0.398438 0.697917 0.401562 0.700000 0.409375 0.704167 0.415625 0.706250 0.425000 0.708333 0.440625 0.708333 0.448437 0.706250 0.454688 0.704167 0.464062 0.697917 0.468750 0.693750 0.484375 0.672917 0.487500 0.666667 0.492188 0.654167 0.493750 0.647917 0.495312 0.641667 0.496875 0.633333 0.496875 0.602083 0.495312 0.593750 0.492188 0.581250 0.490625 0.575000 0.487500 0.568750 0.484375 0.562500 0.479687 0.554167 0.478125 0.552083 0.470313 0.543750 0.465625 0.539583 0.462500 0.537500 0.459375 0.535417 0.445312 0.529167 0.421875 0.529167
13 0.521875 0.310417 0.507812 0.312500 0.500000 0.314583 0.495312 0.316667 0.490625 0.318750 0.478125 0.327083 0.471875 0.335417 0.465625 0.339583 0.462500 0.343750 0.453125 0.358333 0.448437 0.366667 0.446875 0.370833 0.445312 0.375000 0.442188 0.385417 0.440625 0.391667 0.439063 0.402083 0.439063 0.439583 0.440625 0.450000 0.442188 0.458333 0.445312 0.468750 0.446875 0.472917 0.454688 0.489583 0.460938 0.497917 0.460938 0.500000 0.465625 0.506250 0.476562 0.516667 0.484375 0.522917 0.493750 0.529167 0.500000 0.531250 0.512500 0.535417 0.537500 0.535417 0.543750 0.533333 0.550000 0.531250 0.553125 0.529167 0.556250 0.527083 0.568750 0.516667 0.573438 0.512500 0.585938 0.495833 0.590625 0.487500 0.595313 0.477083 0.600000 0.462500 0.603125 0.447917 0.604688 0.435417 0.604688 0.404167 0.603125 0.393750 0.598437 0.377083 0.595313 0.372917 0.595313 0.368750 0.590625 0.362500 0.589063 0.356250 0.585938 0.350000 0.575000 0.335417 0.568750 0.329167 0.564063 0.325000 0.554688 0.318750 0.550000 0.316667 0.545312 0.314583 0.537500 0.312500 0.526563 0.310417 0.521875 0.310417
13 0.223438 0.702083 0.209375 0.704167 0.204687 0.706250 0.201563 0.708333 0.193750 0.714583 0.185938 0.720833 0.181250 0.725000 0.168750 0.739583 0.167187 0.741667 0.165625 0.747917 0.157812 0.762500 0.156250 0.766667 0.154688 0.772917 0.153125 0.800000 0.153125 0.808333 0.154688 0.827083 0.159375 0.841667 0.165625 0.860417 0.171875 0.868750 0.192188 0.889583 0.196875 0.893750 0.201563 0.897917 0.212500 0.900000 0.228125 0.900000 0.239063 0.897917 0.243750 0.895833 0.262500 0.883333 0.267188 0.877083 0.271875 0.875000 0.281250 0.862500 0.284375 0.856250 0.287500 0.850000 0.292187 0.839583 0.295312 0.829167 0.296875 0.820833 0.298438 0.804167 0.298438 0.777083 0.296875 0.752083 0.295312 0.743750 0.293750 0.737500 0.290625 0.731250 0.281250 0.718750 0.278125 0.716667 0.275000 0.714583 0.256250 0.706250 0.250000 0.704167 0.242188 0.702083 0.223438 0.702083
1 0.704688 0.520833 0.701562 0.522917 0.698438 0.525000 0.685937 0.541667 0.679688 0.545833 0.660937 0.560417 0.657813 0.562500 0.654687 0.562500 0.651563 0.564583 0.645312 0.572917 0.637500 0.579167 0.634375 0.579167 0.631250 0.583333 0.623437 0.587500 0.618750 0.589583 0.614062 0.589583 0.609375 0.591667 0.598437 0.600000 0.590625 0.602083 0.581250 0.608333 0.570312 0.622917 0.559375 0.633333 0.550000 0.639583 0.542188 0.643750 0.532813 0.645833 0.529687 0.650000 0.528125 0.658333 0.523438 0.660417 0.501563 0.660417 0.496875 0.662500 0.493750 0.664583 0.492188 0.672917 0.493750 0.677083 0.495312 0.681250 0.506250 0.702083 0.510938 0.712500 0.512500 0.720833 0.517188 0.727083 0.517188 0.731250 0.525000 0.741667 0.526563 0.745833 0.528125 0.750000 0.532813 0.772917 0.532813 0.783333 0.543750 0.783333 0.548438 0.781250 0.551562 0.779167 0.559375 0.768750 0.559375 0.762500 0.562500 0.758333 0.567187 0.754167 0.575000 0.747917 0.578125 0.745833 0.584375 0.743750 0.587500 0.739583 0.604688 0.731250 0.610938 0.727083 0.623437 0.716667 0.637500 0.710417 0.640625 0.706250 0.656250 0.695833 0.659375 0.695833 0.662500 0.693750 0.673438 0.683333 0.685937 0.675000 0.709375 0.660417 0.720313 0.654167 0.726562 0.652083 0.743750 0.650000 0.748437 0.647917 0.751563 0.643750 0.756250 0.643750 0.759375 0.641667 0.757812 0.635417 0.756250 0.631250 0.753125 0.620833 0.740625 0.591667 0.739062 0.581250 0.735938 0.570833 0.732812 0.566667 0.731250 0.558333 0.728125 0.550000 0.718750 0.529167 0.715625 0.522917 0.712500 0.520833 0.704688 0.520833
6 0.876563 0.291667 0.876563 0.300000 0.878125 0.304167 0.882812 0.310417 0.885938 0.320833 0.889062 0.327083 0.892188 0.333333 0.898438 0.343750 0.904687 0.350000 0.904687 0.352083 0.907813 0.356250 0.903125 0.360417 0.892188 0.358333 0.889062 0.362500 0.884375 0.375000 0.878125 0.383333 0.871875 0.387500 0.859375 0.402083 0.854688 0.406250 0.850000 0.410417 0.846875 0.412500 0.843750 0.414583 0.839063 0.414583 0.834375 0.408333 0.832812 0.404167 0.829688 0.389583 0.821875 0.366667 0.820312 0.362500 0.817187 0.356250 0.812500 0.354167 0.806250 0.362500 0.800000 0.364583 0.789062 0.364583 0.770312 0.362500 0.767188 0.366667 0.767188 0.368750 0.762500 0.377083 0.754687 0.389583 0.750000 0.395833 0.743750 0.402083 0.737500 0.408333 0.729688 0.412500 0.725000 0.418750 0.721875 0.420833 0.709375 0.427083 0.701562 0.429167 0.667188 0.429167 0.657813 0.427083 0.643750 0.420833 0.640625 0.418750 0.625000 0.404167 0.612500 0.387500 0.607812 0.379167 0.607812 0.372917 0.601562 0.362500 0.600000 0.358333 0.598437 0.354167 0.598437 0.347917 0.593750 0.347917 0.593750 0.358333 0.596875 0.362500 0.603125 0.381250 0.607812 0.397917 0.607812 0.445833 0.606250 0.454167 0.604688 0.460417 0.601562 0.470833 0.596875 0.483333 0.593750 0.489583 0.590625 0.495833 0.575000 0.516667 0.568750 0.522917 0.564063 0.527083 0.559375 0.529167 0.556250 0.531250 0.553125 0.539583 0.550000 0.560417 0.540625 0.595833 0.537500 0.618750 0.534375 0.627083 0.532813 0.635417 0.532813 0.641667 0.535937 0.643750 0.540625 0.643750 0.543750 0.641667 0.546875 0.639583 0.565625 0.625000 0.570312 0.620833 0.579688 0.608333 0.584375 0.604167 0.593750 0.597917 0.604688 0.591667 0.612500 0.587500 0.620313 0.583333 0.625000 0.583333 0.629687 0.581250 0.632812 0.579167 0.645312 0.566667 0.650000 0.562500 0.657813 0.560417 0.665625 0.552083 0.685937 0.539583 0.693750 0.527083 0.696875 0.522917 0.700000 0.520833 0.704688 0.518750 0.718750 0.520833 0.718750 0.522917 0.725000 0.533333 0.731250 0.547917 0.735938 0.560417 0.740625 0.575000 0.743750 0.589583 0.764062 0.643750 0.760938 0.647917 0.756250 0.650000 0.751563 0.650000 0.746875 0.654167 0.737500 0.656250 0.728125 0.656250 0.723437 0.658333 0.718750 0.660417 0.715625 0.664583 0.707812 0.666667 0.693750 0.675000 0.687500 0.679167 0.684375 0.685417 0.679688 0.685417 0.675000 0.687500 0.670312 0.693750 0.671875 0.700000 0.676562 0.702083 0.681250 0.704167 0.696875 0.710417 0.718750 0.716667 0.745313 0.727083 0.756250 0.731250 0.782813 0.741667 0.793750 0.745833 0.798438 0.750000 0.804688 0.752083 0.809375 0.752083 0.815625 0.754167 0.820312 0.758333 0.831250 0.762500 0.837500 0.764583 0.845313 0.766667 0.854688 0.768750 0.857812 0.768750 0.862500 0.766667 0.864062 0.762500 0.865625 0.758333 0.870313 0.739583 0.873437 0.718750 0.885938 0.672917 0.887500 0.664583 0.889062 0.652083 0.889062 0.641667 0.885938 0.641667 0.878125 0.647917 0.870313 0.652083 0.865625 0.654167 0.854688 0.656250 0.845313 0.654167 0.839063 0.652083 0.834375 0.650000 0.825000 0.643750 0.818750 0.637500 0.806250 0.620833 0.801562 0.610417 0.800000 0.606250 0.798438 0.602083 0.796875 0.595833 0.795312 0.587500 0.795312 0.560417 0.796875 0.554167 0.801562 0.541667 0.804688 0.535417 0.810937 0.525000 0.818750 0.514583 0.823438 0.510417 0.842187 0.497917 0.848437 0.495833 0.856250 0.495833 0.864062 0.497917 0.870313 0.500000 0.876563 0.508333 0.889062 0.518750 0.890625 0.518750 0.892188 0.520833 0.900000 0.535417 0.907813 0.547917 0.910937 0.545833 0.910937 0.541667 0.912500 0.539583 0.912500 0.533333 0.917188 0.518750 0.921875 0.497917 0.925000 0.481250 0.929688 0.450000 0.937500 0.418750 0.939063 0.410417 0.939063 0.402083 0.942187 0.393750 0.943750 0.375000 0.945312 0.366667 0.948438 0.358333 0.950000 0.350000 0.950000 0.339583 0.953125 0.329167 0.953125 0.320833 0.954688 0.318750 0.954688 0.312500 0.951562 0.308333 0.946875 0.306250 0.939063 0.304167 0.929688 0.304167 0.914062 0.297917 0.903125 0.295833 0.893750 0.293750 0.879687 0.291667 0.876563 0.291667
6 0.778125 0.279167 0.778125 0.285417 0.781250 0.295833 0.781250 0.312500 0.782813 0.314583 0.782813 0.318750 0.785937 0.318750 0.796875 0.325000 0.801562 0.325000 0.800000 0.318750 0.796875 0.316667 0.795312 0.312500 0.793750 0.306250 0.787500 0.295833 0.784375 0.285417 0.782813 0.281250 0.778125 0.279167
6 0.625000 0.204167 0.623437 0.208333 0.620313 0.216667 0.617188 0.229167 0.617188 0.233333 0.620313 0.233333 0.623437 0.229167 0.631250 0.216667 0.640625 0.210417 0.640625 0.206250 0.637500 0.202083 0.625000 0.204167
13 0.845313 0.502083 0.840625 0.504167 0.821875 0.516667 0.809375 0.533333 0.806250 0.539583 0.803125 0.545833 0.801562 0.550000 0.800000 0.554167 0.798438 0.562500 0.798438 0.587500 0.800000 0.595833 0.801562 0.602083 0.804688 0.606250 0.804688 0.610417 0.807813 0.616667 0.814063 0.627083 0.823438 0.637500 0.828125 0.641667 0.831250 0.643750 0.839063 0.647917 0.846875 0.650000 0.862500 0.650000 0.868750 0.647917 0.873437 0.645833 0.882812 0.639583 0.887500 0.635417 0.900000 0.618750 0.903125 0.612500 0.904687 0.608333 0.906250 0.602083 0.907813 0.595833 0.909375 0.585417 0.909375 0.575000 0.907813 0.572917 0.907813 0.560417 0.906250 0.554167 0.901563 0.541667 0.896875 0.533333 0.885938 0.518750 0.881250 0.514583 0.876563 0.512500 0.871875 0.506250 0.867188 0.504167 0.862500 0.502083 0.845313 0.502083
14 0.682813 0.189583 0.673438 0.191667 0.667188 0.193750 0.662500 0.195833 0.657813 0.197917 0.648438 0.204167 0.643750 0.208333 0.639062 0.212500 0.632812 0.218750 0.629687 0.222917 0.625000 0.229167 0.623437 0.231250 0.617188 0.241667 0.614062 0.247917 0.607812 0.264583 0.603125 0.281250 0.601562 0.287500 0.600000 0.295833 0.598437 0.306250 0.598437 0.347917 0.600000 0.356250 0.601562 0.360417 0.604688 0.364583 0.604688 0.368750 0.606250 0.372917 0.614062 0.387500 0.628125 0.406250 0.635938 0.412500 0.642188 0.416667 0.651563 0.422917 0.656250 0.425000 0.664062 0.427083 0.689063 0.427083 0.706250 0.425000 0.710938 0.422917 0.714063 0.420833 0.734375 0.406250 0.739062 0.402083 0.743750 0.397917 0.757812 0.379167 0.765625 0.362500 0.770312 0.356250 0.776563 0.356250 0.784375 0.360417 0.801562 0.360417 0.803125 0.358333 0.806250 0.358333 0.809375 0.352083 0.810937 0.347917 0.812500 0.341667 0.810937 0.335417 0.806250 0.329167 0.803125 0.327083 0.798438 0.325000 0.784375 0.322917 0.778125 0.318750 0.778125 0.297917 0.776563 0.283333 0.775000 0.275000 0.773438 0.266667 0.767188 0.250000 0.764062 0.243750 0.760938 0.237500 0.754687 0.227083 0.748437 0.218750 0.742188 0.212500 0.737500 0.208333 0.732812 0.204167 0.729688 0.202083 0.721875 0.197917 0.707812 0.191667 0.696875 0.189583 0.682813 0.189583
1 0.756250 0.054167 0.746875 0.066667 0.739062 0.075000 0.725000 0.089583 0.718750 0.093750 0.712500 0.102083 0.706250 0.106250 0.692187 0.125000 0.692187 0.135417 0.693750 0.139583 0.698438 0.141667 0.701562 0.143750 0.704688 0.145833 0.706250 0.147917 0.706250 0.150000 0.712500 0.162500 0.723437 0.177083 0.728125 0.191667 0.742188 0.210417 0.748437 0.214583 0.760938 0.231250 0.770312 0.250000 0.773438 0.260417 0.781250 0.270833 0.789062 0.291667 0.796875 0.308333 0.803125 0.320833 0.810937 0.329167 0.812500 0.331250 0.814063 0.335417 0.815625 0.339583 0.815625 0.345833 0.820312 0.352083 0.825000 0.364583 0.831250 0.383333 0.835938 0.397917 0.839063 0.410417 0.843750 0.410417 0.851562 0.404167 0.856250 0.400000 0.875000 0.381250 0.878125 0.377083 0.884375 0.368750 0.885938 0.364583 0.887500 0.356250 0.892188 0.350000 0.898438 0.354167 0.901563 0.354167 0.901563 0.347917 0.900000 0.343750 0.895312 0.335417 0.884375 0.320833 0.876563 0.308333 0.873437 0.300000 0.867188 0.291667 0.862500 0.283333 0.856250 0.268750 0.850000 0.260417 0.842187 0.245833 0.831250 0.225000 0.821875 0.206250 0.815625 0.189583 0.809375 0.181250 0.804688 0.170833 0.801562 0.160417 0.793750 0.143750 0.790625 0.137500 0.785937 0.129167 0.782813 0.122917 0.778125 0.118750 0.775000 0.112500 0.771875 0.106250 0.770312 0.102083 0.770312 0.085417 0.765625 0.072917 0.765625 0.064583 0.764062 0.060417 0.760938 0.054167 0.756250 0.054167
1 0.351562 0.175000 0.325000 0.177083 0.314063 0.179167 0.304688 0.181250 0.298438 0.183333 0.295312 0.185417 0.292187 0.189583 0.292187 0.195833 0.298438 0.210417 0.300000 0.216667 0.303125 0.235417 0.303125 0.245833 0.301563 0.247917 0.298438 0.279167 0.296875 0.295833 0.295312 0.327083 0.293750 0.360417 0.292187 0.397917 0.293750 0.425000 0.293750 0.437500 0.281250 0.452083 0.273438 0.462500 0.270313 0.472917 0.268750 0.479167 0.267188 0.485417 0.267188 0.497917 0.270313 0.497917 0.271875 0.500000 0.282813 0.502083 0.306250 0.506250 0.335938 0.506250 0.340625 0.504167 0.343750 0.502083 0.348438 0.497917 0.350000 0.493750 0.351562 0.489583 0.353125 0.481250 0.353125 0.456250 0.354687 0.441667 0.357812 0.429167 0.359375 0.406250 0.360938 0.379167 0.364063 0.300000 0.365625 0.275000 0.368750 0.254167 0.370312 0.210417 0.373437 0.191667 0.373437 0.187500 0.371875 0.177083 0.368750 0.175000 0.351562 0.175000
6 0.473438 0.693750 0.467187 0.700000 0.459375 0.706250 0.450000 0.710417 0.446875 0.714583 0.445312 0.720833 0.445312 0.727083 0.446875 0.739583 0.448437 0.745833 0.450000 0.750000 0.453125 0.754167 0.457813 0.758333 0.468750 0.766667 0.493750 0.785417 0.507812 0.793750 0.568750 0.839583 0.603125 0.868750 0.614062 0.875000 0.621875 0.881250 0.634375 0.893750 0.645312 0.902083 0.662500 0.912500 0.679688 0.929167 0.696875 0.939583 0.704688 0.947917 0.710938 0.952083 0.720313 0.958333 0.726562 0.956250 0.728125 0.950000 0.731250 0.945833 0.735938 0.933333 0.740625 0.922917 0.742188 0.912500 0.753125 0.885417 0.754687 0.875000 0.757812 0.870833 0.757812 0.866667 0.760938 0.862500 0.776563 0.814583 0.778125 0.810417 0.781250 0.806250 0.782813 0.797917 0.784375 0.793750 0.790625 0.781250 0.796875 0.764583 0.796875 0.760417 0.798438 0.756250 0.796875 0.752083 0.792188 0.750000 0.778125 0.743750 0.767188 0.741667 0.756250 0.735417 0.745313 0.733333 0.714063 0.718750 0.703125 0.714583 0.675000 0.704167 0.662500 0.700000 0.657813 0.700000 0.650000 0.704167 0.626563 0.718750 0.581250 0.747917 0.571875 0.754167 0.567187 0.758333 0.562500 0.764583 0.562500 0.768750 0.553125 0.781250 0.550000 0.783333 0.546875 0.785417 0.540625 0.787500 0.531250 0.785417 0.529687 0.779167 0.528125 0.764583 0.525000 0.752083 0.523438 0.745833 0.515625 0.735417 0.514062 0.731250 0.512500 0.727083 0.512500 0.722917 0.510938 0.718750 0.504687 0.704167 0.500000 0.693750 0.496875 0.687500 0.492188 0.681250 0.492188 0.679167 0.489063 0.675000 0.473438 0.693750
6 0.548438 0.535417 0.539062 0.537500 0.528125 0.541667 0.517188 0.541667 0.514062 0.547917 0.507812 0.566667 0.500000 0.581250 0.498437 0.585417 0.498437 0.600000 0.500000 0.633333 0.496875 0.643750 0.495312 0.654167 0.496875 0.658333 0.504687 0.656250 0.506250 0.654167 0.512500 0.656250 0.521875 0.654167 0.525000 0.650000 0.526563 0.650000 0.528125 0.641667 0.534375 0.620833 0.539062 0.600000 0.539062 0.591667 0.545312 0.570833 0.550000 0.545833 0.548438 0.535417
