21 0.215625 0.166667 0.212500 0.168750 0.207813 0.175000 0.203125 0.187500 0.200000 0.197917 0.195312 0.225000 0.190625 0.237500 0.189062 0.250000 0.179688 0.285417 0.173437 0.302083 0.171875 0.310417 0.170313 0.318750 0.170313 0.333333 0.171875 0.335417 0.171875 0.339583 0.175000 0.341667 0.178125 0.343750 0.182812 0.343750 0.185938 0.347917 0.190625 0.350000 0.200000 0.354167 0.228125 0.366667 0.234375 0.368750 0.251563 0.368750 0.256250 0.366667 0.259375 0.364583 0.262500 0.362500 0.271875 0.350000 0.273438 0.345833 0.275000 0.341667 0.281250 0.316667 0.282813 0.302083 0.285938 0.295833 0.287500 0.281250 0.293750 0.264583 0.295312 0.258333 0.296875 0.252083 0.298438 0.243750 0.298438 0.222917 0.296875 0.216667 0.295312 0.212500 0.282813 0.195833 0.273438 0.189583 0.264062 0.185417 0.235937 0.172917 0.215625 0.166667
6 0.864062 0.002083 0.856250 0.004167 0.851562 0.006250 0.842187 0.012500 0.823438 0.025000 0.815625 0.033333 0.804688 0.039583 0.785937 0.054167 0.778125 0.060417 0.770312 0.066667 0.750000 0.083333 0.725000 0.104167 0.720313 0.108333 0.710938 0.118750 0.701562 0.125000 0.695312 0.131250 0.690625 0.137500 0.684375 0.143750 0.681250 0.143750 0.678125 0.145833 0.671875 0.154167 0.670312 0.162500 0.667188 0.175000 0.662500 0.195833 0.659375 0.218750 0.657813 0.227083 0.654687 0.233333 0.650000 0.262500 0.643750 0.283333 0.639062 0.306250 0.639062 0.318750 0.640625 0.322917 0.645312 0.333333 0.650000 0.341667 0.653125 0.343750 0.656250 0.339583 0.667188 0.320833 0.682813 0.289583 0.689063 0.281250 0.701562 0.254167 0.712500 0.237500 0.718750 0.222917 0.726562 0.212500 0.729688 0.212500 0.732812 0.214583 0.746875 0.227083 0.768750 0.250000 0.784375 0.264583 0.793750 0.270833 0.800000 0.279167 0.815625 0.291667 0.821875 0.297917 0.829688 0.308333 0.828125 0.312500 0.826562 0.316667 0.823438 0.322917 0.810937 0.341667 0.804688 0.356250 0.790625 0.379167 0.785937 0.387500 0.784375 0.393750 0.768750 0.418750 0.764062 0.427083 0.762500 0.433333 0.754687 0.443750 0.751563 0.443750 0.748437 0.441667 0.742188 0.435417 0.732812 0.425000 0.728125 0.422917 0.721875 0.416667 0.710938 0.404167 0.706250 0.400000 0.703125 0.400000 0.700000 0.395833 0.696875 0.393750 0.693750 0.397917 0.692187 0.402083 0.690625 0.412500 0.690625 0.433333 0.692187 0.437500 0.696875 0.447917 0.707812 0.468750 0.717187 0.489583 0.721875 0.504167 0.731250 0.520833 0.734375 0.531250 0.740625 0.539583 0.753125 0.539583 0.778125 0.535417 0.840625 0.525000 0.851562 0.522917 0.860938 0.520833 0.868750 0.518750 0.873437 0.516667 0.882812 0.510417 0.890625 0.502083 0.896875 0.500000 0.901563 0.493750 0.904687 0.491667 0.907813 0.489583 0.910937 0.489583 0.914062 0.487500 0.921875 0.479167 0.935937 0.470833 0.943750 0.464583 0.960938 0.450000 0.965625 0.445833 0.970313 0.439583 0.979688 0.433333 0.984375 0.429167 0.990625 0.422917 0.998437 0.412500 0.998437 0.281250 0.995313 0.275000 0.989062 0.262500 0.982812 0.243750 0.970313 0.214583 0.959375 0.191667 0.954688 0.185417 0.948438 0.166667 0.942187 0.152083 0.935937 0.137500 0.931250 0.127083 0.923438 0.110417 0.920312 0.104167 0.917188 0.097917 0.910937 0.089583 0.904687 0.075000 0.900000 0.066667 0.895312 0.058333 0.889062 0.050000 0.882812 0.039583 0.881250 0.035417 0.879687 0.029167 0.879687 0.020833 0.878125 0.012500 0.875000 0.004167 0.871875 0.002083 0.864062 0.002083
23 0.650000 0.456250 0.631250 0.462500 0.614062 0.468750 0.603125 0.475000 0.596875 0.477083 0.590625 0.477083 0.584375 0.479167 0.573438 0.483333 0.568750 0.487500 0.557813 0.489583 0.546875 0.493750 0.543750 0.495833 0.542188 0.504167 0.543750 0.512500 0.546875 0.527083 0.550000 0.535417 0.557813 0.535417 0.565625 0.533333 0.571875 0.531250 0.576562 0.529167 0.581250 0.525000 0.585938 0.522917 0.596875 0.518750 0.609375 0.516667 0.626563 0.508333 0.632812 0.508333 0.650000 0.502083 0.654687 0.500000 0.659375 0.497917 0.664062 0.491667 0.665625 0.487500 0.665625 0.483333 0.664062 0.481250 0.664062 0.475000 0.662500 0.468750 0.659375 0.460417 0.656250 0.456250 0.650000 0.456250
16 0.701562 0.047917 0.695312 0.050000 0.690625 0.052083 0.685937 0.054167 0.682813 0.056250 0.676562 0.064583 0.673438 0.066667 0.670312 0.066667 0.662500 0.064583 0.657813 0.062500 0.650000 0.056250 0.645312 0.056250 0.640625 0.058333 0.637500 0.060417 0.634375 0.064583 0.632812 0.068750 0.629687 0.079167 0.629687 0.087500 0.626563 0.093750 0.625000 0.104167 0.625000 0.110417 0.623437 0.120833 0.618750 0.131250 0.614062 0.150000 0.612500 0.158333 0.612500 0.166667 0.610938 0.177083 0.607812 0.183333 0.603125 0.204167 0.601562 0.214583 0.601562 0.222917 0.600000 0.233333 0.590625 0.275000 0.590625 0.285417 0.587500 0.295833 0.587500 0.325000 0.589063 0.329167 0.592187 0.333333 0.603125 0.333333 0.610938 0.335417 0.621875 0.341667 0.628125 0.339583 0.629687 0.333333 0.629687 0.327083 0.632812 0.320833 0.634375 0.314583 0.639062 0.287500 0.646875 0.260417 0.650000 0.245833 0.651563 0.231250 0.657813 0.210417 0.657813 0.202083 0.660937 0.187500 0.665625 0.172917 0.667188 0.158333 0.668750 0.150000 0.671875 0.143750 0.671875 0.135417 0.673438 0.129167 0.676562 0.122917 0.678125 0.114583 0.678125 0.104167 0.681250 0.093750 0.681250 0.077083 0.682813 0.070833 0.685937 0.066667 0.690625 0.062500 0.695312 0.058333 0.698438 0.056250 0.703125 0.054167 0.709375 0.052083 0.717187 0.052083 0.725000 0.054167 0.729688 0.056250 0.734375 0.058333 0.742188 0.064583 0.746875 0.064583 0.750000 0.062500 0.750000 0.056250 0.746875 0.054167 0.740625 0.052083 0.734375 0.050000 0.721875 0.047917 0.701562 0.047917
6 0.434375 0.310417 0.443750 0.314583 0.487500 0.322917 0.504687 0.329167 0.503125 0.333333 0.485938 0.333333 0.481250 0.339583 0.478125 0.350000 0.473438 0.366667 0.468750 0.385417 0.468750 0.397917 0.460938 0.437500 0.456250 0.454167 0.453125 0.466667 0.453125 0.479167 0.450000 0.487500 0.450000 0.502083 0.453125 0.506250 0.456250 0.508333 0.460938 0.510417 0.465625 0.512500 0.476562 0.512500 0.479687 0.508333 0.482812 0.500000 0.482812 0.493750 0.498437 0.435417 0.504687 0.418750 0.510938 0.389583 0.515625 0.379167 0.518750 0.372917 0.518750 0.368750 0.518750 0.364583 0.515625 0.360417 0.512500 0.360417 0.510938 0.354167 0.512500 0.343750 0.506250 0.335417 0.503125 0.333333 0.504687 0.329167 0.517188 0.329167 0.526563 0.331250 0.534375 0.335417 0.556250 0.337500 0.606250 0.350000 0.628125 0.352083 0.635938 0.356250 0.654687 0.358333 0.660937 0.360417 0.664062 0.362500 0.667188 0.364583 0.681250 0.377083 0.685937 0.381250 0.689063 0.385417 0.690625 0.391667 0.689063 0.404167 0.687500 0.418750 0.685937 0.431250 0.682813 0.441667 0.681250 0.454167 0.678125 0.481250 0.667188 0.481250 0.665625 0.472917 0.662500 0.462500 0.657813 0.456250 0.654687 0.454167 0.650000 0.454167 0.648438 0.456250 0.642188 0.456250 0.635938 0.458333 0.629687 0.460417 0.612500 0.468750 0.606250 0.468750 0.589063 0.475000 0.567187 0.485417 0.550000 0.489583 0.545312 0.491667 0.542188 0.493750 0.540625 0.508333 0.542188 0.516667 0.545312 0.529167 0.548438 0.537500 0.551562 0.539583 0.556250 0.539583 0.568750 0.535417 0.593750 0.522917 0.604688 0.518750 0.612500 0.518750 0.618750 0.516667 0.623437 0.512500 0.651563 0.504167 0.656250 0.502083 0.659375 0.500000 0.665625 0.491667 0.667188 0.487500 0.667188 0.481250 0.678125 0.481250 0.676562 0.510417 0.673438 0.522917 0.667188 0.591667 0.662500 0.618750 0.657813 0.675000 0.651563 0.718750 0.651563 0.731250 0.650000 0.735417 0.643750 0.737500 0.631250 0.735417 0.601562 0.729167 0.593750 0.727083 0.587500 0.725000 0.592187 0.712500 0.592187 0.704167 0.587500 0.697917 0.576562 0.685417 0.568750 0.679167 0.557813 0.666667 0.546875 0.652083 0.535937 0.641667 0.521875 0.622917 0.518750 0.620833 0.512500 0.620833 0.500000 0.637500 0.492188 0.650000 0.485938 0.662500 0.475000 0.679167 0.464062 0.695833 0.460938 0.697917 0.454688 0.697917 0.442188 0.693750 0.431250 0.693750 0.414062 0.687500 0.403125 0.687500 0.395313 0.685417 0.387500 0.683333 0.382812 0.681250 0.381250 0.660417 0.384375 0.633333 0.389062 0.606250 0.389062 0.591667 0.392188 0.579167 0.392188 0.566667 0.393750 0.554167 0.403125 0.491667 0.404687 0.464583 0.409375 0.439583 0.412500 0.412500 0.412500 0.400000 0.415625 0.372917 0.417187 0.360417 0.421875 0.327083 0.423438 0.316667 0.425000 0.312500 0.434375 0.310417
16 0.882812 0.522917 0.867188 0.525000 0.843750 0.531250 0.828125 0.531250 0.814063 0.535417 0.800000 0.535417 0.785937 0.537500 0.751563 0.545833 0.739062 0.545833 0.728125 0.547917 0.725000 0.550000 0.721875 0.552083 0.720313 0.575000 0.721875 0.591667 0.723437 0.597917 0.726562 0.602083 0.726562 0.604167 0.728125 0.606250 0.729688 0.606250 0.732812 0.610417 0.735938 0.612500 0.782813 0.612500 0.790625 0.610417 0.796875 0.606250 0.806250 0.604167 0.814063 0.602083 0.826562 0.600000 0.850000 0.595833 0.865625 0.595833 0.882812 0.589583 0.904687 0.589583 0.921875 0.587500 0.931250 0.585417 0.937500 0.583333 0.940625 0.581250 0.945312 0.577083 0.951562 0.568750 0.951562 0.558333 0.953125 0.556250 0.953125 0.547917 0.951562 0.537500 0.950000 0.533333 0.948438 0.531250 0.942187 0.525000 0.937500 0.522917 0.906250 0.525000 0.892188 0.522917 0.882812 0.522917
19 0.307812 0.495833 0.304688 0.497917 0.301563 0.502083 0.298438 0.502083 0.298438 0.506250 0.279687 0.531250 0.275000 0.533333 0.270313 0.539583 0.251563 0.554167 0.246875 0.562500 0.243750 0.562500 0.239063 0.566667 0.234375 0.572917 0.232813 0.579167 0.231250 0.581250 0.221875 0.587500 0.214062 0.597917 0.209375 0.600000 0.198437 0.614583 0.192188 0.616667 0.189062 0.618750 0.184375 0.622917 0.173437 0.635417 0.167187 0.641667 0.159375 0.645833 0.142187 0.666667 0.139063 0.670833 0.139063 0.687500 0.143750 0.702083 0.145313 0.706250 0.146875 0.710417 0.153125 0.725000 0.156250 0.731250 0.160938 0.737500 0.160938 0.739583 0.164062 0.743750 0.170313 0.747917 0.178125 0.758333 0.193750 0.770833 0.198437 0.772917 0.206250 0.772917 0.209375 0.770833 0.212500 0.768750 0.218750 0.762500 0.232813 0.745833 0.239063 0.741667 0.245312 0.731250 0.253125 0.727083 0.262500 0.716667 0.264062 0.714583 0.268750 0.706250 0.273438 0.702083 0.278125 0.700000 0.281250 0.695833 0.282813 0.691667 0.287500 0.689583 0.301563 0.670833 0.310937 0.660417 0.318750 0.654167 0.328125 0.641667 0.329688 0.639583 0.335938 0.633333 0.342187 0.629167 0.353125 0.614583 0.360938 0.606250 0.367188 0.602083 0.371875 0.595833 0.371875 0.589583 0.365625 0.572917 0.362500 0.566667 0.334375 0.518750 0.317188 0.495833 0.307812 0.495833
2 0.514062 0.625000 0.504687 0.637500 0.504687 0.639583 0.493750 0.654167 0.489063 0.664583 0.475000 0.683333 0.467187 0.700000 0.462500 0.708333 0.456250 0.718750 0.442188 0.735417 0.439063 0.739583 0.437500 0.745833 0.431250 0.752083 0.423438 0.764583 0.420312 0.770833 0.418750 0.779167 0.418750 0.785417 0.425000 0.787500 0.434375 0.797917 0.445312 0.812500 0.453125 0.820833 0.457813 0.822917 0.468750 0.837500 0.478125 0.845833 0.487500 0.858333 0.493750 0.862500 0.506250 0.845833 0.514062 0.829167 0.531250 0.806250 0.532813 0.800000 0.546875 0.781250 0.548438 0.775000 0.553125 0.766667 0.559375 0.756250 0.568750 0.743750 0.575000 0.731250 0.587500 0.714583 0.589063 0.710417 0.589063 0.704167 0.579688 0.693750 0.571875 0.687500 0.562500 0.677083 0.551562 0.662500 0.540625 0.652083 0.521875 0.627083 0.518750 0.625000 0.514062 0.625000
23 0.185938 0.445833 0.182812 0.447917 0.179688 0.452083 0.178125 0.456250 0.176563 0.460417 0.175000 0.466667 0.175000 0.479167 0.179688 0.485417 0.182812 0.487500 0.189062 0.489583 0.206250 0.495833 0.256250 0.518750 0.267188 0.527083 0.273438 0.529167 0.278125 0.529167 0.281250 0.527083 0.292187 0.512500 0.296875 0.504167 0.298438 0.500000 0.298438 0.495833 0.295312 0.491667 0.290625 0.489583 0.281250 0.485417 0.267188 0.481250 0.250000 0.470833 0.240625 0.466667 0.226562 0.462500 0.221875 0.458333 0.192188 0.445833 0.185938 0.445833
6 0.110937 0.537500 0.107813 0.539583 0.104688 0.543750 0.103125 0.552083 0.101562 0.572917 0.092188 0.622917 0.087500 0.654167 0.087500 0.670833 0.085938 0.683333 0.084375 0.693750 0.079687 0.716667 0.075000 0.737500 0.067187 0.764583 0.064062 0.787500 0.059375 0.802083 0.057813 0.818750 0.056250 0.827083 0.042188 0.885417 0.035937 0.925000 0.029687 0.947917 0.028125 0.966667 0.023438 0.983333 0.023438 0.993750 0.025000 0.997917 0.106250 0.995833 0.181250 0.995833 0.384375 0.997917 0.387500 0.991667 0.389062 0.983333 0.393750 0.954167 0.401562 0.893750 0.407813 0.864583 0.409375 0.854167 0.410938 0.829167 0.417187 0.793750 0.417187 0.772917 0.421875 0.758333 0.425000 0.739583 0.428125 0.716667 0.426563 0.697917 0.421875 0.695833 0.415625 0.693750 0.396875 0.691667 0.389062 0.689583 0.382812 0.687500 0.379688 0.685417 0.376563 0.681250 0.376563 0.664583 0.379688 0.650000 0.379688 0.635417 0.382812 0.620833 0.381250 0.604167 0.376563 0.602083 0.370312 0.602083 0.365625 0.606250 0.360938 0.610417 0.353125 0.618750 0.343750 0.631250 0.326562 0.650000 0.309375 0.666667 0.300000 0.677083 0.287500 0.693750 0.285938 0.697917 0.287500 0.702083 0.290625 0.706250 0.295312 0.708333 0.300000 0.714583 0.300000 0.727083 0.295312 0.743750 0.289062 0.758333 0.285938 0.768750 0.284375 0.779167 0.275000 0.804167 0.268750 0.829167 0.262500 0.847917 0.256250 0.866667 0.251563 0.879167 0.246875 0.885417 0.237500 0.885417 0.231250 0.883333 0.225000 0.879167 0.221875 0.877083 0.220312 0.875000 0.218750 0.870833 0.218750 0.862500 0.221875 0.847917 0.223438 0.841667 0.225000 0.835417 0.228125 0.829167 0.229687 0.822917 0.229687 0.816667 0.231250 0.810417 0.234375 0.804167 0.235937 0.797917 0.248438 0.745833 0.248438 0.735417 0.240625 0.739583 0.235937 0.743750 0.221875 0.758333 0.214062 0.768750 0.207813 0.775000 0.196875 0.775000 0.190625 0.770833 0.181250 0.764583 0.176563 0.760417 0.156250 0.733333 0.151562 0.725000 0.146875 0.714583 0.140625 0.700000 0.139063 0.693750 0.137500 0.685417 0.137500 0.672917 0.139063 0.666667 0.145313 0.658333 0.151562 0.652083 0.159375 0.643750 0.164062 0.641667 0.175000 0.627083 0.185938 0.618750 0.196875 0.612500 0.203125 0.604167 0.207813 0.602083 0.214062 0.595833 0.217188 0.589583 0.218750 0.587500 0.223438 0.585417 0.234375 0.575000 0.237500 0.570833 0.237500 0.566667 0.232813 0.566667 0.231250 0.564583 0.221875 0.564583 0.214062 0.560417 0.206250 0.560417 0.190625 0.554167 0.182812 0.552083 0.156250 0.547917 0.129688 0.539583 0.120313 0.537500 0.110937 0.537500
21 0.565625 0.779167 0.559375 0.781250 0.556250 0.783333 0.553125 0.785417 0.546875 0.793750 0.545312 0.800000 0.540625 0.818750 0.534375 0.860417 0.532813 0.868750 0.529687 0.877083 0.528125 0.885417 0.526563 0.897917 0.528125 0.906250 0.529687 0.910417 0.531250 0.914583 0.539062 0.925000 0.542188 0.927083 0.550000 0.931250 0.554688 0.933333 0.559375 0.933333 0.564063 0.937500 0.578125 0.937500 0.584375 0.933333 0.587500 0.929167 0.587500 0.927083 0.592187 0.920833 0.593750 0.916667 0.595313 0.912500 0.598437 0.902083 0.604688 0.877083 0.606250 0.868750 0.607812 0.858333 0.609375 0.845833 0.609375 0.806250 0.607812 0.800000 0.606250 0.795833 0.601562 0.789583 0.598437 0.787500 0.595313 0.785417 0.589063 0.783333 0.582812 0.781250 0.575000 0.779167 0.565625 0.779167
20 0.890625 0.627083 0.887500 0.629167 0.884375 0.631250 0.879687 0.635417 0.873437 0.641667 0.867188 0.650000 0.856250 0.660417 0.851562 0.662500 0.845313 0.670833 0.842187 0.670833 0.826562 0.683333 0.814063 0.697917 0.807813 0.704167 0.790625 0.718750 0.784375 0.725000 0.776563 0.735417 0.757812 0.754167 0.726562 0.781250 0.715625 0.791667 0.693750 0.814583 0.678125 0.827083 0.671875 0.833333 0.665625 0.839583 0.659375 0.847917 0.659375 0.860417 0.660937 0.864583 0.662500 0.868750 0.665625 0.875000 0.675000 0.889583 0.676562 0.895833 0.687500 0.916667 0.695312 0.927083 0.698438 0.933333 0.703125 0.945833 0.706250 0.952083 0.712500 0.960417 0.714063 0.966667 0.717187 0.972917 0.723437 0.983333 0.731250 0.993750 0.743750 0.993750 0.751563 0.989583 0.754687 0.987500 0.757812 0.985417 0.765625 0.977083 0.771875 0.975000 0.775000 0.972917 0.779687 0.968750 0.790625 0.956250 0.801562 0.947917 0.807813 0.941667 0.814063 0.933333 0.820312 0.927083 0.825000 0.925000 0.831250 0.918750 0.837500 0.910417 0.857812 0.891667 0.862500 0.889583 0.868750 0.881250 0.873437 0.877083 0.885938 0.868750 0.892188 0.862500 0.896875 0.856250 0.903125 0.850000 0.907813 0.847917 0.912500 0.843750 0.925000 0.829167 0.931250 0.822917 0.940625 0.816667 0.953125 0.802083 0.957812 0.800000 0.962500 0.795833 0.970313 0.787500 0.978125 0.777083 0.978125 0.768750 0.976562 0.762500 0.975000 0.758333 0.967187 0.743750 0.946875 0.710417 0.934375 0.687500 0.928125 0.672917 0.918750 0.658333 0.917188 0.652083 0.914062 0.645833 0.909375 0.637500 0.904687 0.631250 0.901563 0.629167 0.898438 0.627083 0.890625 0.627083
23 0.428125 0.235417 0.426563 0.239583 0.425000 0.245833 0.425000 0.254167 0.423438 0.256250 0.425000 0.264583 0.429688 0.264583 0.440625 0.268750 0.445312 0.270833 0.454688 0.277083 0.459375 0.277083 0.467187 0.283333 0.476562 0.287500 0.512500 0.302083 0.529687 0.310417 0.532813 0.312500 0.539062 0.318750 0.545312 0.318750 0.546875 0.314583 0.548438 0.308333 0.550000 0.302083 0.554688 0.279167 0.553125 0.266667 0.535937 0.266667 0.521875 0.262500 0.492188 0.254167 0.484375 0.252083 0.478125 0.247917 0.470313 0.245833 0.462500 0.245833 0.454688 0.243750 0.434375 0.235417 0.428125 0.235417
22 0.275000 0.704167 0.271875 0.706250 0.265625 0.716667 0.260937 0.718750 0.259375 0.725000 0.254688 0.729167 0.253125 0.735417 0.251563 0.745833 0.246875 0.758333 0.235937 0.810417 0.232813 0.822917 0.228125 0.835417 0.226562 0.841667 0.221875 0.862500 0.223438 0.872917 0.226562 0.875000 0.232813 0.879167 0.239063 0.881250 0.246875 0.881250 0.250000 0.875000 0.251563 0.870833 0.253125 0.866667 0.259375 0.847917 0.270313 0.814583 0.275000 0.800000 0.282813 0.775000 0.285938 0.764583 0.287500 0.752083 0.292187 0.741667 0.293750 0.731250 0.298438 0.718750 0.296875 0.714583 0.289062 0.710417 0.284375 0.704167 0.275000 0.704167
22 0.489063 0.335417 0.485938 0.337500 0.484375 0.339583 0.482812 0.343750 0.479687 0.354167 0.473438 0.379167 0.465625 0.418750 0.451562 0.493750 0.453125 0.504167 0.457813 0.506250 0.470313 0.510417 0.475000 0.510417 0.478125 0.508333 0.479687 0.502083 0.481250 0.491667 0.484375 0.485417 0.493750 0.443750 0.503125 0.416667 0.510938 0.387500 0.512500 0.381250 0.512500 0.372917 0.515625 0.366667 0.510938 0.364583 0.507812 0.360417 0.507812 0.356250 0.509375 0.343750 0.507812 0.339583 0.504687 0.337500 0.489063 0.335417
