12 0.746875 0.481250 0.740625 0.483333 0.735938 0.485417 0.728125 0.489583 0.725000 0.491667 0.720313 0.495833 0.715625 0.500000 0.703125 0.516667 0.700000 0.522917 0.695312 0.533333 0.693750 0.537500 0.692187 0.543750 0.689063 0.558333 0.689063 0.591667 0.690625 0.600000 0.692187 0.608333 0.693750 0.614583 0.695312 0.618750 0.696875 0.622917 0.700000 0.629167 0.704688 0.637500 0.712500 0.647917 0.718750 0.654167 0.725000 0.660417 0.728125 0.662500 0.739062 0.668750 0.745313 0.670833 0.751563 0.672917 0.773438 0.672917 0.782813 0.670833 0.790625 0.664583 0.807813 0.666667 0.812500 0.666667 0.821875 0.664583 0.828125 0.662500 0.832812 0.660417 0.835938 0.658333 0.839063 0.656250 0.850000 0.641667 0.851562 0.635417 0.860938 0.620833 0.864062 0.610417 0.865625 0.600000 0.865625 0.583333 0.864062 0.572917 0.860938 0.558333 0.859375 0.554167 0.857812 0.550000 0.850000 0.537500 0.840625 0.527083 0.834375 0.522917 0.825000 0.516667 0.820312 0.516667 0.815625 0.514583 0.812500 0.510417 0.810937 0.506250 0.807813 0.502083 0.806250 0.500000 0.801562 0.497917 0.798438 0.493750 0.785937 0.485417 0.779687 0.483333 0.773438 0.481250 0.746875 0.481250
12 0.587500 0.181250 0.581250 0.183333 0.578125 0.185417 0.575000 0.187500 0.570312 0.191667 0.562500 0.200000 0.553125 0.212500 0.543750 0.220833 0.540625 0.225000 0.534375 0.237500 0.532813 0.241667 0.531250 0.245833 0.529687 0.252083 0.528125 0.258333 0.526563 0.272917 0.526563 0.277083 0.528125 0.295833 0.531250 0.302083 0.531250 0.308333 0.535937 0.320833 0.543750 0.333333 0.545312 0.335417 0.546875 0.335417 0.550000 0.339583 0.557813 0.345833 0.565625 0.350000 0.570312 0.352083 0.575000 0.354167 0.595313 0.354167 0.601562 0.352083 0.606250 0.350000 0.610938 0.347917 0.614062 0.345833 0.621875 0.339583 0.634375 0.322917 0.637500 0.316667 0.642188 0.304167 0.643750 0.297917 0.645312 0.291667 0.645312 0.260417 0.643750 0.235417 0.642188 0.222917 0.640625 0.216667 0.639062 0.212500 0.637500 0.208333 0.634375 0.202083 0.628125 0.193750 0.623437 0.189583 0.614062 0.183333 0.607812 0.181250 0.587500 0.181250
6 0.410938 0.689583 0.406250 0.691667 0.398438 0.697917 0.390625 0.706250 0.382812 0.710417 0.378125 0.714583 0.367188 0.727083 0.356250 0.733333 0.350000 0.739583 0.340625 0.752083 0.335938 0.754167 0.334375 0.762500 0.332813 0.764583 0.331250 0.764583 0.328125 0.768750 0.320312 0.768750 0.312500 0.772917 0.309375 0.775000 0.303125 0.781250 0.293750 0.791667 0.285938 0.795833 0.279687 0.804167 0.279687 0.806250 0.273438 0.812500 0.273438 0.825000 0.271875 0.829167 0.270313 0.831250 0.259375 0.843750 0.254688 0.845833 0.248438 0.837500 0.246875 0.831250 0.243750 0.831250 0.243750 0.837500 0.248438 0.841667 0.251563 0.847917 0.251563 0.852083 0.256250 0.860417 0.259375 0.866667 0.264062 0.872917 0.268750 0.875000 0.276562 0.870833 0.281250 0.866667 0.298438 0.847917 0.304688 0.841667 0.309375 0.839583 0.314063 0.835417 0.326562 0.820833 0.342187 0.808333 0.350000 0.797917 0.360938 0.787500 0.371875 0.779167 0.378125 0.770833 0.407813 0.743750 0.414062 0.737500 0.420312 0.731250 0.426563 0.722917 0.426563 0.718750 0.425000 0.714583 0.423438 0.710417 0.415625 0.695833 0.410938 0.689583
6 0.110937 0.606250 0.115625 0.612500 0.115625 0.606250 0.110937 0.606250
6 0.248438 0.339583 0.243750 0.343750 0.239063 0.347917 0.229687 0.358333 0.225000 0.360417 0.214062 0.375000 0.207813 0.381250 0.203125 0.383333 0.193750 0.393750 0.189062 0.397917 0.167187 0.414583 0.151562 0.431250 0.143750 0.435417 0.134375 0.443750 0.115625 0.460417 0.109375 0.468750 0.100000 0.475000 0.095312 0.479167 0.084375 0.491667 0.076563 0.495833 0.062500 0.510417 0.060937 0.510417 0.059375 0.512500 0.057813 0.516667 0.059375 0.520833 0.062500 0.527083 0.068750 0.535417 0.071875 0.543750 0.078125 0.552083 0.081250 0.560417 0.089063 0.570833 0.098437 0.589583 0.103125 0.595833 0.106250 0.595833 0.104688 0.589583 0.106250 0.585417 0.104688 0.562500 0.106250 0.552083 0.107813 0.543750 0.110937 0.533333 0.115625 0.522917 0.118750 0.518750 0.134375 0.500000 0.143750 0.493750 0.148438 0.493750 0.153125 0.489583 0.160938 0.487500 0.185938 0.487500 0.192188 0.489583 0.196875 0.491667 0.209375 0.500000 0.226562 0.522917 0.226562 0.527083 0.231250 0.535417 0.234375 0.543750 0.235937 0.554167 0.235937 0.583333 0.234375 0.591667 0.232813 0.600000 0.228125 0.610417 0.225000 0.616667 0.215625 0.629167 0.207813 0.637500 0.201563 0.643750 0.198437 0.645833 0.193750 0.647917 0.187500 0.650000 0.178125 0.652083 0.159375 0.652083 0.142187 0.645833 0.134375 0.645833 0.139063 0.656250 0.143750 0.664583 0.160938 0.691667 0.164062 0.700000 0.171875 0.710417 0.176563 0.718750 0.179688 0.727083 0.185938 0.737500 0.200000 0.758333 0.201563 0.764583 0.206250 0.772917 0.212500 0.783333 0.215625 0.787500 0.217188 0.787500 0.220312 0.791667 0.223438 0.797917 0.226562 0.806250 0.235937 0.820833 0.243750 0.822917 0.240625 0.814583 0.237500 0.814583 0.234375 0.812500 0.231250 0.793750 0.225000 0.791667 0.223438 0.789583 0.221875 0.787500 0.220312 0.779167 0.217188 0.768750 0.215625 0.764583 0.214062 0.760417 0.209375 0.752083 0.207813 0.750000 0.206250 0.750000 0.203125 0.745833 0.201563 0.741667 0.201563 0.737500 0.203125 0.733333 0.206250 0.729167 0.214062 0.725000 0.221875 0.716667 0.225000 0.714583 0.232813 0.714583 0.240625 0.708333 0.250000 0.702083 0.257812 0.695833 0.262500 0.691667 0.278125 0.677083 0.298438 0.656250 0.321875 0.637500 0.331250 0.627083 0.339062 0.622917 0.351562 0.612500 0.356250 0.608333 0.364063 0.600000 0.365625 0.595833 0.364063 0.591667 0.362500 0.587500 0.357812 0.581250 0.356250 0.575000 0.346875 0.560417 0.329688 0.527083 0.320312 0.508333 0.318750 0.504167 0.318750 0.500000 0.326562 0.489583 0.331250 0.485417 0.335938 0.483333 0.340625 0.477083 0.345313 0.475000 0.360938 0.458333 0.365625 0.456250 0.368750 0.452083 0.368750 0.443750 0.367188 0.439583 0.365625 0.435417 0.364063 0.433333 0.362500 0.433333 0.359375 0.429167 0.343750 0.418750 0.334375 0.408333 0.321875 0.397917 0.314063 0.393750 0.307812 0.385417 0.300000 0.379167 0.290625 0.372917 0.285938 0.368750 0.281250 0.364583 0.276562 0.358333 0.267188 0.352083 0.260937 0.343750 0.257812 0.341667 0.254688 0.339583 0.248438 0.339583
6 0.345313 0.245833 0.337500 0.252083 0.329688 0.262500 0.323437 0.268750 0.317188 0.272917 0.314063 0.277083 0.315625 0.281250 0.315625 0.283333 0.317188 0.285417 0.318750 0.285417 0.323437 0.289583 0.332813 0.302083 0.339062 0.308333 0.346875 0.312500 0.351562 0.316667 0.356250 0.320833 0.362500 0.329167 0.370312 0.333333 0.381250 0.345833 0.393750 0.356250 0.401562 0.360417 0.406250 0.366667 0.414062 0.370833 0.418750 0.370833 0.415625 0.360417 0.412500 0.354167 0.407813 0.347917 0.406250 0.341667 0.390625 0.314583 0.385937 0.302083 0.375000 0.287500 0.370312 0.279167 0.367188 0.270833 0.359375 0.260417 0.354687 0.250000 0.350000 0.245833 0.345313 0.245833
6 0.603125 0.656250 0.600000 0.660417 0.592187 0.672917 0.584375 0.685417 0.576562 0.697917 0.576562 0.702083 0.573438 0.706250 0.565625 0.716667 0.560937 0.727083 0.551562 0.741667 0.548438 0.745833 0.545312 0.745833 0.542188 0.743750 0.535937 0.737500 0.526563 0.727083 0.500000 0.697917 0.490625 0.685417 0.476562 0.670833 0.470313 0.664583 0.467187 0.662500 0.464062 0.662500 0.459375 0.664583 0.453125 0.672917 0.450000 0.675000 0.440625 0.677083 0.429688 0.677083 0.423438 0.679167 0.420312 0.681250 0.417187 0.685417 0.417187 0.693750 0.420312 0.700000 0.425000 0.706250 0.428125 0.712500 0.428125 0.716667 0.432812 0.722917 0.434375 0.729167 0.445312 0.745833 0.446875 0.752083 0.451562 0.758333 0.453125 0.764583 0.459375 0.772917 0.460938 0.779167 0.468750 0.787500 0.482812 0.768750 0.487500 0.764583 0.490625 0.762500 0.495312 0.760417 0.500000 0.758333 0.509375 0.756250 0.517188 0.756250 0.525000 0.758333 0.531250 0.760417 0.540625 0.766667 0.545312 0.770833 0.553125 0.781250 0.556250 0.789583 0.557813 0.791667 0.560937 0.795833 0.565625 0.795833 0.570312 0.791667 0.575000 0.785417 0.579688 0.783333 0.584375 0.779167 0.590625 0.770833 0.596875 0.764583 0.601562 0.760417 0.606250 0.758333 0.610938 0.754167 0.615625 0.750000 0.621875 0.741667 0.631250 0.735417 0.642188 0.722917 0.643750 0.722917 0.646875 0.718750 0.646875 0.714583 0.635938 0.700000 0.629687 0.687500 0.615625 0.666667 0.607812 0.656250 0.603125 0.656250
6 0.525000 0.312500 0.520312 0.318750 0.515625 0.320833 0.500000 0.337500 0.495312 0.341667 0.490625 0.343750 0.485938 0.350000 0.481250 0.352083 0.470313 0.364583 0.465625 0.366667 0.460938 0.372917 0.456250 0.375000 0.445312 0.385417 0.437500 0.395833 0.435937 0.400000 0.434375 0.416667 0.432812 0.422917 0.431250 0.427083 0.426563 0.437500 0.418750 0.452083 0.400000 0.483333 0.395313 0.489583 0.392188 0.491667 0.389062 0.489583 0.384375 0.485417 0.376563 0.477083 0.375000 0.470833 0.371875 0.466667 0.371875 0.464583 0.370312 0.462500 0.368750 0.462500 0.365625 0.460417 0.356250 0.466667 0.351562 0.470833 0.345313 0.479167 0.340625 0.483333 0.331250 0.489583 0.326562 0.493750 0.323437 0.497917 0.321875 0.502083 0.323437 0.508333 0.326562 0.514583 0.334375 0.527083 0.339062 0.539583 0.348438 0.554167 0.350000 0.560417 0.362500 0.583333 0.370312 0.591667 0.373437 0.589583 0.376563 0.585417 0.378125 0.585417 0.379688 0.583333 0.381250 0.579167 0.382812 0.575000 0.382812 0.566667 0.389062 0.558333 0.389062 0.556250 0.393750 0.550000 0.395313 0.550000 0.401562 0.541667 0.407813 0.541667 0.410938 0.545833 0.412500 0.550000 0.412500 0.554167 0.414062 0.558333 0.418750 0.564583 0.425000 0.583333 0.428125 0.589583 0.431250 0.593750 0.432812 0.593750 0.443750 0.610417 0.448437 0.622917 0.451562 0.629167 0.454688 0.631250 0.460938 0.622917 0.468750 0.610417 0.473438 0.600000 0.481250 0.589583 0.485938 0.579167 0.501563 0.556250 0.514062 0.533333 0.528125 0.514583 0.531250 0.514583 0.534375 0.516667 0.539062 0.520833 0.550000 0.535417 0.556250 0.541667 0.562500 0.547917 0.567187 0.547917 0.570312 0.545833 0.571875 0.543750 0.581250 0.531250 0.582812 0.520833 0.579688 0.512500 0.573438 0.495833 0.557813 0.458333 0.551562 0.439583 0.551562 0.431250 0.554688 0.427083 0.557813 0.425000 0.562500 0.422917 0.582812 0.425000 0.590625 0.422917 0.595313 0.420833 0.603125 0.416667 0.606250 0.414583 0.614062 0.406250 0.632812 0.395833 0.640625 0.385417 0.648438 0.381250 0.654687 0.375000 0.656250 0.370833 0.653125 0.362500 0.650000 0.356250 0.646875 0.350000 0.642188 0.341667 0.632812 0.331250 0.629687 0.333333 0.628125 0.337500 0.626563 0.337500 0.614062 0.350000 0.610938 0.352083 0.606250 0.352083 0.601562 0.356250 0.595313 0.358333 0.576562 0.358333 0.570312 0.356250 0.562500 0.352083 0.550000 0.343750 0.545312 0.339583 0.537500 0.329167 0.529687 0.312500 0.525000 0.312500
6 0.764062 0.414583 0.770312 0.416667 0.776563 0.420833 0.806250 0.420833 0.818750 0.414583 0.829688 0.414583 0.865625 0.464583 0.867188 0.466667 0.882812 0.487500 0.901563 0.510417 0.907813 0.522917 0.909375 0.525000 0.943750 0.570833 0.945312 0.572917 0.946875 0.572917 0.948438 0.575000 0.957812 0.589583 0.957812 0.595833 0.945312 0.612500 0.935937 0.620833 0.923438 0.637500 0.906250 0.656250 0.896875 0.666667 0.892188 0.670833 0.887500 0.672917 0.881250 0.679167 0.867188 0.693750 0.857812 0.704167 0.842187 0.722917 0.826562 0.741667 0.812500 0.760417 0.795312 0.781250 0.784375 0.791667 0.760938 0.822917 0.746875 0.839583 0.743750 0.841667 0.739062 0.843750 0.735938 0.841667 0.721875 0.822917 0.709375 0.802083 0.695312 0.783333 0.681250 0.762500 0.671875 0.745833 0.660937 0.729167 0.643750 0.706250 0.623437 0.675000 0.623437 0.672917 0.612500 0.658333 0.612500 0.656250 0.609375 0.652083 0.610938 0.645833 0.614062 0.637500 0.620313 0.629167 0.623437 0.622917 0.623437 0.616667 0.610938 0.600000 0.603125 0.593750 0.593750 0.581250 0.584375 0.572917 0.573438 0.560417 0.570312 0.556250 0.570312 0.550000 0.578125 0.537500 0.582812 0.533333 0.585938 0.531250 0.589063 0.531250 0.590625 0.533333 0.593750 0.533333 0.598437 0.531250 0.603125 0.527083 0.609375 0.518750 0.615625 0.512500 0.629687 0.504167 0.640625 0.493750 0.653125 0.487500 0.673438 0.470833 0.698438 0.456250 0.715625 0.495833 0.700000 0.516667 0.696875 0.522917 0.690625 0.539583 0.689063 0.545833 0.687500 0.552083 0.685937 0.566667 0.685937 0.585417 0.687500 0.600000 0.689063 0.606250 0.690625 0.612500 0.696875 0.629167 0.700000 0.635417 0.715625 0.656250 0.720313 0.660417 0.725000 0.664583 0.734375 0.670833 0.740625 0.672917 0.746875 0.675000 0.754687 0.677083 0.770312 0.677083 0.779687 0.675000 0.792188 0.668750 0.820312 0.668750 0.826562 0.666667 0.831250 0.664583 0.840625 0.658333 0.853125 0.641667 0.862500 0.622917 0.864062 0.618750 0.865625 0.614583 0.867188 0.606250 0.867188 0.575000 0.862500 0.556250 0.860938 0.552083 0.857812 0.545833 0.843750 0.527083 0.837500 0.520833 0.832812 0.518750 0.823438 0.514583 0.820312 0.512500 0.817187 0.510417 0.815625 0.508333 0.815625 0.506250 0.814063 0.504167 0.806250 0.495833 0.801562 0.491667 0.789062 0.483333 0.784375 0.481250 0.779687 0.479167 0.770312 0.477083 0.750000 0.477083 0.742188 0.479167 0.737500 0.481250 0.732812 0.483333 0.720313 0.491667 0.715625 0.495833 0.698438 0.456250 0.725000 0.435417 0.731250 0.433333 0.750000 0.420833 0.753125 0.416667 0.756250 0.414583 0.764062 0.414583
1 0.231250 0.214583 0.231250 0.218750 0.221875 0.237500 0.220312 0.241667 0.220312 0.245833 0.217188 0.250000 0.215625 0.254167 0.209375 0.272917 0.204687 0.293750 0.201563 0.297917 0.201563 0.310417 0.204687 0.314583 0.217188 0.312500 0.221875 0.312500 0.225000 0.314583 0.228125 0.318750 0.231250 0.318750 0.242188 0.329167 0.253125 0.335417 0.267188 0.347917 0.278125 0.358333 0.285938 0.368750 0.296875 0.377083 0.303125 0.379167 0.312500 0.391667 0.318750 0.395833 0.329688 0.402083 0.334375 0.406250 0.339062 0.412500 0.343750 0.416667 0.350000 0.418750 0.353125 0.420833 0.360938 0.427083 0.367188 0.435417 0.368750 0.439583 0.370312 0.443750 0.370312 0.452083 0.371875 0.458333 0.373437 0.462500 0.376563 0.468750 0.389062 0.485417 0.393750 0.485417 0.403125 0.472917 0.418750 0.445833 0.421875 0.439583 0.425000 0.433333 0.429688 0.422917 0.431250 0.416667 0.432812 0.408333 0.432812 0.391667 0.431250 0.387500 0.429688 0.385417 0.423438 0.379167 0.420312 0.377083 0.417187 0.375000 0.407813 0.370833 0.398438 0.364583 0.390625 0.358333 0.376563 0.345833 0.353125 0.325000 0.321875 0.295833 0.304688 0.279167 0.295312 0.266667 0.290625 0.264583 0.279687 0.254167 0.273438 0.245833 0.267188 0.241667 0.250000 0.218750 0.245312 0.214583 0.237500 0.212500 0.231250 0.214583
1 0.403125 0.545833 0.400000 0.547917 0.393750 0.554167 0.392188 0.556250 0.390625 0.562500 0.387500 0.566667 0.385937 0.570833 0.384375 0.577083 0.384375 0.585417 0.379688 0.591667 0.370312 0.600000 0.346875 0.620833 0.329688 0.633333 0.307812 0.652083 0.296875 0.662500 0.276562 0.683333 0.254688 0.702083 0.246875 0.706250 0.239063 0.714583 0.235937 0.716667 0.232813 0.718750 0.223438 0.718750 0.218750 0.725000 0.214062 0.727083 0.209375 0.731250 0.204687 0.737500 0.204687 0.745833 0.210938 0.754167 0.218750 0.768750 0.220312 0.772917 0.221875 0.781250 0.223438 0.785417 0.229687 0.795833 0.232813 0.806250 0.240625 0.814583 0.242188 0.816667 0.243750 0.822917 0.248438 0.833333 0.253125 0.841667 0.257812 0.843750 0.260937 0.841667 0.271875 0.827083 0.271875 0.812500 0.273438 0.808333 0.278125 0.802083 0.284375 0.795833 0.307812 0.775000 0.315625 0.768750 0.318750 0.766667 0.321875 0.764583 0.329688 0.764583 0.332813 0.762500 0.335938 0.752083 0.337500 0.750000 0.339062 0.750000 0.343750 0.745833 0.351562 0.735417 0.360938 0.729167 0.365625 0.725000 0.370312 0.718750 0.375000 0.714583 0.384375 0.708333 0.389062 0.702083 0.396875 0.697917 0.401562 0.691667 0.412500 0.685417 0.420312 0.677083 0.425000 0.675000 0.431250 0.672917 0.446875 0.672917 0.450000 0.670833 0.453125 0.668750 0.459375 0.660417 0.459375 0.654167 0.454688 0.647917 0.451562 0.641667 0.451562 0.635417 0.450000 0.631250 0.445312 0.620833 0.442188 0.614583 0.434375 0.602083 0.421875 0.585417 0.420312 0.581250 0.418750 0.577083 0.418750 0.572917 0.415625 0.564583 0.410938 0.558333 0.409375 0.552083 0.407813 0.547917 0.403125 0.545833
12 0.159375 0.489583 0.151562 0.491667 0.146875 0.493750 0.142187 0.495833 0.134375 0.502083 0.126562 0.510417 0.117188 0.522917 0.114062 0.529167 0.112500 0.533333 0.110937 0.537500 0.106250 0.556250 0.106250 0.587500 0.107813 0.597917 0.110937 0.602083 0.110937 0.606250 0.114062 0.612500 0.120313 0.620833 0.121875 0.627083 0.128125 0.633333 0.132812 0.637500 0.137500 0.641667 0.146875 0.647917 0.154688 0.650000 0.181250 0.650000 0.189062 0.647917 0.196875 0.643750 0.200000 0.641667 0.207813 0.633333 0.214062 0.625000 0.215625 0.625000 0.220312 0.618750 0.225000 0.610417 0.231250 0.593750 0.232813 0.585417 0.234375 0.577083 0.234375 0.560417 0.232813 0.550000 0.231250 0.541667 0.226562 0.529167 0.223438 0.522917 0.220312 0.516667 0.212500 0.506250 0.207813 0.502083 0.200000 0.495833 0.196875 0.493750 0.192188 0.491667 0.184375 0.489583 0.159375 0.489583
13 0.809375 0.185417 0.800000 0.187500 0.793750 0.189583 0.779687 0.195833 0.771875 0.200000 0.762500 0.206250 0.753125 0.218750 0.746875 0.222917 0.745313 0.225000 0.737500 0.235417 0.734375 0.239583 0.725000 0.254167 0.718750 0.270833 0.714063 0.287500 0.712500 0.295833 0.712500 0.320833 0.714063 0.322917 0.714063 0.331250 0.718750 0.331250 0.726562 0.325000 0.731250 0.320833 0.740625 0.310417 0.745313 0.308333 0.750000 0.300000 0.760938 0.289583 0.770312 0.281250 0.775000 0.277083 0.779687 0.277083 0.782813 0.281250 0.782813 0.285417 0.781250 0.289583 0.776563 0.295833 0.775000 0.300000 0.775000 0.304167 0.776563 0.308333 0.781250 0.310417 0.787500 0.314583 0.795312 0.325000 0.801562 0.337500 0.818750 0.379167 0.818750 0.381250 0.807813 0.383333 0.801562 0.385417 0.792188 0.389583 0.787500 0.391667 0.781250 0.400000 0.773438 0.402083 0.768750 0.406250 0.764062 0.408333 0.764062 0.414583 0.770312 0.414583 0.775000 0.418750 0.779687 0.418750 0.806250 0.418750 0.814063 0.416667 0.820312 0.412500 0.826562 0.412500 0.832812 0.410417 0.835938 0.408333 0.837500 0.404167 0.846875 0.402083 0.854688 0.397917 0.857812 0.395833 0.862500 0.391667 0.868750 0.385417 0.875000 0.379167 0.876563 0.377083 0.885938 0.362500 0.889062 0.356250 0.893750 0.345833 0.895312 0.341667 0.896875 0.337500 0.898438 0.331250 0.900000 0.325000 0.901563 0.316667 0.903125 0.300000 0.903125 0.289583 0.901563 0.287500 0.901563 0.275000 0.900000 0.266667 0.898438 0.260417 0.896875 0.254167 0.890625 0.237500 0.887500 0.231250 0.881250 0.220833 0.879687 0.218750 0.873437 0.212500 0.868750 0.210417 0.864062 0.204167 0.857812 0.200000 0.851562 0.197917 0.845313 0.191667 0.842187 0.189583 0.835938 0.187500 0.828125 0.185417 0.809375 0.185417
12 0.507812 0.760417 0.498437 0.762500 0.493750 0.764583 0.490625 0.766667 0.482812 0.772917 0.473438 0.785417 0.471875 0.789583 0.470313 0.793750 0.468750 0.800000 0.467187 0.812500 0.467187 0.837500 0.468750 0.845833 0.470313 0.852083 0.471875 0.856250 0.473438 0.860417 0.481250 0.879167 0.485938 0.887500 0.490625 0.893750 0.495312 0.897917 0.498437 0.900000 0.503125 0.902083 0.521875 0.902083 0.529687 0.897917 0.534375 0.893750 0.537500 0.889583 0.537500 0.887500 0.542188 0.879167 0.551562 0.866667 0.554688 0.860417 0.559375 0.847917 0.560937 0.839583 0.560937 0.816667 0.559375 0.804167 0.557813 0.797917 0.556250 0.793750 0.553125 0.787500 0.542188 0.772917 0.537500 0.768750 0.534375 0.766667 0.531250 0.764583 0.526563 0.762500 0.518750 0.760417 0.507812 0.760417
1 0.775000 0.279167 0.762500 0.293750 0.757812 0.295833 0.751563 0.302083 0.746875 0.308333 0.740625 0.314583 0.732812 0.320833 0.725000 0.325000 0.717187 0.331250 0.712500 0.337500 0.701562 0.343750 0.693750 0.350000 0.678125 0.364583 0.667188 0.372917 0.664062 0.375000 0.660937 0.377083 0.654687 0.379167 0.645312 0.385417 0.635938 0.395833 0.628125 0.402083 0.614062 0.410417 0.609375 0.416667 0.600000 0.422917 0.590625 0.427083 0.585938 0.427083 0.584375 0.429167 0.581250 0.429167 0.560937 0.427083 0.557813 0.429167 0.553125 0.437500 0.554688 0.441667 0.559375 0.454167 0.562500 0.458333 0.567187 0.475000 0.571875 0.483333 0.573438 0.487500 0.576562 0.500000 0.582812 0.516667 0.585938 0.522917 0.589063 0.527083 0.592187 0.527083 0.595313 0.529167 0.598437 0.527083 0.604688 0.520833 0.612500 0.510417 0.618750 0.506250 0.632812 0.495833 0.643750 0.491667 0.653125 0.485417 0.657813 0.479167 0.660937 0.477083 0.664062 0.477083 0.667188 0.475000 0.670312 0.472917 0.675000 0.466667 0.684375 0.460417 0.690625 0.458333 0.693750 0.456250 0.696875 0.454167 0.710938 0.441667 0.720313 0.435417 0.728125 0.433333 0.750000 0.418750 0.764062 0.406250 0.771875 0.404167 0.778125 0.400000 0.781250 0.397917 0.790625 0.389583 0.793750 0.387500 0.796875 0.385417 0.809375 0.381250 0.814063 0.381250 0.818750 0.379167 0.817187 0.370833 0.815625 0.370833 0.812500 0.366667 0.806250 0.350000 0.792188 0.322917 0.787500 0.316667 0.784375 0.314583 0.781250 0.314583 0.778125 0.312500 0.775000 0.310417 0.773438 0.297917 0.775000 0.293750 0.781250 0.287500 0.781250 0.279167 0.775000 0.279167
