22 0.118750 0.206250 0.117188 0.222917 0.115625 0.252083 0.115625 0.258333 0.118750 0.260417 0.125000 0.260417 0.140625 0.258333 0.160938 0.260417 0.203125 0.264583 0.221875 0.266667 0.237500 0.270833 0.250000 0.270833 0.251563 0.266667 0.253125 0.245833 0.250000 0.241667 0.242188 0.241667 0.223438 0.235417 0.212500 0.235417 0.203125 0.229167 0.196875 0.227083 0.190625 0.225000 0.170313 0.218750 0.162500 0.216667 0.154688 0.216667 0.146875 0.214583 0.139063 0.212500 0.132812 0.210417 0.125000 0.204167 0.118750 0.206250
15 0.404687 0.468750 0.400000 0.470833 0.381250 0.483333 0.376563 0.485417 0.373437 0.489583 0.371875 0.493750 0.370312 0.500000 0.370312 0.518750 0.367188 0.522917 0.360938 0.525000 0.356250 0.527083 0.348438 0.527083 0.345313 0.531250 0.345313 0.564583 0.346875 0.568750 0.356250 0.568750 0.365625 0.564583 0.368750 0.564583 0.371875 0.568750 0.371875 0.583333 0.373437 0.591667 0.375000 0.600000 0.376563 0.606250 0.378125 0.610417 0.382812 0.616667 0.385937 0.618750 0.392188 0.618750 0.398438 0.620833 0.403125 0.627083 0.407813 0.627083 0.409375 0.625000 0.415625 0.625000 0.421875 0.622917 0.426563 0.620833 0.431250 0.618750 0.440625 0.612500 0.443750 0.610417 0.445312 0.579167 0.442188 0.564583 0.442188 0.537500 0.439063 0.529167 0.439063 0.518750 0.435937 0.508333 0.431250 0.493750 0.428125 0.489583 0.428125 0.485417 0.425000 0.481250 0.423438 0.481250 0.418750 0.475000 0.410938 0.468750 0.404687 0.468750
20 0.359375 0.212500 0.353125 0.214583 0.346875 0.222917 0.342187 0.235417 0.340625 0.241667 0.337500 0.258333 0.337500 0.270833 0.339062 0.279167 0.340625 0.283333 0.342187 0.287500 0.346875 0.293750 0.350000 0.295833 0.353125 0.297917 0.362500 0.300000 0.385937 0.312500 0.406250 0.320833 0.418750 0.325000 0.428125 0.325000 0.435937 0.318750 0.442188 0.310417 0.446875 0.297917 0.451562 0.279167 0.453125 0.266667 0.451562 0.258333 0.448437 0.252083 0.443750 0.245833 0.439063 0.241667 0.431250 0.235417 0.421875 0.229167 0.414062 0.225000 0.406250 0.220833 0.401562 0.218750 0.395313 0.216667 0.389062 0.214583 0.378125 0.212500 0.359375 0.212500
22 0.223438 0.704167 0.217188 0.706250 0.214062 0.710417 0.212500 0.714583 0.212500 0.722917 0.214062 0.754167 0.215625 0.785417 0.217188 0.810417 0.220312 0.831250 0.220312 0.858333 0.223438 0.872917 0.237500 0.872917 0.245312 0.870833 0.250000 0.868750 0.253125 0.866667 0.254688 0.858333 0.253125 0.816667 0.251563 0.789583 0.250000 0.768750 0.246875 0.747917 0.246875 0.727083 0.245312 0.708333 0.242188 0.704167 0.223438 0.704167
22 0.765625 0.247917 0.759375 0.252083 0.751563 0.256250 0.725000 0.272917 0.689063 0.297917 0.675000 0.304167 0.660937 0.314583 0.660937 0.322917 0.662500 0.327083 0.665625 0.331250 0.667188 0.335417 0.671875 0.352083 0.678125 0.352083 0.684375 0.347917 0.692187 0.343750 0.695312 0.341667 0.698438 0.339583 0.710938 0.329167 0.726562 0.318750 0.745313 0.308333 0.776563 0.287500 0.781250 0.281250 0.781250 0.268750 0.776563 0.256250 0.771875 0.250000 0.768750 0.247917 0.765625 0.247917
20 0.784375 0.789583 0.778125 0.791667 0.771875 0.793750 0.757812 0.800000 0.739062 0.810417 0.734375 0.810417 0.729688 0.812500 0.726562 0.814583 0.725000 0.818750 0.726562 0.835417 0.731250 0.858333 0.737500 0.881250 0.742188 0.900000 0.750000 0.929167 0.754687 0.945833 0.762500 0.964583 0.767188 0.985417 0.773438 0.997917 0.801562 0.997917 0.804688 0.993750 0.828125 0.983333 0.832812 0.983333 0.837500 0.981250 0.846875 0.975000 0.856250 0.962500 0.857812 0.958333 0.859375 0.954167 0.860938 0.947917 0.860938 0.933333 0.859375 0.925000 0.856250 0.910417 0.848437 0.891667 0.846875 0.879167 0.845313 0.872917 0.840625 0.858333 0.829688 0.827083 0.823438 0.810417 0.820312 0.804167 0.815625 0.797917 0.806250 0.791667 0.801562 0.789583 0.784375 0.789583
21 0.360938 0.631250 0.359375 0.635417 0.359375 0.641667 0.356250 0.647917 0.354687 0.654167 0.354687 0.660417 0.353125 0.666667 0.348438 0.672917 0.346875 0.677083 0.345313 0.683333 0.345313 0.689583 0.337500 0.712500 0.335938 0.718750 0.334375 0.725000 0.321875 0.779167 0.320312 0.787500 0.320312 0.795833 0.323437 0.800000 0.328125 0.802083 0.337500 0.806250 0.342187 0.806250 0.345313 0.802083 0.346875 0.797917 0.346875 0.793750 0.350000 0.789583 0.356250 0.791667 0.359375 0.789583 0.359375 0.783333 0.364063 0.772917 0.368750 0.750000 0.370312 0.731250 0.371875 0.722917 0.373437 0.714583 0.384375 0.666667 0.385937 0.658333 0.387500 0.647917 0.387500 0.637500 0.384375 0.635417 0.379688 0.633333 0.370312 0.629167 0.360938 0.631250
21 0.698438 0.577083 0.692187 0.585417 0.690625 0.595833 0.685937 0.597917 0.684375 0.618750 0.685937 0.631250 0.695312 0.685417 0.700000 0.731250 0.701562 0.741667 0.703125 0.750000 0.704688 0.754167 0.707812 0.756250 0.721875 0.756250 0.728125 0.754167 0.731250 0.752083 0.731250 0.729167 0.729688 0.727083 0.729688 0.702083 0.726562 0.656250 0.725000 0.631250 0.723437 0.616667 0.720313 0.612500 0.718750 0.600000 0.718750 0.589583 0.717187 0.581250 0.714063 0.577083 0.698438 0.577083
6 0.859375 0.087500 0.860938 0.091667 0.862500 0.125000 0.864062 0.162500 0.864062 0.212500 0.865625 0.260417 0.867188 0.283333 0.870313 0.314583 0.875000 0.341667 0.876563 0.368750 0.878125 0.370833 0.878125 0.381250 0.865625 0.381250 0.856250 0.383333 0.823438 0.391667 0.807813 0.397917 0.800000 0.397917 0.792188 0.400000 0.784375 0.402083 0.776563 0.406250 0.768750 0.408333 0.760938 0.408333 0.753125 0.410417 0.739062 0.416667 0.731250 0.418750 0.690625 0.429167 0.681250 0.431250 0.667188 0.429167 0.665625 0.425000 0.659375 0.404167 0.653125 0.389583 0.648438 0.383333 0.645312 0.377083 0.643750 0.372917 0.642188 0.366667 0.640625 0.360417 0.640625 0.354167 0.637500 0.341667 0.635938 0.335417 0.657813 0.320833 0.662500 0.335417 0.665625 0.339583 0.665625 0.343750 0.667188 0.347917 0.673438 0.356250 0.676562 0.356250 0.679688 0.352083 0.690625 0.347917 0.700000 0.341667 0.703125 0.337500 0.715625 0.331250 0.718750 0.327083 0.721875 0.325000 0.748437 0.310417 0.751563 0.308333 0.771875 0.293750 0.778125 0.289583 0.782813 0.283333 0.782813 0.268750 0.781250 0.262500 0.779687 0.258333 0.770312 0.245833 0.764062 0.245833 0.746875 0.256250 0.726562 0.268750 0.723437 0.270833 0.717187 0.277083 0.700000 0.287500 0.676562 0.300000 0.673438 0.302083 0.670312 0.304167 0.662500 0.310417 0.657813 0.316667 0.657813 0.320833 0.635938 0.335417 0.631250 0.329167 0.612500 0.329167 0.609375 0.325000 0.609375 0.320833 0.609375 0.300000 0.604688 0.293750 0.593750 0.291667 0.573438 0.287500 0.562500 0.285417 0.540625 0.283333 0.528125 0.281250 0.523438 0.279167 0.520312 0.268750 0.518750 0.256250 0.517188 0.239583 0.517188 0.222917 0.514062 0.208333 0.514062 0.193750 0.510938 0.179167 0.510938 0.156250 0.514062 0.154167 0.521875 0.154167 0.523438 0.152083 0.532813 0.150000 0.554688 0.147917 0.564063 0.143750 0.575000 0.143750 0.584375 0.141667 0.593750 0.137500 0.603125 0.135417 0.632812 0.129167 0.664062 0.122917 0.676562 0.120833 0.701562 0.116667 0.715625 0.116667 0.726562 0.114583 0.751563 0.106250 0.760938 0.106250 0.770312 0.102083 0.790625 0.097917 0.814063 0.095833 0.825000 0.093750 0.835938 0.089583 0.846875 0.087500 0.859375 0.087500
6 0.259375 0.452083 0.262500 0.454167 0.270313 0.466667 0.276562 0.481250 0.281250 0.489583 0.287500 0.497917 0.290625 0.506250 0.295312 0.512500 0.295312 0.514583 0.298438 0.518750 0.301563 0.520833 0.304688 0.518750 0.309375 0.514583 0.314063 0.510417 0.320312 0.504167 0.328125 0.493750 0.339062 0.485417 0.345313 0.479167 0.351562 0.470833 0.357812 0.464583 0.365625 0.458333 0.368750 0.458333 0.398438 0.460417 0.426563 0.460417 0.428125 0.466667 0.426563 0.477083 0.418750 0.472917 0.415625 0.468750 0.412500 0.466667 0.407813 0.464583 0.401562 0.466667 0.387500 0.475000 0.378125 0.481250 0.370312 0.491667 0.368750 0.495833 0.368750 0.514583 0.367188 0.518750 0.364063 0.520833 0.353125 0.522917 0.348438 0.525000 0.345313 0.527083 0.342187 0.541667 0.342187 0.552083 0.343750 0.568750 0.359375 0.568750 0.364063 0.568750 0.365625 0.570833 0.368750 0.570833 0.368750 0.579167 0.370312 0.589583 0.371875 0.597917 0.373437 0.604167 0.375000 0.608333 0.376563 0.612500 0.382812 0.620833 0.382812 0.631250 0.368750 0.625000 0.364063 0.625000 0.360938 0.627083 0.359375 0.629167 0.357812 0.633333 0.356250 0.637500 0.353125 0.658333 0.351562 0.664583 0.345313 0.675000 0.343750 0.681250 0.342187 0.693750 0.335938 0.710417 0.331250 0.729167 0.328125 0.741667 0.326562 0.756250 0.320312 0.775000 0.317188 0.787500 0.317188 0.793750 0.318750 0.797917 0.321875 0.802083 0.328125 0.806250 0.332813 0.808333 0.340625 0.810417 0.343750 0.808333 0.346875 0.804167 0.348438 0.797917 0.351562 0.793750 0.360938 0.791667 0.362500 0.787500 0.365625 0.777083 0.371875 0.747917 0.373437 0.739583 0.373437 0.729167 0.378125 0.704167 0.384375 0.681250 0.389062 0.658333 0.390625 0.643750 0.390625 0.639583 0.389062 0.635417 0.382812 0.631250 0.382812 0.620833 0.387500 0.622917 0.392188 0.622917 0.401562 0.629167 0.415625 0.627083 0.421875 0.627083 0.423438 0.631250 0.423438 0.645833 0.420312 0.702083 0.418750 0.762500 0.418750 0.822917 0.417187 0.825000 0.417187 0.835417 0.410938 0.837500 0.407813 0.837500 0.345313 0.835417 0.298438 0.833333 0.259375 0.831250 0.256250 0.829167 0.256250 0.822917 0.254688 0.820833 0.253125 0.795833 0.253125 0.770833 0.251563 0.747917 0.250000 0.729167 0.248438 0.710417 0.246875 0.706250 0.242188 0.700000 0.226562 0.700000 0.218750 0.702083 0.215625 0.704167 0.210938 0.710417 0.210938 0.752083 0.214062 0.785417 0.215625 0.814583 0.215625 0.825000 0.157812 0.827083 0.142187 0.822917 0.140625 0.818750 0.140625 0.797917 0.142187 0.752083 0.146875 0.670833 0.145313 0.606250 0.145313 0.597917 0.165625 0.593750 0.189062 0.593750 0.195312 0.591667 0.212500 0.585417 0.217188 0.583333 0.226562 0.577083 0.231250 0.577083 0.235937 0.575000 0.242188 0.568750 0.246875 0.568750 0.251563 0.564583 0.257812 0.556250 0.259375 0.554167 0.260937 0.550000 0.265625 0.537500 0.270313 0.518750 0.270313 0.500000 0.267188 0.493750 0.267188 0.487500 0.264062 0.481250 0.260937 0.475000 0.256250 0.468750 0.256250 0.466667 0.253125 0.462500 0.246875 0.458333 0.242188 0.454167 0.259375 0.452083
18 0.148438 0.433333 0.140625 0.435417 0.135937 0.437500 0.126562 0.443750 0.121875 0.447917 0.117188 0.454167 0.115625 0.454167 0.112500 0.458333 0.112500 0.460417 0.107813 0.466667 0.104688 0.472917 0.103125 0.477083 0.101562 0.481250 0.100000 0.487500 0.098437 0.493750 0.096875 0.502083 0.096875 0.531250 0.098437 0.541667 0.103125 0.554167 0.123438 0.581250 0.126562 0.581250 0.134375 0.589583 0.143750 0.595833 0.146875 0.595833 0.182812 0.593750 0.203125 0.587500 0.214062 0.583333 0.225000 0.579167 0.229687 0.577083 0.234375 0.575000 0.237500 0.572917 0.240625 0.570833 0.251563 0.560417 0.257812 0.552083 0.260937 0.545833 0.265625 0.533333 0.267188 0.525000 0.268750 0.508333 0.268750 0.502083 0.267188 0.495833 0.265625 0.489583 0.264062 0.485417 0.262500 0.481250 0.256250 0.470833 0.250000 0.462500 0.245312 0.458333 0.232813 0.450000 0.228125 0.447917 0.221875 0.447917 0.215625 0.443750 0.206250 0.441667 0.187500 0.441667 0.181250 0.439583 0.175000 0.435417 0.167187 0.433333 0.148438 0.433333
6 0.860938 0.385417 0.851562 0.387500 0.835938 0.393750 0.773438 0.408333 0.742188 0.418750 0.718750 0.425000 0.703125 0.427083 0.687500 0.431250 0.679688 0.433333 0.675000 0.435417 0.671875 0.437500 0.671875 0.445833 0.673438 0.452083 0.678125 0.466667 0.685937 0.481250 0.685937 0.485417 0.693750 0.506250 0.696875 0.510417 0.696875 0.514583 0.698438 0.518750 0.701562 0.522917 0.701562 0.527083 0.704688 0.533333 0.707812 0.537500 0.715625 0.545833 0.715625 0.558333 0.712500 0.564583 0.712500 0.570833 0.720313 0.581250 0.721875 0.587500 0.721875 0.597917 0.725000 0.608333 0.726562 0.620833 0.728125 0.637500 0.728125 0.660417 0.731250 0.683333 0.732812 0.708333 0.734375 0.735417 0.734375 0.750000 0.732812 0.754167 0.731250 0.756250 0.728125 0.758333 0.718750 0.760417 0.709375 0.760417 0.704688 0.758333 0.701562 0.754167 0.700000 0.750000 0.698438 0.743750 0.696875 0.731250 0.692187 0.697917 0.690625 0.675000 0.687500 0.652083 0.682813 0.633333 0.681250 0.614583 0.682813 0.600000 0.681250 0.595833 0.676562 0.595833 0.673438 0.597917 0.668750 0.602083 0.662500 0.608333 0.656250 0.616667 0.650000 0.622917 0.646875 0.625000 0.643750 0.627083 0.635938 0.627083 0.629687 0.625000 0.626563 0.622917 0.618750 0.612500 0.615625 0.604167 0.609375 0.589583 0.598437 0.562500 0.598437 0.558333 0.596875 0.554167 0.590625 0.543750 0.581250 0.516667 0.578125 0.512500 0.576562 0.506250 0.575000 0.504167 0.571875 0.502083 0.567187 0.500000 0.557813 0.500000 0.556250 0.497917 0.546875 0.500000 0.546875 0.508333 0.548438 0.510417 0.550000 0.533333 0.551562 0.543750 0.553125 0.554167 0.559375 0.585417 0.562500 0.606250 0.565625 0.637500 0.570312 0.668750 0.571875 0.677083 0.575000 0.685417 0.584375 0.685417 0.593750 0.687500 0.596875 0.689583 0.603125 0.697917 0.604688 0.702083 0.606250 0.710417 0.606250 0.783333 0.604688 0.885417 0.606250 0.889583 0.617188 0.889583 0.632812 0.883333 0.667188 0.877083 0.682813 0.870833 0.690625 0.868750 0.707812 0.866667 0.715625 0.862500 0.723437 0.862500 0.726562 0.860417 0.729688 0.856250 0.728125 0.850000 0.725000 0.839583 0.723437 0.831250 0.723437 0.814583 0.726562 0.810417 0.729688 0.808333 0.732812 0.806250 0.742188 0.804167 0.751563 0.797917 0.776563 0.787500 0.784375 0.785417 0.801562 0.785417 0.806250 0.787500 0.810937 0.789583 0.815625 0.793750 0.823438 0.804167 0.826562 0.810417 0.834375 0.833333 0.837500 0.835417 0.848437 0.835417 0.865625 0.833333 0.876563 0.829167 0.889062 0.827083 0.914062 0.827083 0.928125 0.825000 0.939063 0.822917 0.943750 0.820833 0.946875 0.816667 0.946875 0.810417 0.945312 0.808333 0.942187 0.779167 0.937500 0.750000 0.932813 0.731250 0.932813 0.720833 0.928125 0.700000 0.926562 0.689583 0.926562 0.677083 0.920312 0.635417 0.914062 0.606250 0.910937 0.587500 0.910937 0.577083 0.906250 0.558333 0.906250 0.547917 0.901563 0.529167 0.901563 0.518750 0.896875 0.489583 0.895312 0.481250 0.892188 0.472917 0.890625 0.456250 0.885938 0.441667 0.881250 0.408333 0.879687 0.397917 0.878125 0.391667 0.873437 0.385417 0.860938 0.385417
15 0.596875 0.320833 0.592187 0.325000 0.584375 0.335417 0.571875 0.341667 0.564063 0.352083 0.557813 0.362500 0.551562 0.372917 0.548438 0.379167 0.545312 0.385417 0.540625 0.397917 0.540625 0.404167 0.542188 0.408333 0.548438 0.418750 0.562500 0.456250 0.565625 0.464583 0.570312 0.477083 0.570312 0.481250 0.573438 0.489583 0.575000 0.493750 0.581250 0.506250 0.581250 0.510417 0.582812 0.514583 0.592187 0.537500 0.614062 0.591667 0.621875 0.610417 0.628125 0.618750 0.631250 0.620833 0.637500 0.622917 0.642188 0.622917 0.645312 0.620833 0.648438 0.618750 0.653125 0.614583 0.660937 0.604167 0.667188 0.597917 0.684375 0.581250 0.689063 0.577083 0.698438 0.570833 0.707812 0.562500 0.712500 0.556250 0.712500 0.547917 0.707812 0.541667 0.698438 0.531250 0.696875 0.527083 0.693750 0.512500 0.687500 0.495833 0.678125 0.477083 0.673438 0.464583 0.668750 0.450000 0.667188 0.443750 0.667188 0.437500 0.665625 0.431250 0.660937 0.418750 0.651563 0.393750 0.643750 0.383333 0.642188 0.379167 0.640625 0.375000 0.639062 0.368750 0.637500 0.354167 0.634375 0.345833 0.632812 0.337500 0.629687 0.335417 0.615625 0.337500 0.610938 0.337500 0.606250 0.331250 0.603125 0.320833 0.596875 0.320833
19 0.478125 0.687500 0.473438 0.689583 0.470313 0.693750 0.468750 0.697917 0.467187 0.704167 0.465625 0.737500 0.465625 0.789583 0.462500 0.839583 0.460938 0.904167 0.459375 0.968750 0.459375 0.993750 0.460938 0.997917 0.600000 0.995833 0.601562 0.983333 0.601562 0.950000 0.598437 0.935417 0.598437 0.910417 0.601562 0.841667 0.601562 0.837500 0.600000 0.827083 0.600000 0.822917 0.601562 0.704167 0.600000 0.700000 0.595313 0.693750 0.589063 0.691667 0.556250 0.689583 0.537500 0.691667 0.503125 0.687500 0.478125 0.687500
2 0.514062 0.281250 0.510938 0.283333 0.507812 0.289583 0.506250 0.295833 0.504687 0.320833 0.504687 0.352083 0.501563 0.360417 0.501563 0.370833 0.498437 0.381250 0.500000 0.395833 0.498437 0.412500 0.496875 0.429167 0.492188 0.458333 0.492188 0.483333 0.495312 0.483333 0.496875 0.485417 0.510938 0.485417 0.534375 0.491667 0.548438 0.493750 0.562500 0.495833 0.571875 0.495833 0.571875 0.491667 0.568750 0.481250 0.565625 0.472917 0.560937 0.460417 0.548438 0.433333 0.545312 0.418750 0.543750 0.414583 0.537500 0.404167 0.537500 0.400000 0.543750 0.383333 0.546875 0.377083 0.556250 0.362500 0.557813 0.356250 0.573438 0.335417 0.584375 0.331250 0.587500 0.329167 0.592187 0.320833 0.595313 0.318750 0.598437 0.316667 0.606250 0.316667 0.606250 0.300000 0.601562 0.300000 0.600000 0.297917 0.589063 0.297917 0.581250 0.295833 0.575000 0.291667 0.564063 0.289583 0.553125 0.287500 0.542188 0.287500 0.529687 0.285417 0.520312 0.281250 0.514062 0.281250
