1 0.212500 0.212500 0.201563 0.218750 0.185938 0.229167 0.182812 0.233333 0.179688 0.233333 0.171875 0.239583 0.164062 0.245833 0.159375 0.250000 0.154688 0.256250 0.148438 0.260417 0.145313 0.264583 0.145313 0.270833 0.153125 0.279167 0.154688 0.281250 0.159375 0.289583 0.160938 0.297917 0.162500 0.302083 0.165625 0.308333 0.176563 0.322917 0.181250 0.331250 0.187500 0.345833 0.193750 0.364583 0.200000 0.379167 0.206250 0.389583 0.209375 0.397917 0.214062 0.414583 0.215625 0.418750 0.217188 0.422917 0.226562 0.445833 0.237500 0.470833 0.246875 0.487500 0.251563 0.497917 0.256250 0.510417 0.257812 0.516667 0.259375 0.522917 0.264062 0.543750 0.265625 0.552083 0.265625 0.558333 0.268750 0.558333 0.271875 0.556250 0.275000 0.552083 0.278125 0.550000 0.298438 0.539583 0.301563 0.539583 0.304688 0.537500 0.306250 0.533333 0.307812 0.520833 0.314063 0.512500 0.318750 0.514583 0.323437 0.518750 0.326562 0.518750 0.325000 0.512500 0.317188 0.491667 0.314063 0.485417 0.310937 0.485417 0.307812 0.481250 0.306250 0.477083 0.304688 0.472917 0.292187 0.437500 0.289062 0.422917 0.282813 0.406250 0.271875 0.377083 0.267188 0.370833 0.260937 0.354167 0.257812 0.341667 0.256250 0.335417 0.251563 0.329167 0.251563 0.325000 0.240625 0.300000 0.240625 0.295833 0.237500 0.287500 0.235937 0.283333 0.229687 0.270833 0.229687 0.266667 0.225000 0.260417 0.223438 0.254167 0.223438 0.225000 0.221875 0.218750 0.217188 0.212500 0.212500 0.212500
31 0.481250 0.116667 0.476562 0.118750 0.471875 0.120833 0.464062 0.125000 0.454688 0.131250 0.434375 0.158333 0.431250 0.166667 0.429688 0.175000 0.426563 0.179167 0.425000 0.183333 0.425000 0.225000 0.426563 0.231250 0.428125 0.237500 0.431250 0.245833 0.435937 0.258333 0.442188 0.272917 0.453125 0.295833 0.456250 0.302083 0.467187 0.316667 0.470313 0.318750 0.473438 0.320833 0.481250 0.325000 0.489063 0.327083 0.500000 0.327083 0.506250 0.325000 0.509375 0.320833 0.517188 0.318750 0.526563 0.312500 0.532813 0.306250 0.537500 0.297917 0.540625 0.291667 0.546875 0.275000 0.548438 0.266667 0.551562 0.250000 0.551562 0.235417 0.554688 0.222917 0.554688 0.187500 0.553125 0.181250 0.550000 0.175000 0.550000 0.168750 0.548438 0.164583 0.543750 0.154167 0.540625 0.147917 0.537500 0.141667 0.532813 0.135417 0.520312 0.125000 0.517188 0.122917 0.510938 0.122917 0.506250 0.118750 0.500000 0.116667 0.481250 0.116667
3 0.804688 0.475000 0.801562 0.477083 0.800000 0.481250 0.796875 0.481250 0.793750 0.477083 0.790625 0.477083 0.785937 0.481250 0.782813 0.477083 0.779687 0.479167 0.779687 0.483333 0.778125 0.485417 0.776563 0.502083 0.776563 0.506250 0.778125 0.529167 0.776563 0.568750 0.778125 0.591667 0.779687 0.600000 0.781250 0.606250 0.782813 0.612500 0.785937 0.618750 0.793750 0.629167 0.798438 0.637500 0.801562 0.643750 0.803125 0.650000 0.804688 0.664583 0.806250 0.702083 0.806250 0.783333 0.807813 0.835417 0.809375 0.862500 0.810937 0.879167 0.815625 0.922917 0.820312 0.960417 0.821875 0.970833 0.823438 0.979167 0.825000 0.985417 0.828125 0.989583 0.842187 0.989583 0.845313 0.985417 0.845313 0.968750 0.843750 0.935417 0.840625 0.887500 0.839063 0.866667 0.835938 0.850000 0.835938 0.831250 0.834375 0.816667 0.829688 0.787500 0.828125 0.772917 0.828125 0.758333 0.823438 0.729167 0.820312 0.683333 0.817187 0.668750 0.815625 0.654167 0.815625 0.637500 0.817187 0.629167 0.821875 0.614583 0.821875 0.581250 0.817187 0.525000 0.812500 0.479167 0.812500 0.481250 0.807813 0.481250 0.807813 0.479167 0.804688 0.475000
0 0.617188 0.581250 0.612500 0.583333 0.601562 0.591667 0.593750 0.595833 0.573438 0.606250 0.564063 0.610417 0.550000 0.616667 0.523438 0.627083 0.517188 0.629167 0.510938 0.629167 0.506250 0.631250 0.503125 0.633333 0.501563 0.637500 0.501563 0.641667 0.503125 0.643750 0.504687 0.652083 0.504687 0.662500 0.506250 0.670833 0.514062 0.689583 0.521875 0.716667 0.534375 0.760417 0.539062 0.779167 0.540625 0.787500 0.540625 0.800000 0.542188 0.810417 0.543750 0.818750 0.546875 0.833333 0.551562 0.845833 0.553125 0.854167 0.553125 0.862500 0.554688 0.866667 0.571875 0.868750 0.578125 0.866667 0.584375 0.864583 0.595313 0.860417 0.621875 0.845833 0.626563 0.843750 0.632812 0.841667 0.645312 0.839583 0.657813 0.835417 0.689063 0.822917 0.692187 0.820833 0.695312 0.816667 0.695312 0.806250 0.693750 0.793750 0.692187 0.785417 0.690625 0.779167 0.689063 0.772917 0.687500 0.768750 0.684375 0.764583 0.682813 0.760417 0.681250 0.752083 0.676562 0.727083 0.675000 0.720833 0.670312 0.710417 0.665625 0.689583 0.657813 0.668750 0.654687 0.658333 0.653125 0.652083 0.653125 0.645833 0.651563 0.639583 0.640625 0.602083 0.637500 0.591667 0.635938 0.587500 0.631250 0.581250 0.617188 0.581250
0 0.296875 0.762500 0.289062 0.764583 0.284375 0.766667 0.279687 0.768750 0.276562 0.770833 0.273438 0.772917 0.268750 0.777083 0.262500 0.785417 0.260937 0.785417 0.256250 0.791667 0.253125 0.797917 0.250000 0.804167 0.248438 0.810417 0.245312 0.814583 0.240625 0.814583 0.237500 0.816667 0.231250 0.825000 0.226562 0.837500 0.228125 0.845833 0.229687 0.845833 0.232813 0.850000 0.234375 0.850000 0.235937 0.879167 0.239063 0.893750 0.243750 0.906250 0.248438 0.916667 0.262500 0.935417 0.265625 0.937500 0.282813 0.943750 0.285938 0.945833 0.289062 0.947917 0.296875 0.956250 0.300000 0.958333 0.303125 0.960417 0.309375 0.962500 0.329688 0.962500 0.335938 0.960417 0.340625 0.958333 0.350000 0.952083 0.354687 0.947917 0.359375 0.943750 0.365625 0.937500 0.371875 0.929167 0.376563 0.920833 0.382812 0.904167 0.384375 0.897917 0.385937 0.891667 0.387500 0.883333 0.389062 0.868750 0.389062 0.837500 0.387500 0.827083 0.385937 0.820833 0.384375 0.816667 0.382812 0.812500 0.379688 0.806250 0.376563 0.800000 0.370312 0.789583 0.368750 0.787500 0.362500 0.781250 0.357812 0.777083 0.354687 0.775000 0.351562 0.772917 0.346875 0.770833 0.342187 0.768750 0.335938 0.766667 0.328125 0.764583 0.320312 0.762500 0.296875 0.762500
0 0.301563 0.543750 0.295312 0.545833 0.281250 0.552083 0.271875 0.558333 0.267188 0.562500 0.262500 0.566667 0.256250 0.572917 0.248438 0.583333 0.245312 0.589583 0.242188 0.595833 0.237500 0.608333 0.235937 0.614583 0.234375 0.622917 0.234375 0.652083 0.235937 0.662500 0.237500 0.672917 0.239063 0.679167 0.245312 0.695833 0.256250 0.710417 0.270313 0.722917 0.273438 0.725000 0.281250 0.729167 0.287500 0.731250 0.314063 0.731250 0.320312 0.729167 0.325000 0.727083 0.329688 0.725000 0.339062 0.718750 0.346875 0.712500 0.353125 0.706250 0.362500 0.693750 0.365625 0.687500 0.368750 0.681250 0.370312 0.677083 0.373437 0.666667 0.375000 0.660417 0.376563 0.652083 0.376563 0.616667 0.375000 0.606250 0.371875 0.597917 0.365625 0.581250 0.360938 0.572917 0.356250 0.566667 0.350000 0.560417 0.342187 0.554167 0.339062 0.552083 0.335938 0.550000 0.331250 0.547917 0.326562 0.545833 0.320312 0.543750 0.301563 0.543750
23 0.664062 0.160417 0.662500 0.162500 0.654687 0.162500 0.643750 0.166667 0.639062 0.168750 0.634375 0.170833 0.623437 0.179167 0.618750 0.181250 0.609375 0.183333 0.604688 0.187500 0.584375 0.193750 0.581250 0.195833 0.578125 0.197917 0.576562 0.200000 0.575000 0.204167 0.575000 0.214583 0.576562 0.222917 0.581250 0.243750 0.587500 0.260417 0.589063 0.266667 0.590625 0.279167 0.596875 0.297917 0.604688 0.335417 0.610938 0.354167 0.618750 0.385417 0.618750 0.391667 0.620313 0.397917 0.621875 0.402083 0.626563 0.408333 0.631250 0.410417 0.635938 0.408333 0.642188 0.404167 0.653125 0.402083 0.657813 0.397917 0.664062 0.397917 0.673438 0.391667 0.682813 0.389583 0.696875 0.381250 0.710938 0.377083 0.715625 0.375000 0.720313 0.368750 0.721875 0.356250 0.721875 0.350000 0.720313 0.341667 0.714063 0.325000 0.712500 0.312500 0.707812 0.295833 0.704688 0.291667 0.704688 0.281250 0.701562 0.277083 0.700000 0.270833 0.695312 0.252083 0.696875 0.239583 0.696875 0.235417 0.695312 0.231250 0.689063 0.220833 0.687500 0.216667 0.685937 0.212500 0.684375 0.206250 0.682813 0.197917 0.682813 0.189583 0.678125 0.170833 0.676562 0.166667 0.673438 0.162500 0.670312 0.160417 0.664062 0.160417
0 0.748437 0.150000 0.740625 0.152083 0.734375 0.154167 0.726562 0.158333 0.721875 0.162500 0.715625 0.170833 0.712500 0.179167 0.706250 0.185417 0.704688 0.189583 0.703125 0.195833 0.703125 0.218750 0.704688 0.229167 0.710938 0.256250 0.712500 0.275000 0.718750 0.308333 0.725000 0.331250 0.726562 0.339583 0.728125 0.360417 0.731250 0.375000 0.734375 0.389583 0.742188 0.422917 0.743750 0.429167 0.745313 0.435417 0.750000 0.441667 0.757812 0.441667 0.765625 0.447917 0.770312 0.450000 0.775000 0.450000 0.779687 0.447917 0.784375 0.445833 0.795312 0.439583 0.806250 0.433333 0.809375 0.431250 0.815625 0.425000 0.818750 0.425000 0.821875 0.422917 0.834375 0.412500 0.839063 0.406250 0.840625 0.406250 0.843750 0.402083 0.843750 0.400000 0.848437 0.393750 0.850000 0.387500 0.860938 0.370833 0.862500 0.364583 0.865625 0.358333 0.876563 0.345833 0.879687 0.339583 0.879687 0.322917 0.878125 0.318750 0.876563 0.314583 0.875000 0.312500 0.867188 0.304167 0.862500 0.304167 0.860938 0.306250 0.854688 0.304167 0.854688 0.302083 0.853125 0.297917 0.854688 0.279167 0.853125 0.262500 0.851562 0.252083 0.848437 0.237500 0.842187 0.220833 0.832812 0.210417 0.831250 0.208333 0.831250 0.206250 0.828125 0.202083 0.828125 0.197917 0.825000 0.191667 0.821875 0.185417 0.814063 0.175000 0.809375 0.170833 0.793750 0.158333 0.785937 0.154167 0.781250 0.152083 0.776563 0.150000 0.748437 0.150000
12 0.392188 0.316667 0.387500 0.318750 0.379688 0.322917 0.371875 0.333333 0.357812 0.354167 0.356250 0.360417 0.354687 0.370833 0.354687 0.391667 0.356250 0.400000 0.359375 0.408333 0.364063 0.420833 0.371875 0.431250 0.376563 0.435417 0.385937 0.441667 0.390625 0.443750 0.396875 0.445833 0.410938 0.445833 0.417187 0.443750 0.421875 0.441667 0.425000 0.439583 0.428125 0.437500 0.432812 0.433333 0.442188 0.420833 0.445312 0.414583 0.450000 0.402083 0.451562 0.393750 0.451562 0.368750 0.450000 0.360417 0.448437 0.354167 0.446875 0.350000 0.445312 0.345833 0.442188 0.339583 0.434375 0.329167 0.429688 0.325000 0.426563 0.322917 0.423438 0.320833 0.418750 0.318750 0.414062 0.316667 0.392188 0.316667
25 0.118750 0.585417 0.112500 0.593750 0.110937 0.600000 0.109375 0.622917 0.109375 0.629167 0.112500 0.633333 0.117188 0.635417 0.123438 0.635417 0.128125 0.641667 0.129688 0.645833 0.129688 0.654167 0.126562 0.658333 0.121875 0.658333 0.114062 0.662500 0.110937 0.664583 0.104688 0.670833 0.101562 0.670833 0.090625 0.679167 0.087500 0.683333 0.085938 0.683333 0.084375 0.685417 0.081250 0.693750 0.082812 0.697917 0.085938 0.697917 0.087500 0.700000 0.092188 0.700000 0.095312 0.702083 0.100000 0.710417 0.106250 0.716667 0.109375 0.725000 0.114062 0.739583 0.121875 0.754167 0.128125 0.772917 0.129688 0.783333 0.131250 0.787500 0.134375 0.793750 0.140625 0.802083 0.145313 0.806250 0.150000 0.808333 0.154688 0.812500 0.159375 0.818750 0.165625 0.837500 0.173437 0.847917 0.182812 0.854167 0.200000 0.854167 0.206250 0.852083 0.215625 0.845833 0.220312 0.841667 0.223438 0.837500 0.228125 0.827083 0.232813 0.814583 0.232813 0.800000 0.229687 0.787500 0.229687 0.764583 0.231250 0.756250 0.232813 0.752083 0.240625 0.741667 0.242188 0.737500 0.242188 0.718750 0.235937 0.695833 0.234375 0.683333 0.234375 0.670833 0.232813 0.658333 0.231250 0.650000 0.225000 0.641667 0.223438 0.637500 0.223438 0.633333 0.221875 0.629167 0.218750 0.625000 0.217188 0.625000 0.212500 0.618750 0.209375 0.616667 0.195312 0.608333 0.181250 0.602083 0.175000 0.602083 0.173437 0.604167 0.167187 0.604167 0.160938 0.595833 0.156250 0.593750 0.151562 0.591667 0.137500 0.589583 0.131250 0.585417 0.118750 0.585417
20 0.432812 0.529167 0.428125 0.531250 0.425000 0.533333 0.421875 0.535417 0.417187 0.539583 0.414062 0.543750 0.410938 0.550000 0.407813 0.556250 0.403125 0.568750 0.400000 0.583333 0.392188 0.597917 0.390625 0.610417 0.387500 0.614583 0.385937 0.620833 0.379688 0.647917 0.375000 0.668750 0.375000 0.675000 0.373437 0.677083 0.373437 0.681250 0.375000 0.687500 0.379688 0.700000 0.384375 0.706250 0.387500 0.708333 0.390625 0.710417 0.407813 0.710417 0.410938 0.708333 0.414062 0.706250 0.421875 0.695833 0.428125 0.679167 0.435937 0.652083 0.448437 0.606250 0.459375 0.577083 0.460938 0.570833 0.460938 0.550000 0.457813 0.541667 0.454688 0.537500 0.448437 0.531250 0.443750 0.529167 0.432812 0.529167
6 0.629687 0.527083 0.637500 0.527083 0.645312 0.533333 0.651563 0.533333 0.657813 0.537500 0.667188 0.543750 0.679688 0.554167 0.687500 0.562500 0.696875 0.572917 0.700000 0.577083 0.714063 0.597917 0.725000 0.618750 0.725000 0.622917 0.732812 0.637500 0.737500 0.652083 0.739062 0.658333 0.740625 0.664583 0.743750 0.679167 0.745313 0.689583 0.746875 0.700000 0.746875 0.764583 0.745313 0.775000 0.743750 0.785417 0.740625 0.800000 0.739062 0.806250 0.737500 0.812500 0.735938 0.816667 0.732812 0.820833 0.732812 0.825000 0.728125 0.835417 0.723437 0.845833 0.720313 0.852083 0.715625 0.860417 0.706250 0.875000 0.700000 0.883333 0.685937 0.900000 0.675000 0.910417 0.670312 0.914583 0.662500 0.920833 0.659375 0.922917 0.648438 0.929167 0.640625 0.933333 0.635938 0.935417 0.629687 0.935417 0.623437 0.939583 0.617188 0.941667 0.603125 0.943750 0.579688 0.943750 0.564063 0.939583 0.559375 0.941667 0.560937 0.979167 0.564063 0.981250 0.571875 0.979167 0.604688 0.981250 0.629687 0.983333 0.648438 0.985417 0.665625 0.989583 0.693750 0.991667 0.731250 0.991667 0.762500 0.993750 0.789062 0.997917 0.887500 0.997917 0.890625 0.995833 0.895312 0.989583 0.896875 0.972917 0.896875 0.931250 0.893750 0.889583 0.893750 0.837500 0.890625 0.791667 0.890625 0.537500 0.889062 0.533333 0.887500 0.531250 0.884375 0.529167 0.821875 0.531250 0.821875 0.552083 0.825000 0.591667 0.825000 0.612500 0.823438 0.620833 0.818750 0.631250 0.818750 0.664583 0.825000 0.700000 0.826562 0.718750 0.826562 0.737500 0.829688 0.750000 0.831250 0.764583 0.831250 0.779167 0.834375 0.793750 0.834375 0.808333 0.837500 0.820833 0.839063 0.839583 0.840625 0.858333 0.842187 0.879167 0.842187 0.906250 0.846875 0.950000 0.845313 0.991667 0.842187 0.991667 0.829688 0.991667 0.823438 0.989583 0.821875 0.985417 0.820312 0.979167 0.820312 0.966667 0.817187 0.956250 0.814063 0.933333 0.812500 0.916667 0.812500 0.900000 0.807813 0.872917 0.806250 0.854167 0.804688 0.816667 0.804688 0.745833 0.803125 0.693750 0.801562 0.658333 0.800000 0.650000 0.798438 0.643750 0.796875 0.639583 0.781250 0.616667 0.778125 0.606250 0.776563 0.597917 0.775000 0.589583 0.773438 0.566667 0.771875 0.529167 0.732812 0.527083 0.645312 0.525000 0.639062 0.525000 0.629687 0.527083
11 0.301563 0.170833 0.292187 0.172917 0.285938 0.175000 0.281250 0.177083 0.278125 0.179167 0.270313 0.185417 0.264062 0.191667 0.254688 0.204167 0.250000 0.212500 0.245312 0.225000 0.243750 0.231250 0.242188 0.237500 0.240625 0.245833 0.240625 0.285417 0.242188 0.293750 0.243750 0.300000 0.246875 0.308333 0.251563 0.320833 0.257812 0.331250 0.267188 0.343750 0.271875 0.347917 0.279687 0.354167 0.287500 0.360417 0.290625 0.362500 0.296875 0.364583 0.306250 0.366667 0.323437 0.366667 0.329688 0.364583 0.335938 0.362500 0.340625 0.360417 0.353125 0.352083 0.359375 0.345833 0.368750 0.333333 0.376563 0.320833 0.378125 0.316667 0.379688 0.312500 0.382812 0.302083 0.384375 0.295833 0.385937 0.287500 0.385937 0.247917 0.384375 0.239583 0.382812 0.233333 0.381250 0.227083 0.376563 0.214583 0.373437 0.208333 0.357812 0.187500 0.353125 0.183333 0.348438 0.179167 0.345313 0.177083 0.340625 0.175000 0.335938 0.172917 0.329688 0.170833 0.301563 0.170833
