0 0.659375 0.568750 0.654687 0.572917 0.648438 0.579167 0.642188 0.587500 0.637500 0.591667 0.625000 0.600000 0.621875 0.606250 0.614062 0.606250 0.607812 0.610417 0.589063 0.622917 0.581250 0.625000 0.573438 0.631250 0.554688 0.631250 0.546875 0.629167 0.539062 0.625000 0.535937 0.622917 0.532813 0.620833 0.528125 0.614583 0.525000 0.616667 0.525000 0.656250 0.526563 0.664583 0.529687 0.675000 0.531250 0.679167 0.539062 0.695833 0.543750 0.704167 0.550000 0.714583 0.551562 0.716667 0.560937 0.729167 0.562500 0.729167 0.570312 0.739583 0.575000 0.741667 0.587500 0.743750 0.598437 0.750000 0.604688 0.752083 0.614062 0.752083 0.620313 0.750000 0.629687 0.743750 0.634375 0.741667 0.645312 0.739583 0.650000 0.737500 0.653125 0.735417 0.660937 0.725000 0.667188 0.720833 0.670312 0.716667 0.676562 0.702083 0.678125 0.697917 0.679688 0.691667 0.679688 0.685417 0.682813 0.679167 0.684375 0.672917 0.687500 0.654167 0.687500 0.625000 0.685937 0.614583 0.681250 0.593750 0.679688 0.589583 0.678125 0.585417 0.675000 0.579167 0.670312 0.572917 0.665625 0.568750 0.659375 0.568750
0 0.189062 0.577083 0.187500 0.579167 0.184375 0.579167 0.184375 0.585417 0.198437 0.604167 0.206250 0.612500 0.214062 0.618750 0.217188 0.618750 0.220312 0.620833 0.226562 0.627083 0.243750 0.650000 0.250000 0.654167 0.257812 0.666667 0.259375 0.668750 0.260937 0.668750 0.268750 0.677083 0.276562 0.681250 0.292187 0.700000 0.304688 0.716667 0.317188 0.731250 0.325000 0.739583 0.328125 0.741667 0.331250 0.741667 0.334375 0.739583 0.342187 0.729167 0.345313 0.722917 0.348438 0.716667 0.353125 0.706250 0.357812 0.691667 0.364063 0.681250 0.370312 0.664583 0.379688 0.633333 0.381250 0.627083 0.379688 0.614583 0.376563 0.612500 0.364063 0.610417 0.353125 0.612500 0.342187 0.608333 0.331250 0.608333 0.317188 0.602083 0.303125 0.602083 0.296875 0.600000 0.290625 0.595833 0.273438 0.593750 0.265625 0.589583 0.256250 0.589583 0.248438 0.587500 0.240625 0.585417 0.231250 0.579167 0.223438 0.577083 0.189062 0.577083
18 0.650000 0.072917 0.639062 0.075000 0.620313 0.079167 0.610938 0.081250 0.595313 0.087500 0.587500 0.089583 0.554688 0.095833 0.517188 0.106250 0.484375 0.116667 0.471875 0.120833 0.465625 0.122917 0.456250 0.129167 0.451562 0.135417 0.451562 0.158333 0.456250 0.185417 0.456250 0.195833 0.459375 0.200000 0.467187 0.202083 0.475000 0.206250 0.479687 0.210417 0.484375 0.214583 0.492188 0.222917 0.506250 0.241667 0.506250 0.254167 0.504687 0.258333 0.503125 0.262500 0.500000 0.266667 0.498437 0.270833 0.496875 0.275000 0.493750 0.289583 0.492188 0.308333 0.487500 0.327083 0.485938 0.339583 0.487500 0.356250 0.500000 0.356250 0.528125 0.350000 0.537500 0.345833 0.548438 0.343750 0.560937 0.341667 0.578125 0.339583 0.604688 0.337500 0.676562 0.337500 0.685937 0.335417 0.689063 0.331250 0.689063 0.300000 0.695312 0.293750 0.696875 0.289583 0.696875 0.277083 0.695312 0.264583 0.693750 0.252083 0.692187 0.241667 0.687500 0.212500 0.682813 0.193750 0.681250 0.181250 0.681250 0.137500 0.679688 0.125000 0.678125 0.120833 0.675000 0.116667 0.673438 0.116667 0.671875 0.106250 0.665625 0.081250 0.664062 0.077083 0.662500 0.075000 0.659375 0.072917 0.650000 0.072917
0 0.657813 0.495833 0.653125 0.497917 0.643750 0.504167 0.635938 0.512500 0.617188 0.525000 0.612500 0.531250 0.607812 0.535417 0.598437 0.541667 0.570312 0.560417 0.562500 0.564583 0.550000 0.568750 0.537500 0.577083 0.532813 0.583333 0.529687 0.589583 0.528125 0.597917 0.528125 0.610417 0.529687 0.614583 0.535937 0.620833 0.540625 0.622917 0.548438 0.627083 0.556250 0.629167 0.564063 0.629167 0.565625 0.627083 0.575000 0.627083 0.579688 0.625000 0.587500 0.620833 0.595313 0.616667 0.617188 0.604167 0.620313 0.602083 0.631250 0.593750 0.635938 0.589583 0.640625 0.585417 0.651563 0.575000 0.660937 0.564583 0.673438 0.547917 0.678125 0.539583 0.679688 0.535417 0.681250 0.531250 0.681250 0.518750 0.681250 0.514583 0.679688 0.510417 0.675000 0.504167 0.670312 0.500000 0.667188 0.497917 0.662500 0.495833 0.657813 0.495833
6 0.837500 0.358333 0.828125 0.360417 0.810937 0.364583 0.803125 0.368750 0.801562 0.375000 0.800000 0.414583 0.801562 0.420833 0.800000 0.452083 0.801562 0.454167 0.801562 0.460417 0.806250 0.456250 0.807813 0.450000 0.809375 0.439583 0.820312 0.410417 0.825000 0.400000 0.829688 0.393750 0.834375 0.393750 0.837500 0.397917 0.839063 0.416667 0.839063 0.464583 0.837500 0.547917 0.835938 0.595833 0.832812 0.641667 0.831250 0.695833 0.831250 0.791667 0.829688 0.802083 0.828125 0.806250 0.821875 0.814583 0.815625 0.814583 0.812500 0.812500 0.806250 0.804167 0.804688 0.797917 0.804688 0.779167 0.809375 0.727083 0.812500 0.670833 0.814063 0.635417 0.815625 0.595833 0.815625 0.579167 0.814063 0.568750 0.810937 0.560417 0.798438 0.529167 0.796875 0.518750 0.796875 0.506250 0.793750 0.510417 0.792188 0.516667 0.792188 0.556250 0.795312 0.579167 0.795312 0.612500 0.798438 0.641667 0.800000 0.679167 0.801562 0.720833 0.803125 0.785417 0.803125 0.789583 0.803125 0.793750 0.801562 0.827083 0.800000 0.850000 0.795312 0.856250 0.784375 0.856250 0.779687 0.850000 0.778125 0.845833 0.776563 0.839583 0.775000 0.822917 0.773438 0.800000 0.773438 0.739583 0.771875 0.737500 0.771875 0.679167 0.775000 0.631250 0.775000 0.520833 0.773438 0.516667 0.771875 0.512500 0.768750 0.506250 0.760938 0.495833 0.759375 0.491667 0.757812 0.487500 0.756250 0.481250 0.754687 0.468750 0.754687 0.456250 0.756250 0.414583 0.759375 0.395833 0.759375 0.379167 0.750000 0.379167 0.740625 0.381250 0.723437 0.385417 0.715625 0.387500 0.701562 0.391667 0.696875 0.393750 0.693750 0.395833 0.692187 0.402083 0.693750 0.418750 0.695312 0.431250 0.696875 0.443750 0.698438 0.454167 0.700000 0.460417 0.710938 0.475000 0.717187 0.485417 0.721875 0.493750 0.725000 0.500000 0.732812 0.516667 0.734375 0.520833 0.735938 0.525000 0.740625 0.539583 0.742188 0.545833 0.743750 0.552083 0.745313 0.560417 0.746875 0.570833 0.748437 0.583333 0.748437 0.645833 0.746875 0.658333 0.745313 0.666667 0.743750 0.675000 0.739062 0.693750 0.735938 0.704167 0.728125 0.722917 0.728125 0.739583 0.732812 0.787500 0.735938 0.802083 0.737500 0.831250 0.740625 0.847917 0.740625 0.860417 0.743750 0.864583 0.757812 0.864583 0.773438 0.860417 0.790625 0.858333 0.800000 0.858333 0.801562 0.860417 0.809375 0.860417 0.839063 0.858333 0.870313 0.862500 0.901563 0.860417 0.903125 0.852083 0.901563 0.835417 0.914062 0.833333 0.923438 0.831250 0.926562 0.829167 0.926562 0.816667 0.925000 0.802083 0.920312 0.783333 0.918750 0.762500 0.917188 0.754167 0.914062 0.745833 0.912500 0.737500 0.912500 0.725000 0.910937 0.714583 0.909375 0.704167 0.906250 0.695833 0.906250 0.687500 0.900000 0.662500 0.896875 0.637500 0.892188 0.620833 0.890625 0.612500 0.885938 0.585417 0.884375 0.566667 0.882812 0.543750 0.882812 0.512500 0.879687 0.487500 0.879687 0.460417 0.876563 0.433333 0.876563 0.406250 0.873437 0.383333 0.854688 0.383333 0.853125 0.375000 0.851562 0.358333 0.837500 0.358333
5 0.828125 0.397917 0.828125 0.400000 0.825000 0.404167 0.820312 0.416667 0.810937 0.441667 0.804688 0.466667 0.801562 0.485417 0.800000 0.500000 0.800000 0.525000 0.801562 0.531250 0.806250 0.543750 0.815625 0.566667 0.817187 0.572917 0.817187 0.602083 0.815625 0.639583 0.814063 0.679167 0.809375 0.733333 0.807813 0.762500 0.807813 0.802083 0.809375 0.806250 0.810937 0.808333 0.817187 0.812500 0.820312 0.812500 0.823438 0.810417 0.826562 0.806250 0.828125 0.802083 0.829688 0.775000 0.829688 0.689583 0.832812 0.637500 0.832812 0.585417 0.835938 0.535417 0.834375 0.395833 0.828125 0.397917
24 0.346875 0.133333 0.342187 0.135417 0.332813 0.141667 0.315625 0.152083 0.312500 0.156250 0.304688 0.158333 0.301563 0.162500 0.298438 0.162500 0.295312 0.166667 0.284375 0.172917 0.276562 0.177083 0.271875 0.179167 0.262500 0.179167 0.259375 0.181250 0.251563 0.189583 0.240625 0.195833 0.235937 0.193750 0.232813 0.193750 0.228125 0.195833 0.226562 0.204167 0.223438 0.206250 0.212500 0.214583 0.209375 0.214583 0.210938 0.233333 0.214062 0.235417 0.215625 0.245833 0.218750 0.250000 0.220312 0.254167 0.221875 0.260417 0.221875 0.266667 0.226562 0.283333 0.229687 0.293750 0.234375 0.308333 0.237500 0.314583 0.240625 0.320833 0.248438 0.331250 0.250000 0.337500 0.254688 0.343750 0.260937 0.343750 0.267188 0.341667 0.270313 0.337500 0.276562 0.337500 0.281250 0.335417 0.289062 0.331250 0.298438 0.325000 0.303125 0.318750 0.306250 0.316667 0.314063 0.312500 0.328125 0.306250 0.342187 0.297917 0.348438 0.291667 0.359375 0.287500 0.387500 0.268750 0.392188 0.264583 0.395313 0.260417 0.396875 0.247917 0.396875 0.243750 0.392188 0.229167 0.389062 0.225000 0.387500 0.218750 0.385937 0.208333 0.381250 0.193750 0.367188 0.150000 0.362500 0.137500 0.359375 0.133333 0.346875 0.133333
3 0.784375 0.354167 0.773438 0.356250 0.765625 0.358333 0.764062 0.362500 0.762500 0.368750 0.760938 0.379167 0.759375 0.400000 0.757812 0.425000 0.756250 0.460417 0.756250 0.466667 0.757812 0.479167 0.759375 0.487500 0.760938 0.491667 0.765625 0.500000 0.773438 0.510417 0.775000 0.514583 0.776563 0.518750 0.778125 0.533333 0.778125 0.539583 0.776563 0.633333 0.773438 0.691667 0.775000 0.783333 0.776563 0.814583 0.778125 0.833333 0.779687 0.845833 0.781250 0.850000 0.784375 0.852083 0.795312 0.852083 0.798438 0.847917 0.800000 0.800000 0.800000 0.779167 0.798438 0.693750 0.796875 0.654167 0.793750 0.627083 0.793750 0.589583 0.789062 0.547917 0.789062 0.518750 0.790625 0.512500 0.792188 0.506250 0.798438 0.491667 0.800000 0.387500 0.800000 0.358333 0.798438 0.354167 0.792188 0.356250 0.784375 0.354167
16 0.418750 0.200000 0.415625 0.204167 0.410938 0.218750 0.410938 0.225000 0.406250 0.231250 0.400000 0.245833 0.398438 0.252083 0.395313 0.275000 0.392188 0.289583 0.389062 0.295833 0.387500 0.310417 0.376563 0.345833 0.376563 0.352083 0.371875 0.368750 0.367188 0.385417 0.364063 0.395833 0.357812 0.410417 0.354687 0.422917 0.354687 0.427083 0.356250 0.437500 0.351562 0.439583 0.345313 0.445833 0.345313 0.450000 0.353125 0.450000 0.365625 0.458333 0.370312 0.460417 0.376563 0.462500 0.382812 0.464583 0.396875 0.466667 0.403125 0.470833 0.407813 0.470833 0.410938 0.468750 0.414062 0.462500 0.428125 0.464583 0.434375 0.464583 0.440625 0.456250 0.446875 0.445833 0.450000 0.437500 0.454688 0.425000 0.459375 0.408333 0.468750 0.383333 0.478125 0.366667 0.481250 0.360417 0.482812 0.354167 0.484375 0.347917 0.484375 0.333333 0.485938 0.325000 0.489063 0.316667 0.489063 0.306250 0.492188 0.297917 0.492188 0.289583 0.498437 0.264583 0.500000 0.260417 0.504687 0.254167 0.504687 0.243750 0.503125 0.237500 0.490625 0.220833 0.485938 0.216667 0.481250 0.212500 0.473438 0.210417 0.467187 0.204167 0.459375 0.200000 0.429688 0.200000 0.418750 0.200000
4 0.190625 0.608333 0.187500 0.610417 0.182812 0.616667 0.181250 0.620833 0.179688 0.627083 0.179688 0.645833 0.181250 0.656250 0.184375 0.666667 0.185938 0.670833 0.187500 0.675000 0.190625 0.681250 0.195312 0.689583 0.201563 0.697917 0.206250 0.702083 0.215625 0.708333 0.220312 0.710417 0.225000 0.712500 0.235937 0.714583 0.239063 0.716667 0.254688 0.737500 0.264062 0.756250 0.271875 0.766667 0.282813 0.787500 0.295312 0.808333 0.304688 0.822917 0.314063 0.837500 0.326562 0.856250 0.339062 0.872917 0.339062 0.875000 0.351562 0.893750 0.353125 0.895833 0.357812 0.900000 0.357812 0.902083 0.362500 0.908333 0.367188 0.910417 0.370312 0.906250 0.370312 0.902083 0.368750 0.897917 0.365625 0.891667 0.362500 0.885417 0.350000 0.866667 0.328125 0.825000 0.317188 0.806250 0.310937 0.795833 0.282813 0.752083 0.265625 0.722917 0.260937 0.714583 0.256250 0.702083 0.254688 0.689583 0.254688 0.664583 0.253125 0.660417 0.250000 0.656250 0.245312 0.654167 0.239063 0.647917 0.232813 0.637500 0.231250 0.635417 0.221875 0.625000 0.210938 0.618750 0.203125 0.610417 0.200000 0.608333 0.190625 0.608333
12 0.775000 0.152083 0.767188 0.154167 0.762500 0.156250 0.754687 0.160417 0.751563 0.162500 0.746875 0.166667 0.742188 0.170833 0.726562 0.191667 0.723437 0.197917 0.721875 0.202083 0.720313 0.206250 0.717187 0.216667 0.715625 0.222917 0.714063 0.229167 0.712500 0.239583 0.710938 0.252083 0.710938 0.262500 0.712500 0.264583 0.712500 0.277083 0.714063 0.283333 0.715625 0.289583 0.723437 0.310417 0.739062 0.331250 0.743750 0.335417 0.753125 0.341667 0.760938 0.345833 0.765625 0.347917 0.773438 0.350000 0.785937 0.350000 0.800000 0.347917 0.806250 0.345833 0.810937 0.343750 0.823438 0.335417 0.829688 0.329167 0.837500 0.320833 0.845313 0.310417 0.848437 0.304167 0.851562 0.297917 0.854688 0.289583 0.859375 0.277083 0.860938 0.264583 0.860938 0.233333 0.859375 0.225000 0.857812 0.216667 0.851562 0.200000 0.848437 0.193750 0.835938 0.177083 0.820312 0.162500 0.810937 0.156250 0.806250 0.154167 0.800000 0.152083 0.775000 0.152083
0 0.604688 0.462500 0.600000 0.464583 0.590625 0.470833 0.581250 0.479167 0.565625 0.489583 0.545312 0.500000 0.540625 0.502083 0.534375 0.504167 0.528125 0.506250 0.498437 0.512500 0.492188 0.514583 0.487500 0.516667 0.484375 0.518750 0.481250 0.522917 0.479687 0.522917 0.478125 0.525000 0.478125 0.527083 0.475000 0.531250 0.473438 0.535417 0.473438 0.547917 0.476562 0.556250 0.484375 0.564583 0.487500 0.566667 0.492188 0.568750 0.507812 0.572917 0.520312 0.572917 0.537500 0.568750 0.548438 0.566667 0.553125 0.564583 0.562500 0.558333 0.567187 0.558333 0.571875 0.556250 0.581250 0.550000 0.606250 0.533333 0.610938 0.529167 0.618750 0.520833 0.629687 0.506250 0.634375 0.497917 0.635938 0.491667 0.635938 0.485417 0.634375 0.477083 0.626563 0.466667 0.623437 0.464583 0.620313 0.462500 0.604688 0.462500
