5 0.650000 0.608333 0.634375 0.612500 0.626563 0.614583 0.621875 0.616667 0.615625 0.622917 0.617188 0.627083 0.621875 0.629167 0.626563 0.631250 0.637500 0.633333 0.664062 0.645833 0.675000 0.650000 0.681250 0.652083 0.689063 0.652083 0.725000 0.666667 0.760938 0.675000 0.775000 0.681250 0.789062 0.683333 0.823438 0.693750 0.843750 0.700000 0.870313 0.710417 0.896875 0.716667 0.909375 0.722917 0.917188 0.725000 0.925000 0.725000 0.929688 0.722917 0.932813 0.720833 0.934375 0.718750 0.934375 0.716667 0.935937 0.712500 0.934375 0.708333 0.931250 0.704167 0.926562 0.700000 0.921875 0.697917 0.917188 0.695833 0.910937 0.693750 0.903125 0.691667 0.887500 0.689583 0.879687 0.685417 0.846875 0.679167 0.815625 0.670833 0.801562 0.664583 0.771875 0.658333 0.765625 0.656250 0.759375 0.654167 0.754687 0.652083 0.750000 0.650000 0.745313 0.645833 0.737500 0.637500 0.728125 0.625000 0.721875 0.618750 0.718750 0.616667 0.715625 0.614583 0.710938 0.612500 0.701562 0.612500 0.692187 0.608333 0.650000 0.608333
9 0.340625 0.427083 0.329688 0.433333 0.296875 0.456250 0.282813 0.464583 0.275000 0.466667 0.260937 0.477083 0.246875 0.483333 0.243750 0.487500 0.242188 0.487500 0.240625 0.502083 0.242188 0.508333 0.246875 0.520833 0.250000 0.525000 0.251563 0.529167 0.253125 0.533333 0.256250 0.550000 0.265625 0.572917 0.267188 0.591667 0.271875 0.591667 0.275000 0.587500 0.279687 0.585417 0.284375 0.585417 0.292187 0.581250 0.304688 0.572917 0.314063 0.570833 0.321875 0.566667 0.346875 0.550000 0.359375 0.545833 0.373437 0.537500 0.376563 0.535417 0.379688 0.533333 0.382812 0.529167 0.387500 0.527083 0.389062 0.525000 0.393750 0.516667 0.395313 0.512500 0.393750 0.506250 0.387500 0.485417 0.382812 0.470833 0.381250 0.466667 0.371875 0.445833 0.370312 0.441667 0.368750 0.439583 0.365625 0.437500 0.354687 0.435417 0.346875 0.427083 0.340625 0.427083
1 0.628125 0.250000 0.625000 0.252083 0.621875 0.254167 0.598437 0.270833 0.590625 0.277083 0.584375 0.283333 0.582812 0.291667 0.585938 0.300000 0.590625 0.308333 0.592187 0.312500 0.595313 0.322917 0.596875 0.341667 0.595313 0.362500 0.595313 0.377083 0.596875 0.381250 0.601562 0.389583 0.610938 0.404167 0.615625 0.412500 0.617188 0.418750 0.626563 0.433333 0.634375 0.447917 0.635938 0.454167 0.640625 0.462500 0.650000 0.477083 0.657813 0.491667 0.664062 0.506250 0.676562 0.529167 0.679688 0.533333 0.681250 0.533333 0.684375 0.537500 0.689063 0.550000 0.695312 0.575000 0.698438 0.579167 0.706250 0.579167 0.709375 0.577083 0.712500 0.575000 0.717187 0.570833 0.726562 0.560417 0.737500 0.547917 0.756250 0.522917 0.759375 0.516667 0.760938 0.512500 0.760938 0.506250 0.759375 0.502083 0.757812 0.500000 0.754687 0.497917 0.751563 0.497917 0.748437 0.495833 0.735938 0.485417 0.731250 0.481250 0.725000 0.472917 0.710938 0.443750 0.706250 0.429167 0.696875 0.410417 0.692187 0.402083 0.682813 0.389583 0.676562 0.375000 0.671875 0.366667 0.657813 0.345833 0.654687 0.337500 0.643750 0.325000 0.640625 0.320833 0.640625 0.318750 0.635938 0.312500 0.635938 0.297917 0.637500 0.293750 0.640625 0.289583 0.640625 0.272917 0.639062 0.266667 0.637500 0.262500 0.635938 0.258333 0.632812 0.254167 0.632812 0.252083 0.628125 0.250000
3 0.678125 0.654167 0.678125 0.658333 0.684375 0.675000 0.696875 0.691667 0.701562 0.695833 0.704688 0.697917 0.707812 0.697917 0.710938 0.700000 0.714063 0.702083 0.718750 0.708333 0.723437 0.718750 0.725000 0.727083 0.726562 0.731250 0.750000 0.787500 0.765625 0.829167 0.773438 0.854167 0.787500 0.891667 0.795312 0.906250 0.801562 0.925000 0.809375 0.943750 0.814063 0.950000 0.818750 0.960417 0.825000 0.977083 0.831250 0.987500 0.837500 0.997917 0.857812 0.997917 0.857812 0.993750 0.856250 0.987500 0.851562 0.975000 0.839063 0.945833 0.839063 0.941667 0.829688 0.922917 0.823438 0.904167 0.806250 0.864583 0.801562 0.854167 0.790625 0.831250 0.759375 0.770833 0.753125 0.754167 0.740625 0.731250 0.735938 0.720833 0.729688 0.704167 0.728125 0.697917 0.726562 0.687500 0.726562 0.668750 0.723437 0.666667 0.718750 0.666667 0.701562 0.658333 0.695312 0.658333 0.689063 0.654167 0.678125 0.654167
3 0.676562 0.552083 0.676562 0.556250 0.670312 0.558333 0.665625 0.560417 0.664062 0.564583 0.656250 0.566667 0.654687 0.575000 0.648438 0.575000 0.650000 0.581250 0.653125 0.591667 0.656250 0.595833 0.656250 0.600000 0.657813 0.604167 0.660937 0.606250 0.668750 0.604167 0.700000 0.604167 0.696875 0.593750 0.693750 0.589583 0.692187 0.585417 0.690625 0.577083 0.687500 0.568750 0.682813 0.558333 0.679688 0.552083 0.676562 0.552083
15 0.192188 0.033333 0.189062 0.035417 0.187500 0.043750 0.182812 0.050000 0.179688 0.058333 0.171875 0.079167 0.170313 0.087500 0.171875 0.143750 0.170313 0.147917 0.162500 0.166667 0.157812 0.181250 0.154688 0.191667 0.153125 0.197917 0.153125 0.204167 0.150000 0.210417 0.150000 0.225000 0.146875 0.237500 0.146875 0.258333 0.148438 0.264583 0.150000 0.268750 0.154688 0.275000 0.154688 0.277083 0.157812 0.281250 0.162500 0.285417 0.167187 0.289583 0.171875 0.291667 0.181250 0.293750 0.200000 0.291667 0.204687 0.293750 0.210938 0.295833 0.220312 0.302083 0.228125 0.304167 0.234375 0.300000 0.237500 0.295833 0.242188 0.283333 0.242188 0.279167 0.248438 0.262500 0.257812 0.245833 0.259375 0.241667 0.262500 0.227083 0.275000 0.195833 0.278125 0.179167 0.281250 0.168750 0.284375 0.160417 0.290625 0.147917 0.292187 0.143750 0.293750 0.125000 0.295312 0.085417 0.295312 0.066667 0.292187 0.064583 0.284375 0.062500 0.279687 0.058333 0.260937 0.050000 0.253125 0.047917 0.245312 0.045833 0.232813 0.045833 0.225000 0.041667 0.217188 0.041667 0.200000 0.033333 0.192188 0.033333
26 0.407813 0.225000 0.396875 0.229167 0.387500 0.229167 0.382812 0.231250 0.375000 0.235417 0.356250 0.245833 0.337500 0.258333 0.318750 0.268750 0.273438 0.293750 0.257812 0.300000 0.242188 0.308333 0.214062 0.327083 0.203125 0.333333 0.192188 0.337500 0.181250 0.343750 0.178125 0.345833 0.175000 0.347917 0.170313 0.354167 0.168750 0.360417 0.167187 0.368750 0.167187 0.377083 0.168750 0.385417 0.173437 0.406250 0.175000 0.412500 0.178125 0.420833 0.182812 0.433333 0.185938 0.439583 0.189062 0.445833 0.196875 0.456250 0.206250 0.466667 0.210938 0.470833 0.214062 0.470833 0.217188 0.472917 0.221875 0.468750 0.225000 0.468750 0.235937 0.460417 0.240625 0.458333 0.245312 0.458333 0.256250 0.452083 0.264062 0.447917 0.275000 0.439583 0.290625 0.433333 0.298438 0.429167 0.309375 0.420833 0.317188 0.418750 0.331250 0.408333 0.339062 0.406250 0.353125 0.397917 0.364063 0.389583 0.385937 0.377083 0.390625 0.375000 0.395313 0.375000 0.412500 0.366667 0.417187 0.364583 0.423438 0.356250 0.423438 0.335417 0.425000 0.325000 0.432812 0.297917 0.432812 0.293750 0.429688 0.281250 0.417187 0.247917 0.412500 0.233333 0.410938 0.227083 0.407813 0.225000
22 0.714063 0.187500 0.703125 0.191667 0.698438 0.195833 0.687500 0.197917 0.671875 0.204167 0.662500 0.208333 0.648438 0.216667 0.639062 0.218750 0.634375 0.220833 0.612500 0.231250 0.606250 0.235417 0.604688 0.239583 0.604688 0.245833 0.606250 0.247917 0.606250 0.256250 0.610938 0.260417 0.614062 0.258333 0.626563 0.247917 0.629687 0.245833 0.635938 0.254167 0.639062 0.262500 0.642188 0.264583 0.648438 0.262500 0.653125 0.260417 0.657813 0.256250 0.701562 0.237500 0.715625 0.233333 0.721875 0.231250 0.725000 0.227083 0.726562 0.227083 0.728125 0.210417 0.726562 0.202083 0.725000 0.195833 0.723437 0.191667 0.720313 0.187500 0.714063 0.187500
0 0.239063 0.464583 0.234375 0.466667 0.226562 0.470833 0.223438 0.475000 0.220312 0.475000 0.204687 0.495833 0.201563 0.502083 0.196875 0.512500 0.195312 0.516667 0.193750 0.520833 0.189062 0.537500 0.179688 0.568750 0.175000 0.587500 0.170313 0.608333 0.168750 0.622917 0.164062 0.637500 0.162500 0.650000 0.160938 0.664583 0.160938 0.745833 0.162500 0.760417 0.164062 0.768750 0.168750 0.787500 0.175000 0.806250 0.176563 0.810417 0.182812 0.825000 0.185938 0.831250 0.190625 0.839583 0.195312 0.847917 0.206250 0.862500 0.217188 0.875000 0.221875 0.879167 0.232813 0.887500 0.235937 0.889583 0.239063 0.891667 0.243750 0.893750 0.250000 0.895833 0.273438 0.895833 0.300000 0.885417 0.318750 0.883333 0.339062 0.883333 0.342187 0.881250 0.346875 0.877083 0.350000 0.870833 0.348438 0.854167 0.342187 0.852083 0.317188 0.852083 0.309375 0.850000 0.301563 0.845833 0.298438 0.843750 0.295312 0.841667 0.290625 0.837500 0.273438 0.820833 0.265625 0.812500 0.246875 0.787500 0.243750 0.781250 0.242188 0.777083 0.240625 0.772917 0.235937 0.758333 0.234375 0.752083 0.231250 0.737500 0.229687 0.725000 0.229687 0.664583 0.231250 0.654167 0.235937 0.627083 0.239063 0.620833 0.243750 0.597917 0.250000 0.566667 0.251563 0.558333 0.251563 0.539583 0.250000 0.533333 0.246875 0.522917 0.242188 0.514583 0.239063 0.504167 0.237500 0.491667 0.250000 0.475000 0.250000 0.470833 0.248438 0.466667 0.239063 0.464583
0 0.478125 0.535417 0.473438 0.537500 0.467187 0.545833 0.457813 0.560417 0.453125 0.568750 0.451562 0.575000 0.446875 0.581250 0.435937 0.597917 0.431250 0.608333 0.426563 0.616667 0.425000 0.625000 0.418750 0.633333 0.414062 0.635417 0.406250 0.643750 0.403125 0.650000 0.401562 0.652083 0.395313 0.656250 0.393750 0.658333 0.387500 0.670833 0.379688 0.681250 0.376563 0.689583 0.378125 0.697917 0.376563 0.702083 0.373437 0.706250 0.371875 0.712500 0.365625 0.737500 0.364063 0.747917 0.364063 0.770833 0.370312 0.779167 0.370312 0.797917 0.373437 0.806250 0.375000 0.810417 0.376563 0.812500 0.382812 0.818750 0.387500 0.822917 0.392188 0.825000 0.395313 0.827083 0.396875 0.829167 0.398438 0.833333 0.398438 0.850000 0.400000 0.858333 0.401562 0.862500 0.403125 0.864583 0.406250 0.866667 0.412500 0.870833 0.428125 0.872917 0.431250 0.872917 0.440625 0.870833 0.454688 0.872917 0.457813 0.870833 0.462500 0.866667 0.465625 0.862500 0.467187 0.856250 0.470313 0.843750 0.471875 0.831250 0.471875 0.825000 0.470313 0.812500 0.479687 0.800000 0.481250 0.793750 0.482812 0.785417 0.482812 0.779167 0.481250 0.764583 0.478125 0.756250 0.484375 0.747917 0.485938 0.739583 0.485938 0.710417 0.487500 0.700000 0.490625 0.689583 0.490625 0.679167 0.493750 0.670833 0.495312 0.660417 0.495312 0.647917 0.496875 0.641667 0.500000 0.637500 0.506250 0.633333 0.509375 0.627083 0.510938 0.620833 0.512500 0.618750 0.514062 0.618750 0.515625 0.616667 0.515625 0.614583 0.518750 0.610417 0.521875 0.602083 0.523438 0.595833 0.521875 0.591667 0.520312 0.589583 0.509375 0.577083 0.503125 0.572917 0.500000 0.568750 0.500000 0.564583 0.504687 0.560417 0.506250 0.554167 0.504687 0.550000 0.500000 0.543750 0.496875 0.541667 0.493750 0.541667 0.490625 0.537500 0.487500 0.535417 0.478125 0.535417
0 0.557813 0.550000 0.553125 0.552083 0.545312 0.560417 0.539062 0.570833 0.535937 0.581250 0.532813 0.587500 0.525000 0.600000 0.521875 0.606250 0.515625 0.627083 0.509375 0.637500 0.507812 0.650000 0.506250 0.654167 0.501563 0.662500 0.498437 0.670833 0.498437 0.677083 0.496875 0.683333 0.492188 0.691667 0.490625 0.697917 0.489063 0.706250 0.487500 0.720833 0.487500 0.729167 0.489063 0.737500 0.493750 0.750000 0.496875 0.754167 0.500000 0.756250 0.512500 0.756250 0.515625 0.754167 0.518750 0.752083 0.526563 0.741667 0.529687 0.735417 0.534375 0.718750 0.545312 0.695833 0.550000 0.677083 0.559375 0.652083 0.570312 0.627083 0.584375 0.589583 0.585938 0.579167 0.584375 0.570833 0.582812 0.566667 0.581250 0.562500 0.575000 0.554167 0.571875 0.552083 0.568750 0.550000 0.557813 0.550000
0 0.585938 0.629167 0.582812 0.631250 0.576562 0.639583 0.557813 0.666667 0.556250 0.670833 0.554688 0.675000 0.553125 0.683333 0.550000 0.691667 0.543750 0.702083 0.542188 0.706250 0.540625 0.710417 0.531250 0.737500 0.528125 0.758333 0.525000 0.764583 0.523438 0.770833 0.521875 0.781250 0.521875 0.814583 0.523438 0.822917 0.525000 0.827083 0.526563 0.831250 0.531250 0.837500 0.534375 0.839583 0.548438 0.839583 0.551562 0.837500 0.556250 0.831250 0.560937 0.820833 0.562500 0.810417 0.565625 0.806250 0.567187 0.802083 0.567187 0.793750 0.568750 0.787500 0.573438 0.777083 0.573438 0.768750 0.575000 0.762500 0.576562 0.756250 0.578125 0.752083 0.582812 0.745833 0.584375 0.741667 0.585938 0.731250 0.590625 0.720833 0.595313 0.714583 0.600000 0.700000 0.607812 0.685417 0.612500 0.672917 0.614062 0.666667 0.614062 0.650000 0.612500 0.643750 0.609375 0.637500 0.606250 0.633333 0.603125 0.631250 0.598437 0.629167 0.585938 0.629167
6 0.664062 0.650000 0.665625 0.654167 0.668750 0.668750 0.671875 0.675000 0.673438 0.685417 0.675000 0.697917 0.675000 0.702083 0.673438 0.725000 0.671875 0.735417 0.670312 0.745833 0.667188 0.758333 0.662500 0.770833 0.662500 0.777083 0.659375 0.787500 0.657813 0.791667 0.654687 0.795833 0.654687 0.800000 0.651563 0.804167 0.651563 0.808333 0.646875 0.816667 0.643750 0.822917 0.639062 0.831250 0.629687 0.845833 0.625000 0.850000 0.623437 0.854167 0.623437 0.877083 0.628125 0.935417 0.629687 0.956250 0.632812 0.972917 0.634375 0.997917 0.831250 0.997917 0.829688 0.993750 0.829688 0.989583 0.828125 0.985417 0.823438 0.981250 0.820312 0.975000 0.820312 0.970833 0.818750 0.966667 0.814063 0.960417 0.806250 0.943750 0.798438 0.925000 0.787500 0.897917 0.778125 0.875000 0.773438 0.858333 0.765625 0.837500 0.762500 0.833333 0.760938 0.829167 0.746875 0.787500 0.739062 0.772917 0.737500 0.768750 0.735938 0.760417 0.731250 0.752083 0.726562 0.735417 0.723437 0.731250 0.720313 0.720833 0.718750 0.714583 0.714063 0.710417 0.714063 0.708333 0.710938 0.704167 0.704688 0.702083 0.701562 0.700000 0.696875 0.695833 0.692187 0.691667 0.681250 0.677083 0.673438 0.650000 0.670312 0.650000 0.668750 0.647917 0.664062 0.650000
6 0.940625 0.518750 0.929688 0.522917 0.901563 0.522917 0.856250 0.522917 0.851562 0.522917 0.850000 0.520833 0.843750 0.520833 0.825000 0.525000 0.818750 0.525000 0.789062 0.522917 0.764062 0.525000 0.757812 0.527083 0.754687 0.529167 0.742188 0.547917 0.731250 0.560417 0.720313 0.572917 0.717187 0.575000 0.714063 0.577083 0.706250 0.581250 0.698438 0.581250 0.695312 0.577083 0.692187 0.568750 0.689063 0.556250 0.685937 0.552083 0.682813 0.539583 0.678125 0.537500 0.678125 0.533333 0.671875 0.533333 0.657813 0.537500 0.621875 0.539583 0.614062 0.537500 0.614062 0.541667 0.617188 0.545833 0.623437 0.554167 0.631250 0.558333 0.634375 0.562500 0.642188 0.575000 0.646875 0.589583 0.650000 0.595833 0.650000 0.587500 0.646875 0.583333 0.645312 0.579167 0.645312 0.572917 0.648438 0.568750 0.653125 0.566667 0.654687 0.562500 0.662500 0.562500 0.664062 0.556250 0.667188 0.554167 0.671875 0.554167 0.675000 0.545833 0.676562 0.550000 0.682813 0.556250 0.684375 0.560417 0.684375 0.564583 0.690625 0.579167 0.693750 0.585417 0.701562 0.595833 0.701562 0.600000 0.704688 0.606250 0.707812 0.608333 0.712500 0.608333 0.725000 0.616667 0.732812 0.625000 0.742188 0.637500 0.746875 0.639583 0.751563 0.645833 0.756250 0.647917 0.760938 0.650000 0.767188 0.650000 0.773438 0.654167 0.779687 0.656250 0.798438 0.658333 0.804688 0.660417 0.817187 0.666667 0.826562 0.666667 0.832812 0.670833 0.842187 0.670833 0.857812 0.677083 0.867188 0.677083 0.881250 0.681250 0.893750 0.687500 0.904687 0.687500 0.917188 0.691667 0.923438 0.693750 0.932813 0.700000 0.935937 0.704167 0.939063 0.710417 0.939063 0.714583 0.937500 0.718750 0.935937 0.722917 0.934375 0.725000 0.931250 0.727083 0.907813 0.727083 0.896875 0.722917 0.884375 0.716667 0.876563 0.716667 0.870313 0.712500 0.851562 0.706250 0.843750 0.706250 0.829688 0.702083 0.823438 0.700000 0.817187 0.695833 0.796875 0.691667 0.784375 0.685417 0.768750 0.683333 0.740625 0.672917 0.731250 0.672917 0.729688 0.683333 0.729688 0.687500 0.731250 0.697917 0.732812 0.704167 0.734375 0.708333 0.737500 0.712500 0.737500 0.716667 0.739062 0.720833 0.745313 0.731250 0.748437 0.741667 0.756250 0.754167 0.757812 0.758333 0.759375 0.760417 0.760938 0.766667 0.762500 0.770833 0.765625 0.777083 0.770312 0.783333 0.771875 0.789583 0.776563 0.795833 0.778125 0.802083 0.782813 0.808333 0.785937 0.814583 0.787500 0.820833 0.792188 0.827083 0.795312 0.837500 0.803125 0.850000 0.807813 0.860417 0.814063 0.875000 0.820312 0.893750 0.829688 0.912500 0.837500 0.931250 0.846875 0.954167 0.848437 0.958333 0.850000 0.966667 0.853125 0.970833 0.859375 0.991667 0.865625 0.997917 0.987500 0.997917 0.985938 0.985417 0.987500 0.981250 0.984375 0.966667 0.982812 0.947917 0.982812 0.929167 0.979688 0.910417 0.978125 0.862500 0.975000 0.841667 0.975000 0.802083 0.971875 0.775000 0.970313 0.745833 0.970313 0.716667 0.968750 0.683333 0.967187 0.660417 0.964063 0.639583 0.964063 0.616667 0.960938 0.593750 0.960938 0.568750 0.957812 0.556250 0.957812 0.547917 0.959375 0.529167 0.957812 0.527083 0.957812 0.518750 0.940625 0.518750
12 0.504687 0.237500 0.493750 0.239583 0.479687 0.245833 0.467187 0.254167 0.462500 0.258333 0.457813 0.262500 0.443750 0.281250 0.440625 0.287500 0.435937 0.295833 0.434375 0.302083 0.429688 0.316667 0.428125 0.322917 0.426563 0.331250 0.426563 0.379167 0.434375 0.404167 0.437500 0.414583 0.439063 0.418750 0.451562 0.435417 0.457813 0.441667 0.468750 0.450000 0.484375 0.458333 0.495312 0.462500 0.515625 0.464583 0.523438 0.464583 0.534375 0.460417 0.539062 0.458333 0.543750 0.456250 0.550000 0.452083 0.554688 0.450000 0.560937 0.443750 0.565625 0.439583 0.571875 0.431250 0.571875 0.427083 0.578125 0.418750 0.581250 0.412500 0.584375 0.406250 0.585938 0.402083 0.587500 0.397917 0.592187 0.383333 0.593750 0.377083 0.595313 0.358333 0.595313 0.341667 0.593750 0.325000 0.592187 0.316667 0.590625 0.310417 0.587500 0.302083 0.582812 0.289583 0.579688 0.283333 0.564063 0.262500 0.557813 0.256250 0.546875 0.247917 0.543750 0.245833 0.540625 0.243750 0.535937 0.241667 0.529687 0.239583 0.520312 0.237500 0.504687 0.237500
8 0.928125 0.293750 0.921875 0.295833 0.915625 0.300000 0.907813 0.302083 0.900000 0.302083 0.892188 0.304167 0.884375 0.310417 0.879687 0.310417 0.868750 0.318750 0.860938 0.322917 0.856250 0.325000 0.845313 0.327083 0.840625 0.329167 0.837500 0.333333 0.826562 0.337500 0.815625 0.345833 0.807813 0.350000 0.800000 0.354167 0.790625 0.356250 0.784375 0.360417 0.778125 0.366667 0.775000 0.366667 0.767188 0.372917 0.762500 0.377083 0.751563 0.391667 0.748437 0.397917 0.742188 0.414583 0.740625 0.422917 0.740625 0.452083 0.742188 0.460417 0.745313 0.470833 0.746875 0.475000 0.750000 0.479167 0.750000 0.483333 0.759375 0.495833 0.759375 0.500000 0.764062 0.506250 0.767188 0.508333 0.771875 0.508333 0.775000 0.512500 0.779687 0.512500 0.787500 0.518750 0.796875 0.520833 0.818750 0.522917 0.843750 0.522917 0.892188 0.522917 0.895312 0.522917 0.937500 0.520833 0.964063 0.512500 0.968750 0.508333 0.978125 0.508333 0.984375 0.506250 0.998437 0.495833 0.998437 0.306250 0.995313 0.304167 0.990625 0.302083 0.981250 0.297917 0.975000 0.295833 0.967187 0.293750 0.928125 0.293750
