4 0.529687 0.550000 0.520312 0.552083 0.517188 0.554167 0.514062 0.558333 0.512500 0.558333 0.510938 0.560417 0.506250 0.568750 0.504687 0.575000 0.503125 0.589583 0.503125 0.597917 0.504687 0.606250 0.507812 0.616667 0.510938 0.622917 0.515625 0.631250 0.525000 0.643750 0.532813 0.652083 0.537500 0.656250 0.546875 0.662500 0.554688 0.666667 0.564063 0.668750 0.593750 0.668750 0.598437 0.670833 0.601562 0.672917 0.604688 0.675000 0.626563 0.704167 0.646875 0.727083 0.670312 0.758333 0.687500 0.779167 0.698438 0.791667 0.707812 0.800000 0.718750 0.814583 0.734375 0.831250 0.742188 0.839583 0.771875 0.866667 0.781250 0.879167 0.787500 0.883333 0.790625 0.883333 0.793750 0.881250 0.798438 0.872917 0.800000 0.866667 0.796875 0.860417 0.785937 0.843750 0.781250 0.837500 0.775000 0.833333 0.765625 0.822917 0.754687 0.808333 0.745313 0.797917 0.721875 0.772917 0.695312 0.745833 0.689063 0.739583 0.678125 0.731250 0.667188 0.718750 0.642188 0.697917 0.621875 0.677083 0.615625 0.670833 0.610938 0.664583 0.607812 0.658333 0.606250 0.654167 0.604688 0.647917 0.603125 0.639583 0.601562 0.622917 0.600000 0.614583 0.598437 0.608333 0.596875 0.604167 0.595313 0.600000 0.590625 0.591667 0.584375 0.581250 0.582812 0.579167 0.576562 0.572917 0.570312 0.566667 0.565625 0.562500 0.553125 0.554167 0.548438 0.552083 0.539062 0.552083 0.537500 0.550000 0.529687 0.550000
3 0.598437 0.416667 0.589063 0.427083 0.587500 0.435417 0.579688 0.433333 0.578125 0.437500 0.578125 0.441667 0.575000 0.445833 0.571875 0.443750 0.571875 0.447917 0.578125 0.464583 0.582812 0.475000 0.587500 0.485417 0.595313 0.502083 0.598437 0.508333 0.606250 0.520833 0.612500 0.537500 0.620313 0.547917 0.626563 0.552083 0.629687 0.554167 0.639062 0.558333 0.643750 0.562500 0.651563 0.572917 0.657813 0.587500 0.668750 0.604167 0.671875 0.612500 0.678125 0.631250 0.684375 0.645833 0.690625 0.656250 0.693750 0.666667 0.706250 0.693750 0.720313 0.722917 0.729688 0.741667 0.737500 0.756250 0.750000 0.779167 0.754687 0.787500 0.759375 0.795833 0.770312 0.814583 0.776563 0.825000 0.785937 0.837500 0.792188 0.837500 0.798438 0.833333 0.801562 0.829167 0.800000 0.820833 0.792188 0.802083 0.787500 0.795833 0.775000 0.766667 0.771875 0.760417 0.757812 0.733333 0.750000 0.718750 0.742188 0.704167 0.735938 0.695833 0.714063 0.654167 0.706250 0.643750 0.682813 0.604167 0.662500 0.568750 0.659375 0.562500 0.657813 0.558333 0.656250 0.552083 0.654687 0.545833 0.653125 0.520833 0.651563 0.516667 0.650000 0.512500 0.646875 0.506250 0.643750 0.500000 0.635938 0.485417 0.628125 0.475000 0.623437 0.464583 0.607812 0.431250 0.603125 0.422917 0.598437 0.416667
2 0.193750 0.322917 0.185938 0.325000 0.170313 0.329167 0.164062 0.331250 0.146875 0.339583 0.120313 0.347917 0.112500 0.350000 0.112500 0.356250 0.114062 0.358333 0.114062 0.366667 0.118750 0.389583 0.126562 0.418750 0.134375 0.458333 0.135937 0.466667 0.135937 0.475000 0.137500 0.483333 0.148438 0.531250 0.148438 0.539583 0.151562 0.550000 0.154688 0.550000 0.164062 0.545833 0.171875 0.539583 0.187500 0.537500 0.193750 0.533333 0.200000 0.531250 0.207813 0.531250 0.223438 0.522917 0.234375 0.518750 0.240625 0.518750 0.246875 0.514583 0.250000 0.512500 0.251563 0.500000 0.250000 0.491667 0.240625 0.452083 0.232813 0.412500 0.231250 0.393750 0.229687 0.385417 0.228125 0.377083 0.225000 0.362500 0.223438 0.356250 0.221875 0.352083 0.218750 0.345833 0.210938 0.335417 0.206250 0.329167 0.200000 0.322917 0.193750 0.322917
26 0.817187 0.093750 0.809375 0.095833 0.804688 0.097917 0.796875 0.102083 0.787500 0.108333 0.781250 0.114583 0.775000 0.120833 0.765625 0.135417 0.759375 0.150000 0.740625 0.177083 0.725000 0.195833 0.723437 0.197917 0.723437 0.200000 0.720313 0.204167 0.720313 0.212500 0.717187 0.225000 0.707812 0.258333 0.707812 0.268750 0.709375 0.272917 0.712500 0.279167 0.715625 0.285417 0.729688 0.304167 0.734375 0.308333 0.742188 0.312500 0.759375 0.312500 0.762500 0.308333 0.773438 0.302083 0.781250 0.297917 0.789062 0.297917 0.790625 0.293750 0.793750 0.295833 0.800000 0.293750 0.804688 0.287500 0.818750 0.279167 0.823438 0.279167 0.828125 0.275000 0.839063 0.264583 0.853125 0.256250 0.859375 0.250000 0.876563 0.227083 0.884375 0.214583 0.885938 0.206250 0.887500 0.195833 0.889062 0.185417 0.889062 0.160417 0.887500 0.152083 0.885938 0.143750 0.884375 0.137500 0.879687 0.127083 0.864062 0.106250 0.851562 0.097917 0.846875 0.095833 0.842187 0.093750 0.817187 0.093750
0 0.332813 0.406250 0.329688 0.410417 0.328125 0.414583 0.326562 0.420833 0.326562 0.427083 0.328125 0.433333 0.331250 0.441667 0.335938 0.454167 0.343750 0.464583 0.356250 0.472917 0.364063 0.477083 0.368750 0.479167 0.373437 0.481250 0.379688 0.483333 0.389062 0.483333 0.393750 0.481250 0.396875 0.479167 0.400000 0.477083 0.404687 0.472917 0.409375 0.466667 0.409375 0.460417 0.406250 0.454167 0.404687 0.445833 0.404687 0.422917 0.406250 0.416667 0.409375 0.412500 0.406250 0.410417 0.400000 0.408333 0.365625 0.406250 0.332813 0.406250
0 0.426563 0.397917 0.421875 0.400000 0.418750 0.402083 0.409375 0.414583 0.407813 0.418750 0.406250 0.425000 0.406250 0.445833 0.407813 0.452083 0.409375 0.458333 0.414062 0.464583 0.425000 0.470833 0.434375 0.470833 0.440625 0.468750 0.446875 0.466667 0.485938 0.450000 0.493750 0.445833 0.498437 0.439583 0.498437 0.431250 0.495312 0.425000 0.495312 0.418750 0.492188 0.410417 0.489063 0.406250 0.485938 0.404167 0.476562 0.402083 0.465625 0.400000 0.453125 0.397917 0.426563 0.397917
0 0.471875 0.358333 0.471875 0.362500 0.467187 0.368750 0.464062 0.368750 0.459375 0.375000 0.454688 0.375000 0.448437 0.370833 0.445312 0.370833 0.442188 0.372917 0.434375 0.383333 0.432812 0.387500 0.432812 0.395833 0.451562 0.395833 0.464062 0.397917 0.476562 0.400000 0.485938 0.402083 0.489063 0.404167 0.493750 0.410417 0.495312 0.416667 0.498437 0.418750 0.501563 0.416667 0.506250 0.410417 0.518750 0.400000 0.520312 0.400000 0.521875 0.397917 0.523438 0.393750 0.525000 0.387500 0.525000 0.368750 0.523438 0.364583 0.520312 0.360417 0.509375 0.358333 0.478125 0.356250 0.471875 0.358333
0 0.470313 0.247917 0.465625 0.254167 0.464062 0.258333 0.462500 0.266667 0.464062 0.275000 0.467187 0.275000 0.476562 0.264583 0.487500 0.254167 0.490625 0.252083 0.496875 0.254167 0.496875 0.256250 0.500000 0.260417 0.501563 0.266667 0.501563 0.275000 0.495312 0.285417 0.489063 0.293750 0.479687 0.312500 0.478125 0.316667 0.478125 0.325000 0.481250 0.335417 0.482812 0.339583 0.484375 0.343750 0.489063 0.350000 0.489063 0.352083 0.492188 0.356250 0.507812 0.356250 0.510938 0.354167 0.514062 0.352083 0.521875 0.343750 0.523438 0.343750 0.525000 0.341667 0.525000 0.339583 0.528125 0.335417 0.529687 0.331250 0.529687 0.308333 0.528125 0.302083 0.523438 0.293750 0.521875 0.285417 0.520312 0.281250 0.517188 0.275000 0.514062 0.268750 0.506250 0.260417 0.501563 0.256250 0.498437 0.256250 0.496875 0.252083 0.492188 0.252083 0.487500 0.247917 0.470313 0.247917
0 0.329688 0.225000 0.321875 0.227083 0.318750 0.229167 0.315625 0.233333 0.315625 0.250000 0.317188 0.258333 0.323437 0.289583 0.326562 0.293750 0.370312 0.295833 0.376563 0.295833 0.376563 0.287500 0.379688 0.283333 0.381250 0.279167 0.381250 0.272917 0.378125 0.266667 0.370312 0.254167 0.364063 0.243750 0.353125 0.229167 0.350000 0.227083 0.345313 0.225000 0.329688 0.225000
0 0.312500 0.295833 0.309375 0.297917 0.306250 0.300000 0.304688 0.302083 0.303125 0.306250 0.301563 0.312500 0.301563 0.331250 0.303125 0.339583 0.304688 0.345833 0.306250 0.352083 0.307812 0.356250 0.315625 0.366667 0.320312 0.370833 0.326562 0.377083 0.335938 0.379167 0.351562 0.379167 0.373437 0.377083 0.379688 0.372917 0.387500 0.368750 0.393750 0.364583 0.396875 0.360417 0.396875 0.352083 0.395313 0.345833 0.390625 0.337500 0.389062 0.333333 0.390625 0.314583 0.389062 0.308333 0.384375 0.306250 0.379688 0.300000 0.375000 0.297917 0.368750 0.295833 0.312500 0.295833
0 0.403125 0.354167 0.400000 0.356250 0.398438 0.362500 0.395313 0.366667 0.392188 0.368750 0.389062 0.370833 0.381250 0.372917 0.378125 0.377083 0.375000 0.379167 0.364063 0.381250 0.331250 0.381250 0.332813 0.389583 0.335938 0.391667 0.339062 0.391667 0.350000 0.400000 0.357812 0.404167 0.364063 0.406250 0.398438 0.406250 0.409375 0.410417 0.412500 0.408333 0.421875 0.397917 0.423438 0.393750 0.423438 0.383333 0.417187 0.366667 0.410938 0.354167 0.403125 0.354167
0 0.296875 0.352083 0.296875 0.360417 0.298438 0.364583 0.303125 0.370833 0.306250 0.372917 0.310937 0.375000 0.315625 0.377083 0.326562 0.377083 0.323437 0.375000 0.318750 0.370833 0.314063 0.364583 0.312500 0.364583 0.309375 0.360417 0.304688 0.347917 0.296875 0.352083
0 0.489063 0.256250 0.485938 0.258333 0.481250 0.264583 0.476562 0.266667 0.471875 0.272917 0.467187 0.277083 0.464062 0.279167 0.453125 0.281250 0.443750 0.281250 0.439063 0.279167 0.435937 0.275000 0.434375 0.268750 0.428125 0.272917 0.426563 0.279167 0.426563 0.285417 0.425000 0.289583 0.421875 0.293750 0.420312 0.297917 0.418750 0.304167 0.418750 0.320833 0.420312 0.329167 0.421875 0.337500 0.423438 0.343750 0.426563 0.350000 0.439063 0.366667 0.442188 0.366667 0.443750 0.368750 0.451562 0.370833 0.459375 0.370833 0.462500 0.368750 0.465625 0.366667 0.470313 0.360417 0.471875 0.339583 0.470313 0.329167 0.471875 0.325000 0.473438 0.320833 0.476562 0.314583 0.487500 0.293750 0.492188 0.285417 0.500000 0.275000 0.500000 0.266667 0.498437 0.262500 0.493750 0.256250 0.489063 0.256250
0 0.395313 0.185417 0.392188 0.187500 0.389062 0.189583 0.379688 0.202083 0.379688 0.210417 0.382812 0.214583 0.393750 0.227083 0.395313 0.231250 0.395313 0.239583 0.393750 0.250000 0.392188 0.256250 0.390625 0.262500 0.379688 0.285417 0.379688 0.293750 0.385937 0.302083 0.389062 0.304167 0.396875 0.304167 0.404687 0.295833 0.409375 0.289583 0.417187 0.281250 0.421875 0.279167 0.429688 0.268750 0.434375 0.268750 0.437500 0.272917 0.437500 0.275000 0.443750 0.279167 0.451562 0.279167 0.453125 0.277083 0.457813 0.277083 0.459375 0.272917 0.460938 0.266667 0.462500 0.254167 0.462500 0.247917 0.457813 0.237500 0.457813 0.220833 0.456250 0.216667 0.448437 0.202083 0.439063 0.189583 0.434375 0.187500 0.429688 0.185417 0.395313 0.185417
1 0.487500 0.522917 0.470313 0.525000 0.457813 0.527083 0.437500 0.531250 0.429688 0.533333 0.425000 0.535417 0.418750 0.539583 0.415625 0.543750 0.415625 0.554167 0.418750 0.562500 0.418750 0.579167 0.420312 0.591667 0.421875 0.600000 0.428125 0.622917 0.429688 0.631250 0.432812 0.654167 0.434375 0.681250 0.439063 0.700000 0.440625 0.710417 0.440625 0.766667 0.442188 0.789583 0.443750 0.804167 0.445312 0.816667 0.446875 0.829167 0.451562 0.850000 0.451562 0.881250 0.453125 0.885417 0.454688 0.887500 0.457813 0.889583 0.467187 0.889583 0.481250 0.883333 0.492188 0.877083 0.501563 0.870833 0.506250 0.866667 0.515625 0.856250 0.520312 0.854167 0.523438 0.858333 0.525000 0.858333 0.528125 0.860417 0.525000 0.856250 0.526563 0.852083 0.523438 0.845833 0.521875 0.837500 0.520312 0.829167 0.520312 0.816667 0.517188 0.810417 0.515625 0.802083 0.514062 0.791667 0.509375 0.756250 0.506250 0.718750 0.501563 0.693750 0.500000 0.681250 0.500000 0.668750 0.496875 0.656250 0.495312 0.627083 0.487500 0.577083 0.485938 0.560417 0.485938 0.552083 0.487500 0.545833 0.489063 0.541667 0.492188 0.537500 0.493750 0.533333 0.493750 0.522917 0.487500 0.522917
0 0.357812 0.627083 0.353125 0.629167 0.350000 0.631250 0.346875 0.633333 0.340625 0.639583 0.310937 0.679167 0.301563 0.687500 0.287500 0.706250 0.273438 0.720833 0.259375 0.739583 0.253125 0.745833 0.235937 0.760417 0.225000 0.775000 0.215625 0.783333 0.214062 0.789583 0.215625 0.793750 0.218750 0.797917 0.232813 0.814583 0.243750 0.827083 0.254688 0.839583 0.268750 0.852083 0.284375 0.864583 0.295312 0.870833 0.298438 0.868750 0.303125 0.862500 0.304688 0.858333 0.306250 0.852083 0.307812 0.845833 0.309375 0.827083 0.310937 0.820833 0.314063 0.814583 0.314063 0.808333 0.315625 0.802083 0.323437 0.783333 0.325000 0.768750 0.326562 0.762500 0.335938 0.739583 0.342187 0.712500 0.346875 0.702083 0.348438 0.691667 0.353125 0.681250 0.356250 0.670833 0.356250 0.664583 0.357812 0.660417 0.360938 0.656250 0.362500 0.650000 0.364063 0.643750 0.362500 0.627083 0.357812 0.627083
14 0.628125 0.102083 0.621875 0.104167 0.615625 0.106250 0.610938 0.108333 0.598437 0.116667 0.593750 0.120833 0.575000 0.145833 0.570312 0.154167 0.568750 0.158333 0.567187 0.162500 0.565625 0.172917 0.560937 0.183333 0.560937 0.189583 0.557813 0.193750 0.556250 0.200000 0.556250 0.237500 0.557813 0.256250 0.559375 0.260417 0.560937 0.264583 0.567187 0.279167 0.578125 0.293750 0.582812 0.295833 0.587500 0.302083 0.592187 0.306250 0.595313 0.308333 0.598437 0.310417 0.606250 0.310417 0.614062 0.314583 0.626563 0.314583 0.629687 0.312500 0.635938 0.306250 0.642188 0.297917 0.646875 0.293750 0.651563 0.289583 0.654687 0.287500 0.659375 0.285417 0.664062 0.283333 0.671875 0.281250 0.695312 0.281250 0.700000 0.275000 0.704688 0.264583 0.709375 0.252083 0.712500 0.241667 0.710938 0.235417 0.712500 0.229167 0.717187 0.218750 0.718750 0.212500 0.718750 0.197917 0.717187 0.185417 0.715625 0.177083 0.712500 0.168750 0.706250 0.152083 0.701562 0.141667 0.696875 0.133333 0.695312 0.131250 0.689063 0.125000 0.684375 0.120833 0.676562 0.114583 0.673438 0.112500 0.670312 0.110417 0.656250 0.104167 0.650000 0.102083 0.628125 0.102083
6 0.607812 0.383333 0.606250 0.393750 0.606250 0.404167 0.607812 0.414583 0.609375 0.420833 0.610938 0.425000 0.614062 0.431250 0.618750 0.437500 0.620313 0.443750 0.629687 0.456250 0.632812 0.458333 0.639062 0.460417 0.651563 0.462500 0.665625 0.462500 0.673438 0.460417 0.678125 0.458333 0.682813 0.456250 0.685937 0.454167 0.689063 0.450000 0.696875 0.447917 0.704688 0.443750 0.710938 0.437500 0.717187 0.429167 0.721875 0.427083 0.726562 0.420833 0.729688 0.420833 0.732812 0.425000 0.732812 0.429167 0.737500 0.439583 0.742188 0.450000 0.751563 0.462500 0.757812 0.468750 0.762500 0.470833 0.767188 0.477083 0.773438 0.479167 0.773438 0.483333 0.765625 0.485417 0.760938 0.483333 0.739062 0.485417 0.729688 0.489583 0.715625 0.489583 0.712500 0.491667 0.709375 0.495833 0.709375 0.504167 0.710938 0.520833 0.714063 0.537500 0.715625 0.558333 0.714063 0.564583 0.715625 0.575000 0.718750 0.583333 0.720313 0.597917 0.721875 0.610417 0.723437 0.629167 0.723437 0.650000 0.725000 0.656250 0.731250 0.660417 0.735938 0.656250 0.748437 0.654167 0.762500 0.654167 0.773438 0.650000 0.778125 0.652083 0.790625 0.647917 0.793750 0.650000 0.804688 0.647917 0.817187 0.643750 0.828125 0.643750 0.831250 0.645833 0.832812 0.650000 0.832812 0.670833 0.835938 0.685417 0.837500 0.720833 0.840625 0.735417 0.840625 0.754167 0.842187 0.772917 0.846875 0.797917 0.846875 0.810417 0.850000 0.822917 0.850000 0.827083 0.825000 0.829167 0.804688 0.827083 0.804688 0.825000 0.801562 0.820833 0.800000 0.814583 0.795312 0.808333 0.792188 0.802083 0.787500 0.791667 0.782813 0.777083 0.779687 0.770833 0.775000 0.764583 0.771875 0.758333 0.765625 0.741667 0.760938 0.731250 0.754687 0.722917 0.753125 0.716667 0.746875 0.708333 0.739062 0.693750 0.737500 0.687500 0.732812 0.683333 0.732812 0.679167 0.725000 0.668750 0.723437 0.664583 0.723437 0.660417 0.717187 0.652083 0.717187 0.650000 0.710938 0.643750 0.709375 0.641667 0.706250 0.635417 0.703125 0.631250 0.701562 0.625000 0.692187 0.612500 0.692187 0.608333 0.685937 0.600000 0.685937 0.597917 0.679688 0.591667 0.678125 0.589583 0.676562 0.585417 0.675000 0.579167 0.667188 0.568750 0.662500 0.558333 0.660937 0.554167 0.659375 0.545833 0.657813 0.527083 0.656250 0.520833 0.654687 0.514583 0.653125 0.510417 0.646875 0.502083 0.639062 0.487500 0.635938 0.477083 0.631250 0.470833 0.628125 0.466667 0.625000 0.466667 0.618750 0.456250 0.618750 0.452083 0.614062 0.441667 0.610938 0.435417 0.606250 0.429167 0.598437 0.410417 0.595313 0.412500 0.593750 0.414583 0.593750 0.416667 0.589063 0.418750 0.582812 0.427083 0.579688 0.427083 0.576562 0.429167 0.575000 0.431250 0.575000 0.433333 0.573438 0.435417 0.568750 0.437500 0.567187 0.445833 0.568750 0.450000 0.571875 0.454167 0.571875 0.458333 0.573438 0.462500 0.576562 0.468750 0.581250 0.475000 0.590625 0.495833 0.590625 0.500000 0.600000 0.518750 0.604688 0.525000 0.606250 0.531250 0.609375 0.537500 0.621875 0.554167 0.634375 0.560417 0.642188 0.566667 0.650000 0.577083 0.651563 0.583333 0.660937 0.595833 0.664062 0.602083 0.667188 0.608333 0.673438 0.622917 0.673438 0.627083 0.682813 0.650000 0.690625 0.662500 0.693750 0.672917 0.700000 0.683333 0.700000 0.687500 0.707812 0.700000 0.710938 0.706250 0.723437 0.735417 0.734375 0.756250 0.742188 0.770833 0.753125 0.787500 0.754687 0.793750 0.756250 0.795833 0.762500 0.802083 0.775000 0.820833 0.779687 0.829167 0.779687 0.833333 0.775000 0.833333 0.771875 0.829167 0.771875 0.827083 0.768750 0.822917 0.767188 0.820833 0.765625 0.818750 0.753125 0.802083 0.751563 0.800000 0.742188 0.789583 0.734375 0.781250 0.728125 0.777083 0.718750 0.764583 0.712500 0.760417 0.704688 0.750000 0.700000 0.747917 0.693750 0.741667 0.687500 0.733333 0.681250 0.729167 0.675000 0.720833 0.664062 0.710417 0.659375 0.706250 0.654687 0.704167 0.650000 0.700000 0.645312 0.695833 0.631250 0.679167 0.625000 0.675000 0.617188 0.666667 0.614062 0.662500 0.609375 0.652083 0.607812 0.647917 0.607812 0.637500 0.606250 0.629167 0.604688 0.620833 0.603125 0.614583 0.600000 0.604167 0.598437 0.597917 0.592187 0.587500 0.581250 0.572917 0.573438 0.564583 0.565625 0.558333 0.556250 0.552083 0.551562 0.550000 0.546875 0.547917 0.528125 0.545833 0.521875 0.547917 0.517188 0.550000 0.514062 0.552083 0.507812 0.560417 0.501563 0.572917 0.500000 0.589583 0.500000 0.595833 0.501563 0.597917 0.501563 0.606250 0.504687 0.610417 0.504687 0.614583 0.506250 0.618750 0.509375 0.622917 0.509375 0.627083 0.512500 0.631250 0.514062 0.631250 0.515625 0.633333 0.526563 0.650000 0.531250 0.652083 0.535937 0.658333 0.540625 0.662500 0.543750 0.664583 0.548438 0.664583 0.551562 0.668750 0.557813 0.670833 0.571875 0.672917 0.593750 0.672917 0.600000 0.675000 0.620313 0.702083 0.632812 0.714583 0.660937 0.752083 0.662500 0.754167 0.676562 0.768750 0.692187 0.789583 0.701562 0.797917 0.704688 0.804167 0.712500 0.810417 0.729688 0.829167 0.732812 0.833333 0.720313 0.839583 0.706250 0.841667 0.685937 0.843750 0.664062 0.843750 0.648438 0.845833 0.621875 0.852083 0.601562 0.854167 0.578125 0.854167 0.564063 0.858333 0.550000 0.858333 0.529687 0.864583 0.528125 0.866667 0.525000 0.866667 0.510938 0.864583 0.512500 0.860417 0.515625 0.858333 0.518750 0.856250 0.525000 0.856250 0.523438 0.858333 0.529687 0.858333 0.526563 0.854167 0.523438 0.858333 0.525000 0.856250 0.526563 0.841667 0.525000 0.831250 0.521875 0.822917 0.521875 0.812500 0.518750 0.804167 0.517188 0.793750 0.517188 0.783333 0.514062 0.772917 0.509375 0.720833 0.504687 0.695833 0.503125 0.670833 0.501563 0.658333 0.498437 0.647917 0.496875 0.631250 0.496875 0.614583 0.493750 0.602083 0.492188 0.585417 0.493750 0.575000 0.489063 0.560417 0.489063 0.547917 0.492188 0.541667 0.496875 0.535417 0.496875 0.527083 0.498437 0.522917 0.500000 0.518750 0.501563 0.516667 0.510938 0.508333 0.521875 0.495833 0.532813 0.479167 0.535937 0.477083 0.539062 0.468750 0.546875 0.458333 0.551562 0.445833 0.559375 0.435417 0.559375 0.429167 0.562500 0.422917 0.564063 0.408333 0.567187 0.402083 0.568750 0.393750 0.570312 0.393750 0.573438 0.389583 0.576562 0.387500 0.592187 0.387500 0.603125 0.383333 0.607812 0.383333
25 0.229687 0.083333 0.226562 0.085417 0.223438 0.087500 0.215625 0.097917 0.209375 0.118750 0.206250 0.125000 0.198437 0.135417 0.196875 0.139583 0.196875 0.143750 0.200000 0.152083 0.196875 0.154167 0.195312 0.156250 0.190625 0.156250 0.185938 0.158333 0.178125 0.162500 0.175000 0.164583 0.168750 0.170833 0.165625 0.172917 0.159375 0.175000 0.156250 0.177083 0.153125 0.179167 0.150000 0.183333 0.143750 0.187500 0.140625 0.187500 0.139063 0.185417 0.134375 0.187500 0.128125 0.183333 0.110937 0.183333 0.096875 0.187500 0.095312 0.191667 0.092188 0.202083 0.090625 0.208333 0.089063 0.216667 0.089063 0.237500 0.090625 0.247917 0.092188 0.252083 0.098437 0.262500 0.103125 0.266667 0.110937 0.270833 0.118750 0.272917 0.125000 0.272917 0.134375 0.275000 0.139063 0.281250 0.148438 0.295833 0.156250 0.297917 0.168750 0.300000 0.193750 0.302083 0.198437 0.312500 0.214062 0.335417 0.221875 0.341667 0.232813 0.356250 0.239063 0.356250 0.242188 0.354167 0.248438 0.347917 0.265625 0.325000 0.270313 0.312500 0.271875 0.306250 0.273438 0.297917 0.273438 0.287500 0.275000 0.283333 0.278125 0.279167 0.279687 0.275000 0.279687 0.262500 0.281250 0.252083 0.282813 0.243750 0.289062 0.229167 0.292187 0.218750 0.293750 0.212500 0.293750 0.200000 0.296875 0.191667 0.296875 0.179167 0.295312 0.172917 0.290625 0.162500 0.285938 0.154167 0.278125 0.143750 0.278125 0.139583 0.282813 0.133333 0.284375 0.127083 0.284375 0.120833 0.282813 0.114583 0.281250 0.110417 0.276562 0.104167 0.276562 0.102083 0.273438 0.097917 0.270313 0.095833 0.264062 0.093750 0.260937 0.089583 0.253125 0.085417 0.246875 0.083333 0.229687 0.083333
12 0.787500 0.300000 0.781250 0.302083 0.776563 0.304167 0.764062 0.312500 0.759375 0.316667 0.754687 0.320833 0.742188 0.337500 0.740625 0.341667 0.740625 0.356250 0.742188 0.358333 0.742188 0.370833 0.740625 0.383333 0.739062 0.389583 0.734375 0.402083 0.732812 0.408333 0.732812 0.425000 0.739062 0.441667 0.742188 0.447917 0.745313 0.454167 0.753125 0.464583 0.759375 0.470833 0.767188 0.477083 0.770312 0.479167 0.775000 0.481250 0.779687 0.483333 0.787500 0.485417 0.807813 0.485417 0.820312 0.483333 0.826562 0.481250 0.839063 0.472917 0.845313 0.466667 0.859375 0.447917 0.862500 0.441667 0.868750 0.425000 0.870313 0.418750 0.871875 0.408333 0.871875 0.377083 0.870313 0.366667 0.868750 0.360417 0.862500 0.343750 0.859375 0.337500 0.854688 0.329167 0.853125 0.327083 0.843750 0.316667 0.839063 0.312500 0.826562 0.304167 0.821875 0.302083 0.815625 0.300000 0.787500 0.300000
18 0.673438 0.285417 0.664062 0.287500 0.656250 0.291667 0.642188 0.300000 0.637500 0.304167 0.631250 0.312500 0.625000 0.327083 0.623437 0.331250 0.621875 0.335417 0.617188 0.354167 0.612500 0.362500 0.610938 0.366667 0.609375 0.375000 0.607812 0.383333 0.606250 0.404167 0.609375 0.420833 0.610938 0.425000 0.614062 0.431250 0.617188 0.437500 0.623437 0.447917 0.625000 0.450000 0.631250 0.456250 0.634375 0.458333 0.639062 0.460417 0.650000 0.462500 0.665625 0.462500 0.673438 0.460417 0.676562 0.456250 0.681250 0.454167 0.693750 0.450000 0.696875 0.447917 0.700000 0.445833 0.707812 0.439583 0.723437 0.420833 0.726562 0.416667 0.729688 0.410417 0.732812 0.404167 0.732812 0.397917 0.735938 0.391667 0.737500 0.385417 0.739062 0.377083 0.739062 0.350000 0.737500 0.339583 0.735938 0.333333 0.734375 0.329167 0.732812 0.325000 0.729688 0.318750 0.715625 0.300000 0.710938 0.295833 0.701562 0.289583 0.696875 0.287500 0.689063 0.285417 0.673438 0.285417
