23 0.229687 0.354167 0.225000 0.356250 0.215625 0.362500 0.198437 0.372917 0.162500 0.395833 0.159375 0.400000 0.132812 0.414583 0.126562 0.420833 0.123438 0.422917 0.112500 0.427083 0.109375 0.429167 0.095312 0.439583 0.092188 0.443750 0.087500 0.445833 0.085938 0.447917 0.084375 0.452083 0.084375 0.456250 0.089063 0.468750 0.093750 0.477083 0.095312 0.481250 0.096875 0.485417 0.096875 0.489583 0.098437 0.493750 0.100000 0.497917 0.110937 0.518750 0.117188 0.537500 0.128125 0.562500 0.132812 0.568750 0.142187 0.568750 0.148438 0.566667 0.154688 0.562500 0.181250 0.545833 0.184375 0.543750 0.190625 0.535417 0.193750 0.535417 0.196875 0.531250 0.200000 0.531250 0.203125 0.527083 0.206250 0.525000 0.209375 0.525000 0.212500 0.522917 0.215625 0.520833 0.232813 0.508333 0.253125 0.491667 0.259375 0.487500 0.271875 0.481250 0.276562 0.477083 0.282813 0.468750 0.284375 0.464583 0.282813 0.458333 0.276562 0.443750 0.268750 0.429167 0.267188 0.425000 0.265625 0.420833 0.264062 0.410417 0.262500 0.406250 0.260937 0.402083 0.254688 0.391667 0.242188 0.358333 0.239063 0.354167 0.229687 0.354167
0 0.282813 0.581250 0.271875 0.587500 0.256250 0.597917 0.207813 0.631250 0.190625 0.641667 0.179688 0.647917 0.171875 0.650000 0.168750 0.652083 0.167187 0.664583 0.168750 0.672917 0.178125 0.710417 0.179688 0.714583 0.181250 0.718750 0.187500 0.729167 0.189062 0.733333 0.189062 0.737500 0.190625 0.741667 0.203125 0.768750 0.204687 0.772917 0.206250 0.779167 0.207813 0.789583 0.209375 0.814583 0.215625 0.839583 0.220312 0.854167 0.221875 0.858333 0.223438 0.862500 0.231250 0.875000 0.243750 0.875000 0.257812 0.868750 0.267188 0.862500 0.318750 0.827083 0.326562 0.825000 0.337500 0.818750 0.351562 0.808333 0.359375 0.806250 0.364063 0.802083 0.365625 0.797917 0.365625 0.783333 0.364063 0.779167 0.359375 0.770833 0.359375 0.752083 0.357812 0.745833 0.356250 0.739583 0.353125 0.729167 0.343750 0.706250 0.339062 0.687500 0.335938 0.679167 0.331250 0.666667 0.315625 0.627083 0.310937 0.616667 0.303125 0.600000 0.300000 0.593750 0.293750 0.583333 0.282813 0.581250
0 0.450000 0.593750 0.440625 0.595833 0.432812 0.600000 0.423438 0.606250 0.415625 0.614583 0.414062 0.614583 0.412500 0.616667 0.410938 0.622917 0.407813 0.629167 0.404687 0.633333 0.403125 0.633333 0.400000 0.637500 0.393750 0.647917 0.389062 0.660417 0.382812 0.679167 0.382812 0.693750 0.384375 0.712500 0.382812 0.720833 0.381250 0.727083 0.376563 0.737500 0.376563 0.745833 0.373437 0.750000 0.362500 0.756250 0.362500 0.764583 0.364063 0.768750 0.367188 0.775000 0.378125 0.791667 0.379688 0.795833 0.381250 0.800000 0.389062 0.827083 0.396875 0.845833 0.401562 0.854167 0.415625 0.872917 0.421875 0.879167 0.432812 0.887500 0.437500 0.889583 0.450000 0.889583 0.456250 0.883333 0.459375 0.881250 0.475000 0.881250 0.479687 0.879167 0.485938 0.875000 0.487500 0.870833 0.489063 0.866667 0.490625 0.860417 0.490625 0.852083 0.496875 0.827083 0.506250 0.797917 0.510938 0.777083 0.510938 0.766667 0.512500 0.758333 0.523438 0.718750 0.526563 0.695833 0.535937 0.662500 0.537500 0.654167 0.537500 0.650000 0.535937 0.645833 0.537500 0.633333 0.534375 0.629167 0.529687 0.627083 0.525000 0.627083 0.518750 0.625000 0.510938 0.618750 0.495312 0.606250 0.489063 0.602083 0.479687 0.595833 0.471875 0.593750 0.450000 0.593750
0 0.573438 0.558333 0.564063 0.560417 0.557813 0.562500 0.534375 0.570833 0.529687 0.572917 0.520312 0.579167 0.512500 0.589583 0.512500 0.610417 0.514062 0.614583 0.518750 0.620833 0.521875 0.622917 0.528125 0.625000 0.570312 0.625000 0.582812 0.620833 0.585938 0.618750 0.587500 0.616667 0.596875 0.600000 0.598437 0.595833 0.598437 0.589583 0.596875 0.587500 0.596875 0.579167 0.595313 0.570833 0.593750 0.566667 0.589063 0.564583 0.584375 0.560417 0.576562 0.558333 0.573438 0.558333
0 0.635938 0.566667 0.632812 0.568750 0.621875 0.577083 0.609375 0.589583 0.604688 0.591667 0.601562 0.593750 0.600000 0.595833 0.593750 0.606250 0.589063 0.614583 0.582812 0.625000 0.582812 0.631250 0.587500 0.635417 0.590625 0.647917 0.601562 0.647917 0.606250 0.645833 0.615625 0.639583 0.623437 0.633333 0.635938 0.620833 0.640625 0.616667 0.646875 0.616667 0.650000 0.620833 0.653125 0.620833 0.657813 0.618750 0.660937 0.614583 0.662500 0.610417 0.662500 0.577083 0.660937 0.572917 0.659375 0.570833 0.656250 0.568750 0.648438 0.566667 0.635938 0.566667
0 0.640625 0.618750 0.635938 0.622917 0.623437 0.635417 0.615625 0.641667 0.606250 0.647917 0.601562 0.650000 0.590625 0.650000 0.585938 0.643750 0.585938 0.637500 0.582812 0.633333 0.573438 0.633333 0.570312 0.635417 0.568750 0.637500 0.567187 0.641667 0.564063 0.652083 0.564063 0.660417 0.565625 0.683333 0.568750 0.689583 0.570312 0.704167 0.571875 0.708333 0.575000 0.714583 0.578125 0.720833 0.581250 0.725000 0.585938 0.729167 0.589063 0.731250 0.596875 0.735417 0.601562 0.737500 0.609375 0.737500 0.620313 0.743750 0.632812 0.743750 0.637500 0.741667 0.640625 0.739583 0.645312 0.733333 0.645312 0.720833 0.643750 0.712500 0.640625 0.708333 0.635938 0.706250 0.634375 0.693750 0.635938 0.685417 0.642188 0.668750 0.646875 0.658333 0.651563 0.652083 0.654687 0.645833 0.657813 0.635417 0.656250 0.631250 0.646875 0.618750 0.640625 0.618750
0 0.684375 0.620833 0.679688 0.625000 0.670312 0.637500 0.668750 0.641667 0.667188 0.645833 0.665625 0.656250 0.660937 0.662500 0.659375 0.666667 0.657813 0.685417 0.653125 0.697917 0.653125 0.714583 0.651563 0.725000 0.648438 0.739583 0.645312 0.752083 0.639062 0.770833 0.637500 0.793750 0.637500 0.820833 0.639062 0.827083 0.645312 0.835417 0.650000 0.839583 0.653125 0.841667 0.659375 0.843750 0.665625 0.843750 0.670312 0.841667 0.673438 0.839583 0.679688 0.831250 0.681250 0.827083 0.682813 0.820833 0.682813 0.810417 0.685937 0.791667 0.687500 0.785417 0.692187 0.772917 0.693750 0.758333 0.695312 0.745833 0.695312 0.729167 0.696875 0.720833 0.698438 0.712500 0.703125 0.700000 0.703125 0.687500 0.706250 0.683333 0.706250 0.647917 0.704688 0.641667 0.703125 0.635417 0.701562 0.631250 0.698438 0.627083 0.698438 0.625000 0.696875 0.622917 0.693750 0.620833 0.684375 0.620833
0 0.560937 0.741667 0.557813 0.745833 0.554688 0.756250 0.550000 0.762500 0.545312 0.764583 0.529687 0.764583 0.525000 0.766667 0.521875 0.768750 0.518750 0.770833 0.514062 0.775000 0.512500 0.779167 0.510938 0.785417 0.509375 0.791667 0.509375 0.806250 0.510938 0.810417 0.512500 0.814583 0.517188 0.822917 0.521875 0.829167 0.534375 0.829167 0.537500 0.831250 0.546875 0.841667 0.550000 0.843750 0.557813 0.847917 0.564063 0.850000 0.575000 0.847917 0.579688 0.845833 0.584375 0.843750 0.589063 0.837500 0.595313 0.837500 0.601562 0.833333 0.604688 0.831250 0.606250 0.829167 0.612500 0.818750 0.614062 0.806250 0.617188 0.800000 0.617188 0.793750 0.614062 0.785417 0.612500 0.777083 0.607812 0.775000 0.604688 0.770833 0.601562 0.768750 0.598437 0.766667 0.593750 0.764583 0.584375 0.762500 0.581250 0.758333 0.581250 0.752083 0.579688 0.745833 0.576562 0.741667 0.560937 0.741667
6 0.803125 0.410417 0.803125 0.416667 0.806250 0.427083 0.807813 0.439583 0.809375 0.458333 0.809375 0.466667 0.807813 0.468750 0.807813 0.479167 0.806250 0.487500 0.804688 0.493750 0.803125 0.500000 0.801562 0.504167 0.800000 0.508333 0.789062 0.529167 0.787500 0.533333 0.785937 0.537500 0.784375 0.543750 0.784375 0.556250 0.785937 0.558333 0.785937 0.572917 0.789062 0.593750 0.793750 0.614583 0.795312 0.627083 0.800000 0.668750 0.801562 0.683333 0.804688 0.714583 0.806250 0.731250 0.807813 0.747917 0.809375 0.783333 0.812500 0.816667 0.814063 0.835417 0.815625 0.845833 0.817187 0.847917 0.817187 0.854167 0.817187 0.850000 0.818750 0.847917 0.818750 0.825000 0.821875 0.810417 0.823438 0.793750 0.826562 0.745833 0.828125 0.729167 0.829688 0.716667 0.832812 0.704167 0.834375 0.689583 0.835938 0.658333 0.840625 0.618750 0.848437 0.566667 0.848437 0.545833 0.851562 0.529167 0.851562 0.512500 0.859375 0.452083 0.857812 0.416667 0.854688 0.414583 0.848437 0.412500 0.831250 0.410417 0.815625 0.408333 0.803125 0.410417
6 0.707812 0.389583 0.703125 0.393750 0.696875 0.393750 0.696875 0.412500 0.698438 0.450000 0.693750 0.458333 0.692187 0.466667 0.690625 0.483333 0.685937 0.500000 0.684375 0.508333 0.682813 0.520833 0.684375 0.525000 0.685937 0.529167 0.687500 0.531250 0.714063 0.564583 0.720313 0.575000 0.723437 0.581250 0.726562 0.587500 0.731250 0.597917 0.734375 0.606250 0.739062 0.618750 0.742188 0.629167 0.743750 0.635417 0.746875 0.650000 0.748437 0.660417 0.750000 0.670833 0.751563 0.685417 0.751563 0.720833 0.750000 0.735417 0.748437 0.745833 0.746875 0.756250 0.745313 0.764583 0.743750 0.770833 0.742188 0.777083 0.737500 0.791667 0.735938 0.795833 0.731250 0.806250 0.726562 0.816667 0.723437 0.822917 0.718750 0.829167 0.715625 0.835417 0.712500 0.841667 0.710938 0.845833 0.717187 0.850000 0.726562 0.852083 0.750000 0.856250 0.762500 0.858333 0.781250 0.860417 0.785937 0.858333 0.785937 0.854167 0.784375 0.835417 0.782813 0.820833 0.778125 0.791667 0.776563 0.777083 0.775000 0.754167 0.773438 0.729167 0.771875 0.697917 0.770312 0.656250 0.770312 0.602083 0.768750 0.568750 0.767188 0.556250 0.765625 0.550000 0.764062 0.545833 0.754687 0.533333 0.739062 0.514583 0.734375 0.506250 0.729688 0.493750 0.728125 0.485417 0.726562 0.464583 0.726562 0.452083 0.728125 0.437500 0.729688 0.427083 0.731250 0.418750 0.740625 0.397917 0.737500 0.393750 0.731250 0.391667 0.720313 0.389583 0.707812 0.389583
12 0.317188 0.347917 0.306250 0.350000 0.301563 0.352083 0.298438 0.354167 0.295312 0.356250 0.290625 0.360417 0.284375 0.366667 0.278125 0.375000 0.273438 0.383333 0.271875 0.387500 0.270313 0.391667 0.268750 0.400000 0.268750 0.416667 0.270313 0.422917 0.275000 0.435417 0.282813 0.450000 0.287500 0.464583 0.290625 0.468750 0.295312 0.472917 0.298438 0.475000 0.301563 0.477083 0.306250 0.479167 0.329688 0.479167 0.334375 0.477083 0.339062 0.475000 0.342187 0.472917 0.348438 0.466667 0.359375 0.452083 0.362500 0.445833 0.365625 0.435417 0.367188 0.427083 0.367188 0.400000 0.365625 0.393750 0.364063 0.387500 0.362500 0.383333 0.360938 0.379167 0.357812 0.372917 0.351562 0.364583 0.345313 0.358333 0.335938 0.352083 0.331250 0.350000 0.320312 0.347917 0.317188 0.347917
30 0.800000 0.177083 0.793750 0.179167 0.787500 0.181250 0.782813 0.183333 0.778125 0.185417 0.768750 0.191667 0.764062 0.195833 0.756250 0.204167 0.740625 0.227083 0.728125 0.241667 0.725000 0.245833 0.723437 0.247917 0.712500 0.264583 0.709375 0.270833 0.707812 0.275000 0.706250 0.281250 0.704688 0.289583 0.704688 0.318750 0.706250 0.329167 0.707812 0.337500 0.709375 0.341667 0.710938 0.345833 0.717187 0.356250 0.723437 0.364583 0.731250 0.372917 0.734375 0.375000 0.737500 0.377083 0.742188 0.379167 0.759375 0.379167 0.760938 0.377083 0.779687 0.377083 0.787500 0.375000 0.798438 0.370833 0.803125 0.366667 0.807813 0.366667 0.812500 0.364583 0.815625 0.360417 0.820312 0.358333 0.828125 0.356250 0.839063 0.350000 0.842187 0.347917 0.845313 0.345833 0.850000 0.339583 0.850000 0.337500 0.856250 0.329167 0.860938 0.318750 0.868750 0.308333 0.873437 0.297917 0.873437 0.293750 0.876563 0.289583 0.878125 0.281250 0.879687 0.275000 0.879687 0.247917 0.876563 0.233333 0.870313 0.216667 0.867188 0.210417 0.864062 0.204167 0.859375 0.197917 0.853125 0.191667 0.848437 0.187500 0.839063 0.181250 0.834375 0.179167 0.828125 0.177083 0.800000 0.177083
4 0.760938 0.381250 0.751563 0.387500 0.740625 0.402083 0.734375 0.418750 0.732812 0.425000 0.731250 0.433333 0.729688 0.445833 0.729688 0.475000 0.731250 0.489583 0.732812 0.495833 0.734375 0.500000 0.735938 0.504167 0.739062 0.510417 0.746875 0.522917 0.756250 0.531250 0.767188 0.545833 0.768750 0.552083 0.770312 0.558333 0.771875 0.581250 0.773438 0.629167 0.773438 0.677083 0.775000 0.716667 0.776563 0.741667 0.778125 0.764583 0.779687 0.783333 0.785937 0.839583 0.787500 0.852083 0.789062 0.862500 0.790625 0.868750 0.792188 0.872917 0.795312 0.877083 0.806250 0.877083 0.809375 0.875000 0.812500 0.870833 0.812500 0.837500 0.810937 0.816667 0.809375 0.795833 0.804688 0.737500 0.800000 0.691667 0.798438 0.675000 0.793750 0.650000 0.793750 0.637500 0.792188 0.625000 0.790625 0.612500 0.785937 0.589583 0.782813 0.566667 0.782813 0.537500 0.784375 0.533333 0.793750 0.516667 0.798438 0.506250 0.800000 0.502083 0.804688 0.483333 0.806250 0.472917 0.806250 0.452083 0.804688 0.433333 0.803125 0.422917 0.801562 0.416667 0.800000 0.410417 0.798438 0.406250 0.795312 0.400000 0.784375 0.385417 0.781250 0.383333 0.778125 0.381250 0.760938 0.381250
8 0.067187 0.000000 0.062500 0.002083 0.059375 0.004167 0.056250 0.008333 0.051562 0.018750 0.046875 0.029167 0.045312 0.033333 0.043750 0.039583 0.042188 0.047917 0.043750 0.060417 0.045312 0.068750 0.050000 0.085417 0.059375 0.110417 0.068750 0.122917 0.079687 0.129167 0.082812 0.133333 0.084375 0.137500 0.084375 0.143750 0.087500 0.154167 0.090625 0.164583 0.092188 0.168750 0.096875 0.177083 0.106250 0.191667 0.123438 0.214583 0.128125 0.218750 0.142187 0.229167 0.167187 0.245833 0.181250 0.258333 0.185938 0.262500 0.190625 0.262500 0.196875 0.266667 0.206250 0.272917 0.214062 0.281250 0.220312 0.283333 0.223438 0.287500 0.226562 0.289583 0.229687 0.289583 0.232813 0.293750 0.235937 0.295833 0.253125 0.306250 0.267188 0.314583 0.296875 0.314583 0.303125 0.312500 0.309375 0.310417 0.314063 0.308333 0.317188 0.306250 0.320312 0.304167 0.331250 0.293750 0.343750 0.277083 0.345313 0.272917 0.346875 0.266667 0.350000 0.252083 0.350000 0.220833 0.348438 0.206250 0.346875 0.195833 0.345313 0.187500 0.343750 0.179167 0.329688 0.160417 0.325000 0.152083 0.317188 0.135417 0.312500 0.127083 0.304688 0.116667 0.301563 0.110417 0.300000 0.106250 0.298438 0.097917 0.293750 0.089583 0.285938 0.075000 0.281250 0.066667 0.268750 0.047917 0.259375 0.027083 0.242188 0.004167 0.239063 0.002083 0.234375 0.000000 0.067187 0.000000
2 0.660937 0.318750 0.648438 0.322917 0.632812 0.325000 0.612500 0.325000 0.595313 0.327083 0.578125 0.329167 0.564063 0.331250 0.550000 0.333333 0.537500 0.335417 0.535937 0.337500 0.532813 0.337500 0.532813 0.343750 0.535937 0.352083 0.537500 0.366667 0.539062 0.387500 0.540625 0.416667 0.540625 0.464583 0.543750 0.468750 0.548438 0.468750 0.573438 0.466667 0.592187 0.464583 0.603125 0.460417 0.617188 0.458333 0.623437 0.460417 0.637500 0.458333 0.667188 0.452083 0.685937 0.452083 0.690625 0.450000 0.693750 0.447917 0.695312 0.431250 0.693750 0.397917 0.690625 0.347917 0.689063 0.345833 0.689063 0.322917 0.687500 0.318750 0.660937 0.318750
19 0.454688 0.135417 0.437500 0.141667 0.428125 0.143750 0.414062 0.143750 0.404687 0.145833 0.396875 0.147917 0.381250 0.154167 0.373437 0.156250 0.364063 0.156250 0.357812 0.158333 0.353125 0.160417 0.348438 0.166667 0.346875 0.172917 0.346875 0.183333 0.350000 0.193750 0.351562 0.204167 0.353125 0.216667 0.354687 0.229167 0.354687 0.241667 0.356250 0.254167 0.357812 0.266667 0.362500 0.283333 0.368750 0.325000 0.370312 0.337500 0.370312 0.352083 0.371875 0.364583 0.373437 0.377083 0.384375 0.441667 0.387500 0.464583 0.392188 0.506250 0.392188 0.520833 0.393750 0.527083 0.396875 0.531250 0.396875 0.533333 0.398438 0.535417 0.401562 0.537500 0.412500 0.537500 0.417187 0.533333 0.423438 0.531250 0.431250 0.529167 0.439063 0.529167 0.448437 0.527083 0.454688 0.522917 0.462500 0.520833 0.473438 0.520833 0.501563 0.514583 0.509375 0.512500 0.518750 0.508333 0.523438 0.506250 0.528125 0.500000 0.528125 0.485417 0.525000 0.477083 0.523438 0.452083 0.520312 0.439583 0.520312 0.427083 0.515625 0.412500 0.515625 0.400000 0.514062 0.389583 0.510938 0.379167 0.507812 0.356250 0.507812 0.343750 0.504687 0.320833 0.500000 0.302083 0.498437 0.279167 0.493750 0.256250 0.493750 0.243750 0.490625 0.231250 0.490625 0.218750 0.487500 0.212500 0.485938 0.204167 0.484375 0.195833 0.482812 0.175000 0.479687 0.154167 0.478125 0.145833 0.475000 0.137500 0.471875 0.135417 0.454688 0.135417
