20 0.812500 0.800000 0.800000 0.802083 0.793750 0.804167 0.773438 0.814583 0.765625 0.818750 0.762500 0.820833 0.759375 0.822917 0.754687 0.827083 0.745313 0.839583 0.742188 0.845833 0.740625 0.850000 0.739062 0.856250 0.739062 0.866667 0.740625 0.872917 0.742188 0.877083 0.743750 0.881250 0.746875 0.887500 0.750000 0.891667 0.754687 0.895833 0.757812 0.897917 0.760938 0.900000 0.767188 0.902083 0.773438 0.902083 0.775000 0.900000 0.782813 0.900000 0.789062 0.897917 0.795312 0.895833 0.800000 0.893750 0.804688 0.891667 0.812500 0.887500 0.831250 0.877083 0.840625 0.870833 0.845313 0.866667 0.854688 0.854167 0.856250 0.850000 0.857812 0.845833 0.857812 0.827083 0.856250 0.822917 0.846875 0.810417 0.834375 0.802083 0.826562 0.800000 0.812500 0.800000
1 0.109375 0.570833 0.109375 0.577083 0.110937 0.583333 0.120313 0.606250 0.121875 0.616667 0.121875 0.664583 0.123438 0.685417 0.126562 0.697917 0.128125 0.710417 0.128125 0.733333 0.129688 0.750000 0.131250 0.766667 0.132812 0.781250 0.135937 0.791667 0.137500 0.802083 0.137500 0.814583 0.134375 0.820833 0.126562 0.831250 0.123438 0.837500 0.121875 0.843750 0.120313 0.858333 0.120313 0.875000 0.123438 0.877083 0.128125 0.877083 0.168750 0.875000 0.181250 0.872917 0.189062 0.870833 0.193750 0.868750 0.198437 0.866667 0.201563 0.864583 0.203125 0.858333 0.206250 0.852083 0.206250 0.818750 0.204687 0.816667 0.204687 0.781250 0.203125 0.760417 0.200000 0.743750 0.198437 0.725000 0.196875 0.706250 0.196875 0.685417 0.192188 0.622917 0.190625 0.608333 0.187500 0.591667 0.157812 0.591667 0.148438 0.589583 0.142187 0.587500 0.137500 0.585417 0.132812 0.583333 0.115625 0.572917 0.109375 0.570833
4 0.529687 0.747917 0.529687 0.756250 0.531250 0.764583 0.534375 0.772917 0.534375 0.781250 0.535937 0.789583 0.540625 0.810417 0.543750 0.816667 0.543750 0.822917 0.545312 0.829167 0.548438 0.835417 0.548438 0.841667 0.550000 0.845833 0.551562 0.850000 0.557813 0.852083 0.559375 0.847917 0.559375 0.843750 0.557813 0.831250 0.556250 0.820833 0.551562 0.791667 0.548438 0.775000 0.545312 0.758333 0.542188 0.747917 0.535937 0.745833 0.529687 0.747917
4 0.489063 0.487500 0.485938 0.487500 0.482812 0.489583 0.476562 0.497917 0.471875 0.510417 0.470313 0.516667 0.470313 0.522917 0.471875 0.527083 0.482812 0.541667 0.487500 0.550000 0.500000 0.575000 0.504687 0.587500 0.509375 0.602083 0.510938 0.608333 0.512500 0.614583 0.515625 0.629167 0.517188 0.637500 0.518750 0.656250 0.518750 0.681250 0.520312 0.685417 0.528125 0.695833 0.529687 0.695833 0.532813 0.700000 0.532813 0.687500 0.531250 0.679167 0.526563 0.662500 0.523438 0.643750 0.521875 0.633333 0.520312 0.622917 0.520312 0.597917 0.521875 0.591667 0.529687 0.570833 0.531250 0.560417 0.531250 0.545833 0.529687 0.537500 0.528125 0.531250 0.523438 0.518750 0.520312 0.512500 0.510938 0.497917 0.504687 0.491667 0.501563 0.489583 0.498437 0.487500 0.492188 0.485417 0.489063 0.487500
29 0.285938 0.075000 0.276562 0.077083 0.271875 0.079167 0.260937 0.085417 0.253125 0.091667 0.250000 0.095833 0.246875 0.102083 0.243750 0.108333 0.239063 0.120833 0.234375 0.127083 0.234375 0.139583 0.231250 0.150000 0.231250 0.168750 0.235937 0.179167 0.235937 0.185417 0.239063 0.195833 0.245312 0.204167 0.248438 0.212500 0.250000 0.214583 0.251563 0.214583 0.253125 0.216667 0.257812 0.227083 0.276562 0.252083 0.284375 0.260417 0.296875 0.270833 0.303125 0.279167 0.309375 0.285417 0.312500 0.287500 0.317188 0.289583 0.321875 0.291667 0.331250 0.293750 0.339062 0.293750 0.343750 0.291667 0.356250 0.283333 0.365625 0.281250 0.371875 0.279167 0.378125 0.272917 0.384375 0.264583 0.389062 0.252083 0.390625 0.245833 0.392188 0.237500 0.392188 0.208333 0.390625 0.204167 0.389062 0.200000 0.381250 0.183333 0.368750 0.156250 0.346875 0.112500 0.328125 0.087500 0.321875 0.081250 0.315625 0.081250 0.309375 0.077083 0.301563 0.075000 0.285938 0.075000
21 0.576562 0.377083 0.557813 0.385417 0.543750 0.395833 0.532813 0.400000 0.521875 0.408333 0.492188 0.422917 0.489063 0.425000 0.485938 0.427083 0.478125 0.433333 0.479687 0.443750 0.475000 0.450000 0.471875 0.450000 0.468750 0.454167 0.468750 0.462500 0.470313 0.466667 0.473438 0.472917 0.482812 0.485417 0.487500 0.483333 0.490625 0.481250 0.493750 0.479167 0.507812 0.468750 0.532813 0.452083 0.546875 0.441667 0.560937 0.431250 0.585938 0.412500 0.590625 0.408333 0.593750 0.404167 0.593750 0.395833 0.587500 0.379167 0.582812 0.372917 0.576562 0.377083
0 0.178125 0.329167 0.173437 0.333333 0.160938 0.331250 0.153125 0.333333 0.142187 0.331250 0.139063 0.333333 0.135937 0.335417 0.131250 0.341667 0.125000 0.341667 0.121875 0.343750 0.117188 0.350000 0.117188 0.354167 0.117188 0.360417 0.115625 0.366667 0.110937 0.372917 0.107813 0.372917 0.104688 0.375000 0.101562 0.379167 0.101562 0.391667 0.096875 0.397917 0.095312 0.402083 0.095312 0.418750 0.092188 0.422917 0.090625 0.429167 0.090625 0.435417 0.098437 0.445833 0.100000 0.452083 0.107813 0.462500 0.109375 0.468750 0.109375 0.475000 0.106250 0.489583 0.106250 0.495833 0.107813 0.500000 0.110937 0.504167 0.114062 0.506250 0.117188 0.506250 0.121875 0.512500 0.123438 0.516667 0.123438 0.522917 0.125000 0.527083 0.126562 0.531250 0.134375 0.535417 0.139063 0.533333 0.142187 0.529167 0.145313 0.529167 0.148438 0.533333 0.148438 0.539583 0.153125 0.545833 0.165625 0.543750 0.168750 0.543750 0.178125 0.545833 0.184375 0.550000 0.189062 0.550000 0.195312 0.545833 0.212500 0.545833 0.218750 0.543750 0.221875 0.541667 0.226562 0.535417 0.229687 0.533333 0.232813 0.533333 0.235937 0.531250 0.237500 0.529167 0.239063 0.525000 0.239063 0.520833 0.242188 0.516667 0.246875 0.514583 0.251563 0.504167 0.259375 0.493750 0.260937 0.489583 0.262500 0.475000 0.267188 0.462500 0.270313 0.450000 0.270313 0.439583 0.268750 0.416667 0.267188 0.410417 0.262500 0.400000 0.262500 0.393750 0.260937 0.387500 0.253125 0.377083 0.251563 0.368750 0.248438 0.364583 0.245312 0.362500 0.239063 0.360417 0.235937 0.358333 0.232813 0.356250 0.231250 0.354167 0.225000 0.343750 0.220312 0.341667 0.215625 0.341667 0.210938 0.339583 0.207813 0.335417 0.204687 0.333333 0.200000 0.331250 0.190625 0.333333 0.184375 0.329167 0.178125 0.329167
19 0.720313 0.372917 0.715625 0.375000 0.712500 0.377083 0.709375 0.381250 0.707812 0.385417 0.707812 0.400000 0.710938 0.406250 0.712500 0.414583 0.715625 0.431250 0.717187 0.456250 0.715625 0.500000 0.714063 0.518750 0.709375 0.545833 0.709375 0.591667 0.712500 0.668750 0.712500 0.750000 0.715625 0.758333 0.720313 0.762500 0.739062 0.760417 0.750000 0.760417 0.831250 0.764583 0.840625 0.764583 0.846875 0.760417 0.850000 0.756250 0.851562 0.750000 0.851562 0.700000 0.850000 0.516667 0.848437 0.387500 0.846875 0.381250 0.842187 0.375000 0.837500 0.372917 0.720313 0.372917
7 0.051562 0.006250 0.050000 0.008333 0.040625 0.008333 0.034375 0.010417 0.029687 0.012500 0.017188 0.022917 0.015625 0.025000 0.009375 0.035417 0.003125 0.052083 0.001563 0.058333 0.000000 0.064583 0.000000 0.077083 0.001563 0.079167 0.001563 0.093750 0.003125 0.100000 0.004687 0.106250 0.006250 0.110417 0.012500 0.120833 0.021875 0.133333 0.026562 0.135417 0.029687 0.139583 0.032813 0.143750 0.035937 0.147917 0.037500 0.154167 0.037500 0.160417 0.043750 0.177083 0.046875 0.181250 0.048438 0.181250 0.050000 0.183333 0.065625 0.206250 0.073438 0.214583 0.076563 0.214583 0.082812 0.220833 0.085938 0.222917 0.095312 0.225000 0.104688 0.231250 0.109375 0.237500 0.121875 0.245833 0.129688 0.247917 0.145313 0.247917 0.156250 0.264583 0.159375 0.268750 0.173437 0.277083 0.178125 0.283333 0.182812 0.285417 0.200000 0.287500 0.207813 0.291667 0.215625 0.291667 0.220312 0.289583 0.225000 0.287500 0.232813 0.281250 0.240625 0.279167 0.243750 0.277083 0.246875 0.275000 0.253125 0.268750 0.257812 0.262500 0.259375 0.258333 0.260937 0.250000 0.260937 0.237500 0.259375 0.231250 0.253125 0.220833 0.251563 0.218750 0.242188 0.208333 0.240625 0.204167 0.237500 0.193750 0.234375 0.183333 0.232813 0.177083 0.231250 0.168750 0.229687 0.154167 0.229687 0.143750 0.223438 0.137500 0.218750 0.135417 0.209375 0.133333 0.204687 0.127083 0.204687 0.120833 0.203125 0.116667 0.200000 0.110417 0.190625 0.097917 0.187500 0.089583 0.171875 0.066667 0.168750 0.062500 0.159375 0.052083 0.156250 0.050000 0.153125 0.047917 0.146875 0.047917 0.140625 0.043750 0.132812 0.039583 0.129688 0.035417 0.126562 0.033333 0.121875 0.031250 0.110937 0.027083 0.092188 0.027083 0.089063 0.025000 0.078125 0.014583 0.075000 0.012500 0.067187 0.008333 0.059375 0.006250 0.051562 0.006250
5 0.598437 0.779167 0.598437 0.793750 0.603125 0.822917 0.606250 0.839583 0.607812 0.847917 0.609375 0.852083 0.614062 0.858333 0.618750 0.858333 0.621875 0.856250 0.626563 0.850000 0.626563 0.833333 0.620313 0.812500 0.617188 0.791667 0.614062 0.787500 0.609375 0.783333 0.606250 0.781250 0.603125 0.779167 0.598437 0.779167
5 0.540625 0.458333 0.539062 0.462500 0.537500 0.470833 0.535937 0.483333 0.534375 0.500000 0.534375 0.550000 0.535937 0.560417 0.537500 0.568750 0.539062 0.579167 0.545312 0.595833 0.554688 0.610417 0.565625 0.625000 0.568750 0.631250 0.570312 0.635417 0.571875 0.641667 0.575000 0.656250 0.575000 0.664583 0.579688 0.681250 0.581250 0.689583 0.581250 0.697917 0.585938 0.714583 0.587500 0.733333 0.589063 0.741667 0.595313 0.750000 0.598437 0.752083 0.601562 0.754167 0.607812 0.754167 0.607812 0.745833 0.603125 0.720833 0.600000 0.712500 0.595313 0.679167 0.590625 0.664583 0.587500 0.650000 0.579688 0.600000 0.573438 0.579167 0.570312 0.564583 0.567187 0.541667 0.562500 0.522917 0.559375 0.516667 0.557813 0.510417 0.556250 0.504167 0.554688 0.489583 0.548438 0.464583 0.546875 0.460417 0.540625 0.458333
12 0.370312 0.283333 0.362500 0.285417 0.357812 0.287500 0.353125 0.289583 0.350000 0.291667 0.346875 0.295833 0.343750 0.295833 0.339062 0.300000 0.332813 0.306250 0.325000 0.316667 0.321875 0.322917 0.318750 0.329167 0.317188 0.333333 0.315625 0.337500 0.312500 0.347917 0.310937 0.354167 0.309375 0.366667 0.309375 0.385417 0.310937 0.400000 0.314063 0.408333 0.312500 0.410417 0.314063 0.416667 0.315625 0.420833 0.317188 0.425000 0.323437 0.435417 0.331250 0.447917 0.335938 0.452083 0.342187 0.458333 0.351562 0.464583 0.356250 0.466667 0.367188 0.468750 0.395313 0.468750 0.403125 0.466667 0.407813 0.464583 0.410938 0.462500 0.414062 0.458333 0.417187 0.458333 0.420312 0.456250 0.435937 0.435417 0.442188 0.418750 0.446875 0.402083 0.448437 0.391667 0.448437 0.358333 0.446875 0.350000 0.445312 0.343750 0.439063 0.327083 0.435937 0.320833 0.420312 0.300000 0.415625 0.295833 0.406250 0.289583 0.401562 0.287500 0.396875 0.285417 0.389062 0.283333 0.370312 0.283333
8 0.789062 0.000000 0.785937 0.004167 0.784375 0.004167 0.782813 0.006250 0.779687 0.014583 0.778125 0.016667 0.776563 0.016667 0.773438 0.020833 0.767188 0.020833 0.764062 0.022917 0.760938 0.025000 0.745313 0.037500 0.737500 0.045833 0.718750 0.070833 0.706250 0.097917 0.700000 0.106250 0.698438 0.112500 0.695312 0.125000 0.693750 0.129167 0.692187 0.133333 0.687500 0.141667 0.684375 0.147917 0.684375 0.154167 0.681250 0.158333 0.676562 0.172917 0.675000 0.179167 0.673438 0.185417 0.671875 0.202083 0.668750 0.208333 0.668750 0.218750 0.670312 0.229167 0.671875 0.237500 0.675000 0.247917 0.679688 0.258333 0.682813 0.264583 0.685937 0.270833 0.689063 0.275000 0.690625 0.275000 0.695312 0.281250 0.698438 0.283333 0.703125 0.285417 0.707812 0.285417 0.715625 0.291667 0.732812 0.291667 0.751563 0.289583 0.762500 0.283333 0.771875 0.277083 0.790625 0.260417 0.796875 0.254167 0.810937 0.239583 0.818750 0.231250 0.826562 0.220833 0.837500 0.204167 0.848437 0.187500 0.853125 0.177083 0.854688 0.170833 0.854688 0.164583 0.864062 0.139583 0.865625 0.131250 0.865625 0.122917 0.867188 0.112500 0.868750 0.108333 0.876563 0.097917 0.887500 0.085417 0.895312 0.072917 0.898438 0.066667 0.901563 0.060417 0.903125 0.054167 0.904687 0.047917 0.906250 0.029167 0.906250 0.006250 0.904687 0.004167 0.904687 0.000000 0.789062 0.000000
0 0.634375 0.297917 0.629687 0.300000 0.626563 0.302083 0.621875 0.308333 0.620313 0.312500 0.615625 0.331250 0.614062 0.335417 0.612500 0.339583 0.604688 0.352083 0.603125 0.356250 0.601562 0.364583 0.601562 0.389583 0.600000 0.395833 0.592187 0.412500 0.590625 0.418750 0.590625 0.443750 0.592187 0.462500 0.593750 0.477083 0.595313 0.493750 0.596875 0.502083 0.598437 0.508333 0.600000 0.512500 0.609375 0.525000 0.615625 0.535417 0.618750 0.541667 0.623437 0.558333 0.628125 0.568750 0.635938 0.579167 0.637500 0.579167 0.643750 0.587500 0.651563 0.604167 0.657813 0.612500 0.660937 0.614583 0.664062 0.616667 0.671875 0.616667 0.678125 0.612500 0.681250 0.608333 0.687500 0.600000 0.689063 0.597917 0.689063 0.595833 0.692187 0.591667 0.693750 0.587500 0.693750 0.583333 0.695312 0.579167 0.698438 0.575000 0.700000 0.570833 0.703125 0.560417 0.704688 0.554167 0.704688 0.545833 0.707812 0.537500 0.709375 0.529167 0.710938 0.518750 0.712500 0.502083 0.712500 0.429167 0.710938 0.420833 0.703125 0.402083 0.698438 0.377083 0.696875 0.372917 0.695312 0.368750 0.687500 0.358333 0.684375 0.352083 0.673438 0.325000 0.670312 0.318750 0.665625 0.312500 0.660937 0.308333 0.654687 0.302083 0.650000 0.300000 0.645312 0.297917 0.634375 0.297917
3 0.454688 0.654167 0.454688 0.660417 0.451562 0.662500 0.450000 0.672917 0.446875 0.677083 0.446875 0.683333 0.443750 0.689583 0.445312 0.693750 0.454688 0.706250 0.462500 0.714583 0.476562 0.727083 0.479687 0.729167 0.482812 0.731250 0.490625 0.735417 0.496875 0.737500 0.507812 0.739583 0.526563 0.739583 0.535937 0.741667 0.543750 0.743750 0.551562 0.745833 0.562500 0.752083 0.578125 0.762500 0.585938 0.764583 0.589063 0.766667 0.595313 0.772917 0.598437 0.775000 0.603125 0.775000 0.609375 0.779167 0.623437 0.789583 0.643750 0.800000 0.673438 0.820833 0.703125 0.839583 0.707812 0.841667 0.720313 0.841667 0.723437 0.837500 0.723437 0.829167 0.721875 0.825000 0.717187 0.820833 0.710938 0.816667 0.701562 0.810417 0.675000 0.797917 0.664062 0.789583 0.656250 0.787500 0.648438 0.783333 0.634375 0.772917 0.623437 0.766667 0.609375 0.758333 0.596875 0.754167 0.593750 0.752083 0.587500 0.745833 0.584375 0.743750 0.570312 0.737500 0.557813 0.729167 0.539062 0.712500 0.528125 0.700000 0.514062 0.681250 0.503125 0.672917 0.500000 0.670833 0.496875 0.670833 0.490625 0.664583 0.487500 0.662500 0.468750 0.654167 0.462500 0.652083 0.454688 0.654167
0 0.278125 0.545833 0.268750 0.550000 0.267188 0.562500 0.267188 0.587500 0.264062 0.597917 0.264062 0.695833 0.262500 0.702083 0.257812 0.712500 0.256250 0.718750 0.254688 0.733333 0.253125 0.760417 0.253125 0.766667 0.253125 0.781250 0.254688 0.789583 0.257812 0.791667 0.262500 0.793750 0.268750 0.795833 0.290625 0.797917 0.331250 0.797917 0.360938 0.804167 0.376563 0.806250 0.398438 0.804167 0.400000 0.800000 0.400000 0.789583 0.404687 0.762500 0.406250 0.745833 0.407813 0.718750 0.409375 0.687500 0.410938 0.616667 0.410938 0.585417 0.409375 0.566667 0.407813 0.560417 0.404687 0.556250 0.400000 0.554167 0.389062 0.552083 0.367188 0.550000 0.328125 0.550000 0.309375 0.545833 0.278125 0.545833
6 0.514062 0.741667 0.510938 0.747917 0.507812 0.758333 0.500000 0.781250 0.495312 0.791667 0.487500 0.806250 0.482812 0.814583 0.459375 0.845833 0.453125 0.852083 0.450000 0.854167 0.460938 0.854167 0.462500 0.856250 0.485938 0.858333 0.515625 0.858333 0.548438 0.860417 0.565625 0.864583 0.604688 0.862500 0.609375 0.862500 0.637500 0.866667 0.654687 0.866667 0.662500 0.864583 0.665625 0.862500 0.665625 0.856250 0.667188 0.854167 0.668750 0.839583 0.668750 0.820833 0.665625 0.816667 0.660937 0.814583 0.656250 0.808333 0.651563 0.804167 0.640625 0.800000 0.621875 0.791667 0.618750 0.795833 0.618750 0.802083 0.621875 0.810417 0.620313 0.814583 0.621875 0.818750 0.625000 0.827083 0.625000 0.835417 0.628125 0.841667 0.628125 0.850000 0.626563 0.854167 0.623437 0.858333 0.620313 0.860417 0.615625 0.862500 0.612500 0.860417 0.609375 0.856250 0.607812 0.852083 0.606250 0.845833 0.604688 0.839583 0.601562 0.825000 0.600000 0.816667 0.598437 0.808333 0.598437 0.791667 0.595313 0.785417 0.595313 0.775000 0.593750 0.770833 0.589063 0.766667 0.584375 0.766667 0.568750 0.756250 0.564063 0.754167 0.559375 0.754167 0.554688 0.750000 0.545312 0.750000 0.545312 0.764583 0.546875 0.772917 0.548438 0.781250 0.551562 0.787500 0.553125 0.795833 0.556250 0.814583 0.557813 0.825000 0.559375 0.835417 0.559375 0.850000 0.553125 0.856250 0.548438 0.850000 0.548438 0.837500 0.546875 0.829167 0.545312 0.820833 0.543750 0.814583 0.542188 0.808333 0.539062 0.802083 0.537500 0.795833 0.534375 0.781250 0.529687 0.750000 0.528125 0.745833 0.526563 0.743750 0.523438 0.741667 0.514062 0.741667
6 0.531250 0.568750 0.529687 0.575000 0.528125 0.585417 0.525000 0.595833 0.520312 0.600000 0.518750 0.610417 0.520312 0.625000 0.523438 0.633333 0.523438 0.643750 0.528125 0.670833 0.531250 0.685417 0.532813 0.695833 0.534375 0.702083 0.539062 0.710417 0.540625 0.712500 0.546875 0.718750 0.554688 0.722917 0.562500 0.731250 0.565625 0.733333 0.568750 0.735417 0.573438 0.737500 0.578125 0.739583 0.589063 0.739583 0.589063 0.731250 0.584375 0.716667 0.582812 0.708333 0.582812 0.700000 0.581250 0.691667 0.573438 0.662500 0.573438 0.650000 0.570312 0.643750 0.570312 0.637500 0.568750 0.635417 0.568750 0.631250 0.564063 0.625000 0.562500 0.618750 0.551562 0.606250 0.548438 0.602083 0.545312 0.595833 0.540625 0.585417 0.539062 0.581250 0.537500 0.570833 0.535937 0.566667 0.531250 0.568750
6 0.553125 0.475000 0.553125 0.481250 0.556250 0.487500 0.557813 0.493750 0.557813 0.500000 0.560937 0.506250 0.560937 0.512500 0.564063 0.518750 0.564063 0.531250 0.567187 0.537500 0.567187 0.547917 0.568750 0.554167 0.573438 0.564583 0.575000 0.570833 0.575000 0.581250 0.578125 0.593750 0.584375 0.616667 0.584375 0.627083 0.585938 0.635417 0.587500 0.643750 0.595313 0.675000 0.598437 0.693750 0.598437 0.704167 0.601562 0.712500 0.601562 0.720833 0.604688 0.727083 0.604688 0.733333 0.607812 0.737500 0.607812 0.745833 0.609375 0.752083 0.612500 0.760417 0.615625 0.762500 0.618750 0.762500 0.629687 0.770833 0.643750 0.779167 0.651563 0.781250 0.659375 0.787500 0.664062 0.789583 0.668750 0.789583 0.668750 0.739583 0.670312 0.737500 0.671875 0.672917 0.670312 0.620833 0.665625 0.620833 0.660937 0.618750 0.657813 0.616667 0.648438 0.604167 0.645312 0.595833 0.625000 0.568750 0.621875 0.560417 0.614062 0.537500 0.600000 0.518750 0.596875 0.512500 0.595313 0.508333 0.593750 0.504167 0.592187 0.495833 0.592187 0.483333 0.590625 0.479167 0.560937 0.475000 0.553125 0.475000
6 0.506250 0.472917 0.503125 0.477083 0.501563 0.475000 0.498437 0.479167 0.498437 0.483333 0.503125 0.487500 0.507812 0.489583 0.518750 0.504167 0.523438 0.512500 0.523438 0.516667 0.525000 0.520833 0.528125 0.525000 0.531250 0.525000 0.531250 0.502083 0.532813 0.485417 0.535937 0.481250 0.535937 0.475000 0.512500 0.472917 0.506250 0.472917
6 0.409375 0.470833 0.407813 0.475000 0.412500 0.475000 0.421875 0.481250 0.429688 0.485417 0.432812 0.487500 0.435937 0.491667 0.439063 0.491667 0.446875 0.500000 0.450000 0.500000 0.456250 0.508333 0.460938 0.512500 0.467187 0.516667 0.470313 0.516667 0.471875 0.508333 0.479687 0.489583 0.478125 0.481250 0.475000 0.479167 0.473438 0.479167 0.467187 0.472917 0.457813 0.470833 0.409375 0.470833
