27 0.826562 0.258333 0.815625 0.260417 0.809375 0.262500 0.804688 0.264583 0.800000 0.266667 0.795312 0.270833 0.781250 0.283333 0.750000 0.314583 0.745313 0.316667 0.735938 0.327083 0.728125 0.337500 0.725000 0.343750 0.723437 0.347917 0.721875 0.352083 0.720313 0.358333 0.718750 0.366667 0.718750 0.389583 0.720313 0.397917 0.721875 0.404167 0.723437 0.408333 0.725000 0.412500 0.731250 0.427083 0.740625 0.439583 0.745313 0.441667 0.751563 0.443750 0.757812 0.445833 0.775000 0.445833 0.782813 0.443750 0.796875 0.437500 0.804688 0.435417 0.812500 0.435417 0.820312 0.433333 0.828125 0.431250 0.843750 0.425000 0.848437 0.422917 0.856250 0.418750 0.873437 0.408333 0.878125 0.402083 0.882812 0.400000 0.885938 0.395833 0.889062 0.389583 0.889062 0.385417 0.892188 0.381250 0.893750 0.377083 0.895312 0.366667 0.896875 0.358333 0.896875 0.322917 0.895312 0.314583 0.892188 0.306250 0.890625 0.300000 0.885938 0.291667 0.871875 0.272917 0.867188 0.268750 0.864062 0.266667 0.856250 0.262500 0.851562 0.260417 0.842187 0.258333 0.826562 0.258333
0 0.504687 0.514583 0.498437 0.516667 0.492188 0.518750 0.484375 0.525000 0.478125 0.531250 0.465625 0.545833 0.453125 0.560417 0.451562 0.562500 0.451562 0.564583 0.448437 0.568750 0.446875 0.572917 0.445312 0.577083 0.443750 0.583333 0.442188 0.589583 0.442188 0.600000 0.440625 0.602083 0.440625 0.610417 0.442188 0.612500 0.442188 0.622917 0.443750 0.631250 0.448437 0.650000 0.450000 0.654167 0.454688 0.664583 0.473438 0.689583 0.478125 0.693750 0.482812 0.697917 0.492188 0.704167 0.496875 0.706250 0.501563 0.708333 0.510938 0.710417 0.518750 0.710417 0.520312 0.708333 0.529687 0.708333 0.537500 0.704167 0.540625 0.702083 0.543750 0.700000 0.548438 0.695833 0.553125 0.691667 0.570312 0.668750 0.573438 0.662500 0.576562 0.656250 0.581250 0.643750 0.582812 0.637500 0.584375 0.631250 0.585938 0.620833 0.585938 0.595833 0.584375 0.587500 0.582812 0.581250 0.581250 0.577083 0.579688 0.572917 0.576562 0.566667 0.573438 0.560417 0.564063 0.545833 0.551562 0.531250 0.546875 0.527083 0.543750 0.525000 0.540625 0.522917 0.526563 0.516667 0.520312 0.514583 0.504687 0.514583
0 0.359375 0.460417 0.354687 0.462500 0.342187 0.470833 0.337500 0.475000 0.331250 0.481250 0.323437 0.491667 0.320312 0.497917 0.310937 0.522917 0.309375 0.529167 0.307812 0.537500 0.307812 0.570833 0.309375 0.579167 0.310937 0.585417 0.312500 0.589583 0.315625 0.593750 0.315625 0.597917 0.317188 0.602083 0.320312 0.608333 0.323437 0.614583 0.332813 0.627083 0.337500 0.631250 0.343750 0.635417 0.353125 0.641667 0.357812 0.643750 0.364063 0.645833 0.385937 0.645833 0.392188 0.643750 0.398438 0.641667 0.403125 0.639583 0.412500 0.633333 0.418750 0.627083 0.435937 0.604167 0.439063 0.597917 0.440625 0.591667 0.446875 0.568750 0.446875 0.529167 0.445312 0.520833 0.442188 0.510417 0.439063 0.506250 0.439063 0.502083 0.434375 0.493750 0.420312 0.475000 0.415625 0.470833 0.406250 0.464583 0.401562 0.462500 0.395313 0.460417 0.359375 0.460417
12 0.250000 0.320833 0.243750 0.325000 0.218750 0.325000 0.212500 0.327083 0.207813 0.329167 0.204687 0.331250 0.201563 0.333333 0.196875 0.337500 0.192188 0.341667 0.184375 0.352083 0.181250 0.362500 0.179688 0.368750 0.178125 0.375000 0.178125 0.397917 0.179688 0.404167 0.181250 0.410417 0.182812 0.414583 0.184375 0.418750 0.187500 0.425000 0.201563 0.443750 0.206250 0.445833 0.214062 0.456250 0.220312 0.460417 0.231250 0.468750 0.235937 0.472917 0.242188 0.475000 0.270313 0.475000 0.276562 0.472917 0.289062 0.466667 0.293750 0.462500 0.298438 0.458333 0.307812 0.445833 0.310937 0.439583 0.315625 0.429167 0.317188 0.422917 0.317188 0.385417 0.315625 0.375000 0.314063 0.366667 0.310937 0.360417 0.307812 0.354167 0.303125 0.345833 0.296875 0.337500 0.292187 0.333333 0.287500 0.329167 0.284375 0.327083 0.281250 0.325000 0.276562 0.322917 0.270313 0.320833 0.250000 0.320833
20 0.629687 0.243750 0.623437 0.245833 0.618750 0.247917 0.610938 0.254167 0.595313 0.266667 0.592187 0.266667 0.589063 0.268750 0.581250 0.277083 0.567187 0.285417 0.564063 0.289583 0.562500 0.289583 0.560937 0.291667 0.560937 0.293750 0.557813 0.297917 0.556250 0.304167 0.554688 0.314583 0.554688 0.318750 0.556250 0.331250 0.559375 0.339583 0.564063 0.352083 0.567187 0.356250 0.568750 0.362500 0.570312 0.364583 0.571875 0.364583 0.575000 0.368750 0.592187 0.368750 0.598437 0.366667 0.604688 0.364583 0.609375 0.362500 0.620313 0.356250 0.623437 0.354167 0.645312 0.337500 0.654687 0.325000 0.656250 0.325000 0.664062 0.314583 0.667188 0.308333 0.668750 0.302083 0.668750 0.293750 0.667188 0.287500 0.662500 0.275000 0.656250 0.260417 0.646875 0.247917 0.642188 0.245833 0.635938 0.243750 0.629687 0.243750
0 0.398438 0.664583 0.392188 0.666667 0.385937 0.668750 0.381250 0.670833 0.376563 0.672917 0.367188 0.679167 0.359375 0.685417 0.356250 0.689583 0.353125 0.693750 0.350000 0.697917 0.343750 0.708333 0.340625 0.714583 0.335938 0.727083 0.334375 0.733333 0.332813 0.741667 0.331250 0.758333 0.331250 0.766667 0.332813 0.779167 0.334375 0.787500 0.335938 0.793750 0.337500 0.797917 0.343750 0.812500 0.348438 0.820833 0.353125 0.827083 0.354687 0.827083 0.357812 0.833333 0.360938 0.835417 0.365625 0.839583 0.375000 0.845833 0.379688 0.845833 0.384375 0.850000 0.392188 0.852083 0.400000 0.852083 0.407813 0.852083 0.415625 0.850000 0.423438 0.847917 0.428125 0.845833 0.435937 0.841667 0.439063 0.839583 0.442188 0.837500 0.445312 0.833333 0.446875 0.833333 0.448437 0.831250 0.448437 0.829167 0.450000 0.827083 0.462500 0.812500 0.468750 0.802083 0.473438 0.789583 0.475000 0.781250 0.476562 0.770833 0.476562 0.739583 0.475000 0.729167 0.473438 0.722917 0.470313 0.714583 0.468750 0.708333 0.464062 0.700000 0.451562 0.683333 0.445312 0.677083 0.442188 0.675000 0.439063 0.672917 0.431250 0.668750 0.425000 0.666667 0.418750 0.664583 0.398438 0.664583
31 0.093750 0.072917 0.084375 0.075000 0.079687 0.077083 0.075000 0.079167 0.071875 0.081250 0.068750 0.083333 0.064062 0.087500 0.059375 0.093750 0.057813 0.093750 0.054688 0.097917 0.054688 0.100000 0.050000 0.106250 0.046875 0.112500 0.042188 0.125000 0.040625 0.131250 0.039062 0.139583 0.039062 0.168750 0.040625 0.177083 0.043750 0.187500 0.045312 0.191667 0.046875 0.195833 0.051562 0.204167 0.068750 0.227083 0.073438 0.231250 0.078125 0.235417 0.090625 0.241667 0.098437 0.250000 0.135937 0.272917 0.143750 0.281250 0.146875 0.283333 0.150000 0.285417 0.160938 0.289583 0.168750 0.289583 0.173437 0.293750 0.182812 0.295833 0.207813 0.295833 0.212500 0.293750 0.221875 0.287500 0.228125 0.281250 0.237500 0.268750 0.239063 0.264583 0.239063 0.258333 0.242188 0.252083 0.242188 0.222917 0.240625 0.214583 0.239063 0.208333 0.237500 0.202083 0.235937 0.197917 0.220312 0.177083 0.215625 0.175000 0.206250 0.164583 0.196875 0.152083 0.187500 0.143750 0.176563 0.129167 0.171875 0.127083 0.151562 0.100000 0.143750 0.091667 0.134375 0.085417 0.123438 0.079167 0.118750 0.077083 0.114062 0.075000 0.104688 0.072917 0.093750 0.072917
1 0.810937 0.433333 0.804688 0.435417 0.798438 0.437500 0.795312 0.439583 0.792188 0.441667 0.790625 0.445833 0.795312 0.458333 0.795312 0.475000 0.793750 0.522917 0.789062 0.595833 0.789062 0.631250 0.787500 0.668750 0.785937 0.695833 0.784375 0.718750 0.782813 0.733333 0.776563 0.762500 0.775000 0.766667 0.779687 0.772917 0.785937 0.775000 0.790625 0.777083 0.804688 0.779167 0.825000 0.779167 0.848437 0.783333 0.860938 0.787500 0.864062 0.783333 0.864062 0.770833 0.862500 0.766667 0.859375 0.760417 0.853125 0.752083 0.851562 0.747917 0.853125 0.731250 0.851562 0.672917 0.853125 0.620833 0.854688 0.579167 0.859375 0.541667 0.860938 0.510417 0.862500 0.477083 0.864062 0.445833 0.864062 0.439583 0.862500 0.435417 0.859375 0.433333 0.856250 0.435417 0.853125 0.443750 0.850000 0.447917 0.845313 0.447917 0.835938 0.437500 0.831250 0.435417 0.826562 0.433333 0.810937 0.433333
19 0.560937 0.027083 0.553125 0.031250 0.550000 0.033333 0.546875 0.035417 0.535937 0.045833 0.521875 0.054167 0.514062 0.060417 0.501563 0.072917 0.490625 0.081250 0.484375 0.085417 0.471875 0.091667 0.459375 0.102083 0.450000 0.112500 0.445312 0.116667 0.437500 0.120833 0.409375 0.145833 0.390625 0.158333 0.382812 0.164583 0.370312 0.175000 0.357812 0.187500 0.345313 0.197917 0.337500 0.204167 0.326562 0.210417 0.321875 0.216667 0.320312 0.220833 0.320312 0.235417 0.321875 0.239583 0.326562 0.245833 0.331250 0.260417 0.334375 0.266667 0.339062 0.272917 0.345313 0.287500 0.353125 0.310417 0.362500 0.327083 0.367188 0.337500 0.376563 0.364583 0.381250 0.370833 0.384375 0.372917 0.393750 0.372917 0.396875 0.370833 0.400000 0.368750 0.404687 0.362500 0.409375 0.360417 0.414062 0.354167 0.423438 0.347917 0.431250 0.341667 0.434375 0.339583 0.437500 0.339583 0.440625 0.337500 0.448437 0.329167 0.459375 0.320833 0.465625 0.318750 0.473438 0.312500 0.478125 0.306250 0.482812 0.302083 0.493750 0.293750 0.506250 0.283333 0.539062 0.258333 0.550000 0.252083 0.557813 0.245833 0.562500 0.239583 0.573438 0.233333 0.581250 0.227083 0.596875 0.212500 0.607812 0.204167 0.615625 0.197917 0.621875 0.195833 0.625000 0.193750 0.626563 0.191667 0.626563 0.189583 0.629687 0.185417 0.629687 0.168750 0.626563 0.162500 0.617188 0.143750 0.601562 0.104167 0.598437 0.095833 0.596875 0.091667 0.593750 0.079167 0.592187 0.075000 0.587500 0.066667 0.584375 0.054167 0.576562 0.035417 0.571875 0.029167 0.568750 0.027083 0.560937 0.027083
15 0.120313 0.570833 0.114062 0.572917 0.103125 0.577083 0.098437 0.579167 0.093750 0.581250 0.081250 0.595833 0.076563 0.602083 0.075000 0.606250 0.075000 0.654167 0.078125 0.666667 0.078125 0.683333 0.075000 0.739583 0.075000 0.764583 0.076563 0.781250 0.079687 0.789583 0.079687 0.804167 0.078125 0.841667 0.079687 0.852083 0.087500 0.862500 0.092188 0.864583 0.101562 0.864583 0.121875 0.858333 0.134375 0.856250 0.162500 0.858333 0.178125 0.858333 0.184375 0.856250 0.187500 0.854167 0.192188 0.847917 0.193750 0.843750 0.193750 0.825000 0.192188 0.725000 0.189062 0.675000 0.189062 0.625000 0.187500 0.608333 0.185938 0.595833 0.182812 0.585417 0.178125 0.583333 0.168750 0.579167 0.162500 0.577083 0.156250 0.575000 0.146875 0.572917 0.131250 0.570833 0.120313 0.570833
6 0.695312 0.397917 0.659375 0.400000 0.628125 0.402083 0.595313 0.404167 0.567187 0.406250 0.564063 0.410417 0.564063 0.418750 0.565625 0.422917 0.567187 0.425000 0.576562 0.433333 0.598437 0.462500 0.609375 0.481250 0.612500 0.487500 0.615625 0.493750 0.621875 0.512500 0.628125 0.522917 0.629687 0.527083 0.631250 0.531250 0.635938 0.545833 0.637500 0.554167 0.640625 0.570833 0.642188 0.583333 0.643750 0.597917 0.645312 0.612500 0.645312 0.668750 0.643750 0.683333 0.642188 0.695833 0.640625 0.704167 0.637500 0.716667 0.632812 0.735417 0.629687 0.745833 0.625000 0.758333 0.617188 0.779167 0.612500 0.789583 0.600000 0.812500 0.587500 0.831250 0.582812 0.837500 0.567187 0.854167 0.564063 0.858333 0.562500 0.862500 0.564063 0.877083 0.567187 0.879167 0.614062 0.881250 0.665625 0.881250 0.667188 0.883333 0.718750 0.881250 0.720313 0.870833 0.725000 0.868750 0.735938 0.868750 0.740625 0.864583 0.748437 0.862500 0.748437 0.820833 0.746875 0.789583 0.743750 0.768750 0.743750 0.737500 0.740625 0.710417 0.739062 0.681250 0.737500 0.650000 0.735938 0.618750 0.735938 0.587500 0.731250 0.525000 0.731250 0.489583 0.729688 0.458333 0.728125 0.429167 0.726562 0.420833 0.725000 0.416667 0.721875 0.412500 0.720313 0.404167 0.715625 0.397917 0.695312 0.397917
21 0.165625 0.345833 0.160938 0.352083 0.159375 0.368750 0.154688 0.368750 0.150000 0.375000 0.150000 0.481250 0.151562 0.485417 0.156250 0.489583 0.173437 0.489583 0.189062 0.487500 0.192188 0.485417 0.192188 0.443750 0.190625 0.433333 0.189062 0.429167 0.184375 0.422917 0.179688 0.410417 0.178125 0.404167 0.176563 0.397917 0.176563 0.375000 0.181250 0.358333 0.181250 0.350000 0.173437 0.345833 0.165625 0.345833
