18 0.601562 0.356250 0.593750 0.358333 0.587500 0.360417 0.582812 0.362500 0.570312 0.370833 0.564063 0.379167 0.562500 0.379167 0.557813 0.385417 0.554688 0.391667 0.551562 0.397917 0.550000 0.402083 0.546875 0.412500 0.545312 0.418750 0.545312 0.456250 0.546875 0.464583 0.550000 0.472917 0.551562 0.479167 0.562500 0.493750 0.570312 0.502083 0.573438 0.504167 0.576562 0.506250 0.590625 0.512500 0.600000 0.514583 0.604688 0.514583 0.615625 0.512500 0.623437 0.510417 0.635938 0.502083 0.640625 0.497917 0.646875 0.491667 0.648438 0.489583 0.653125 0.481250 0.656250 0.475000 0.662500 0.458333 0.664062 0.452083 0.665625 0.433333 0.665625 0.429167 0.664062 0.414583 0.662500 0.408333 0.656250 0.391667 0.651563 0.383333 0.645312 0.375000 0.639062 0.368750 0.629687 0.362500 0.625000 0.360417 0.620313 0.358333 0.610938 0.356250 0.601562 0.356250
8 0.028125 0.000000 0.025000 0.004167 0.020313 0.012500 0.015625 0.022917 0.014063 0.027083 0.010937 0.037500 0.010937 0.056250 0.012500 0.062500 0.014063 0.068750 0.018750 0.085417 0.025000 0.100000 0.026562 0.106250 0.026562 0.114583 0.018750 0.122917 0.017188 0.127083 0.017188 0.131250 0.021875 0.141667 0.035937 0.177083 0.037500 0.185417 0.039062 0.189583 0.042188 0.193750 0.042188 0.195833 0.043750 0.197917 0.046875 0.200000 0.054688 0.197917 0.057813 0.202083 0.060937 0.212500 0.064062 0.218750 0.067187 0.225000 0.071875 0.233333 0.084375 0.250000 0.090625 0.256250 0.101562 0.264583 0.112500 0.272917 0.121875 0.279167 0.129688 0.281250 0.137500 0.287500 0.150000 0.293750 0.159375 0.295833 0.162500 0.297917 0.168750 0.304167 0.171875 0.304167 0.175000 0.306250 0.178125 0.310417 0.181250 0.312500 0.184375 0.314583 0.192188 0.316667 0.195312 0.320833 0.223438 0.335417 0.229687 0.335417 0.234375 0.339583 0.243750 0.341667 0.273438 0.341667 0.279687 0.339583 0.284375 0.337500 0.289062 0.335417 0.292187 0.333333 0.296875 0.329167 0.303125 0.322917 0.310937 0.310417 0.312500 0.310417 0.314063 0.308333 0.315625 0.302083 0.318750 0.297917 0.320312 0.293750 0.321875 0.289583 0.323437 0.283333 0.325000 0.277083 0.326562 0.266667 0.326562 0.245833 0.325000 0.233333 0.323437 0.225000 0.321875 0.218750 0.317188 0.206250 0.290625 0.170833 0.285938 0.162500 0.282813 0.154167 0.278125 0.145833 0.253125 0.112500 0.248438 0.102083 0.240625 0.091667 0.237500 0.083333 0.226562 0.070833 0.225000 0.068750 0.218750 0.056250 0.215625 0.052083 0.214062 0.052083 0.209375 0.045833 0.184375 0.027083 0.181250 0.025000 0.178125 0.022917 0.173437 0.020833 0.156250 0.018750 0.131250 0.008333 0.123438 0.008333 0.117188 0.004167 0.106250 0.004167 0.096875 0.000000 0.028125 0.000000
7 0.557813 0.152083 0.551562 0.154167 0.546875 0.156250 0.537500 0.162500 0.532813 0.166667 0.526563 0.172917 0.518750 0.183333 0.512500 0.193750 0.509375 0.200000 0.504687 0.212500 0.500000 0.231250 0.498437 0.241667 0.498437 0.279167 0.500000 0.293750 0.503125 0.300000 0.506250 0.320833 0.510938 0.335417 0.510938 0.341667 0.521875 0.354167 0.526563 0.362500 0.526563 0.364583 0.529687 0.368750 0.534375 0.372917 0.542188 0.377083 0.546875 0.379167 0.560937 0.379167 0.562500 0.377083 0.565625 0.377083 0.568750 0.372917 0.573438 0.366667 0.576562 0.364583 0.579688 0.362500 0.584375 0.360417 0.590625 0.358333 0.598437 0.358333 0.601562 0.356250 0.609375 0.347917 0.612500 0.339583 0.620313 0.329167 0.626563 0.318750 0.629687 0.312500 0.632812 0.302083 0.637500 0.295833 0.640625 0.285417 0.642188 0.270833 0.642188 0.220833 0.640625 0.214583 0.639062 0.208333 0.637500 0.204167 0.634375 0.197917 0.625000 0.183333 0.623437 0.181250 0.614062 0.170833 0.609375 0.166667 0.604688 0.162500 0.596875 0.158333 0.592187 0.156250 0.585938 0.154167 0.579688 0.152083 0.557813 0.152083
26 0.729688 0.214583 0.726562 0.216667 0.718750 0.225000 0.715625 0.227083 0.712500 0.227083 0.709375 0.229167 0.706250 0.231250 0.701562 0.235417 0.685937 0.256250 0.679688 0.266667 0.671875 0.279167 0.668750 0.287500 0.656250 0.306250 0.650000 0.318750 0.646875 0.325000 0.645312 0.333333 0.645312 0.360417 0.646875 0.368750 0.653125 0.379167 0.656250 0.389583 0.662500 0.397917 0.668750 0.404167 0.673438 0.408333 0.678125 0.410417 0.703125 0.410417 0.712500 0.408333 0.718750 0.406250 0.729688 0.402083 0.737500 0.397917 0.745313 0.393750 0.748437 0.389583 0.765625 0.381250 0.768750 0.379167 0.776563 0.372917 0.784375 0.366667 0.787500 0.362500 0.789062 0.362500 0.790625 0.360417 0.795312 0.352083 0.798438 0.345833 0.803125 0.333333 0.807813 0.312500 0.807813 0.287500 0.804688 0.281250 0.804688 0.275000 0.801562 0.268750 0.801562 0.262500 0.796875 0.254167 0.790625 0.243750 0.787500 0.239583 0.784375 0.235417 0.779687 0.229167 0.771875 0.222917 0.768750 0.220833 0.760938 0.216667 0.750000 0.214583 0.729688 0.214583
0 0.818750 0.095833 0.804688 0.097917 0.795312 0.100000 0.790625 0.102083 0.781250 0.108333 0.765625 0.120833 0.748437 0.143750 0.745313 0.150000 0.734375 0.179167 0.732812 0.187500 0.732812 0.214583 0.754687 0.214583 0.760938 0.216667 0.771875 0.222917 0.776563 0.225000 0.784375 0.233333 0.792188 0.243750 0.793750 0.250000 0.798438 0.258333 0.800000 0.260417 0.801562 0.260417 0.804688 0.268750 0.804688 0.272917 0.809375 0.285417 0.809375 0.300000 0.823438 0.300000 0.829688 0.297917 0.834375 0.295833 0.839063 0.293750 0.848437 0.287500 0.853125 0.283333 0.857812 0.279167 0.876563 0.254167 0.879687 0.247917 0.881250 0.243750 0.881250 0.239583 0.884375 0.235417 0.885938 0.231250 0.889062 0.220833 0.890625 0.214583 0.892188 0.204167 0.892188 0.177083 0.890625 0.162500 0.885938 0.147917 0.881250 0.137500 0.876563 0.129167 0.867188 0.116667 0.860938 0.110417 0.856250 0.106250 0.853125 0.104167 0.845313 0.100000 0.837500 0.097917 0.825000 0.095833 0.818750 0.095833
15 0.490625 0.002083 0.489063 0.006250 0.485938 0.014583 0.478125 0.039583 0.473438 0.047917 0.471875 0.056250 0.464062 0.075000 0.454688 0.089583 0.454688 0.093750 0.450000 0.102083 0.448437 0.110417 0.443750 0.116667 0.442188 0.120833 0.440625 0.125000 0.435937 0.143750 0.428125 0.162500 0.426563 0.172917 0.423438 0.177083 0.417187 0.200000 0.415625 0.204167 0.410938 0.212500 0.410938 0.227083 0.415625 0.233333 0.415625 0.235417 0.418750 0.239583 0.426563 0.245833 0.429688 0.247917 0.432812 0.250000 0.440625 0.252083 0.445312 0.254167 0.470313 0.272917 0.478125 0.275000 0.485938 0.281250 0.489063 0.281250 0.490625 0.279167 0.496875 0.277083 0.496875 0.237500 0.498437 0.229167 0.500000 0.220833 0.503125 0.210417 0.509375 0.195833 0.512500 0.189583 0.531250 0.164583 0.535937 0.160417 0.540625 0.156250 0.543750 0.154167 0.546875 0.152083 0.553125 0.152083 0.559375 0.143750 0.560937 0.137500 0.562500 0.127083 0.573438 0.100000 0.579688 0.081250 0.579688 0.075000 0.584375 0.066667 0.585938 0.060417 0.585938 0.043750 0.584375 0.039583 0.579688 0.031250 0.575000 0.025000 0.570312 0.020833 0.567187 0.018750 0.564063 0.016667 0.556250 0.014583 0.548438 0.008333 0.543750 0.006250 0.529687 0.004167 0.523438 0.000000 0.490625 0.002083
12 0.400000 0.270833 0.392188 0.272917 0.387500 0.275000 0.384375 0.277083 0.379688 0.281250 0.368750 0.295833 0.362500 0.312500 0.360938 0.320833 0.359375 0.331250 0.359375 0.358333 0.360938 0.368750 0.362500 0.375000 0.364063 0.381250 0.365625 0.385417 0.367188 0.389583 0.370312 0.395833 0.375000 0.404167 0.381250 0.412500 0.423438 0.412500 0.437500 0.416667 0.451562 0.416667 0.456250 0.412500 0.464062 0.402083 0.468750 0.393750 0.471875 0.385417 0.476562 0.372917 0.478125 0.362500 0.478125 0.341667 0.476562 0.331250 0.475000 0.322917 0.473438 0.316667 0.468750 0.304167 0.457813 0.289583 0.450000 0.283333 0.445312 0.281250 0.440625 0.281250 0.432812 0.275000 0.428125 0.272917 0.421875 0.270833 0.400000 0.270833
0 0.485938 0.639583 0.487500 0.645833 0.489063 0.650000 0.492188 0.654167 0.495312 0.656250 0.500000 0.656250 0.501563 0.654167 0.506250 0.652083 0.496875 0.652083 0.493750 0.650000 0.485938 0.639583
0 0.507812 0.556250 0.507812 0.560417 0.512500 0.566667 0.514062 0.575000 0.517188 0.579167 0.518750 0.585417 0.525000 0.591667 0.528125 0.602083 0.529687 0.608333 0.528125 0.612500 0.531250 0.620833 0.531250 0.629167 0.528125 0.637500 0.525000 0.641667 0.518750 0.647917 0.523438 0.647917 0.528125 0.643750 0.535937 0.633333 0.537500 0.622917 0.537500 0.602083 0.535937 0.595833 0.531250 0.583333 0.528125 0.577083 0.525000 0.572917 0.523438 0.572917 0.520312 0.568750 0.520312 0.566667 0.517188 0.562500 0.512500 0.560417 0.507812 0.556250
0 0.479687 0.543750 0.471875 0.545833 0.468750 0.547917 0.465625 0.552083 0.465625 0.562500 0.467187 0.568750 0.470313 0.575000 0.476562 0.612500 0.482812 0.627083 0.482812 0.631250 0.485938 0.635417 0.482812 0.629167 0.482812 0.625000 0.484375 0.620833 0.484375 0.616667 0.482812 0.566667 0.485938 0.547917 0.484375 0.543750 0.479687 0.543750
0 0.421875 0.516667 0.415625 0.518750 0.407813 0.522917 0.404687 0.525000 0.393750 0.535417 0.368750 0.552083 0.360938 0.560417 0.343750 0.570833 0.334375 0.579167 0.326562 0.585417 0.321875 0.587500 0.317188 0.589583 0.312500 0.589583 0.306250 0.591667 0.300000 0.597917 0.296875 0.600000 0.290625 0.602083 0.284375 0.606250 0.278125 0.612500 0.275000 0.614583 0.268750 0.616667 0.265625 0.620833 0.265625 0.633333 0.267188 0.641667 0.268750 0.647917 0.273438 0.662500 0.279687 0.679167 0.282813 0.683333 0.285938 0.691667 0.290625 0.704167 0.293750 0.714583 0.296875 0.731250 0.300000 0.741667 0.303125 0.750000 0.307812 0.762500 0.312500 0.770833 0.317188 0.777083 0.321875 0.777083 0.323437 0.772917 0.325000 0.760417 0.325000 0.747917 0.326562 0.743750 0.329688 0.739583 0.332813 0.737500 0.348438 0.737500 0.350000 0.735417 0.354687 0.735417 0.354687 0.731250 0.353125 0.720833 0.350000 0.710417 0.350000 0.695833 0.351562 0.691667 0.354687 0.687500 0.359375 0.685417 0.364063 0.685417 0.370312 0.689583 0.373437 0.689583 0.379688 0.685417 0.382812 0.681250 0.385937 0.675000 0.387500 0.670833 0.389062 0.666667 0.393750 0.647917 0.393750 0.639583 0.395313 0.631250 0.400000 0.625000 0.407813 0.622917 0.410938 0.622917 0.412500 0.625000 0.418750 0.627083 0.420312 0.631250 0.420312 0.643750 0.421875 0.656250 0.423438 0.664583 0.426563 0.668750 0.431250 0.666667 0.439063 0.656250 0.443750 0.652083 0.446875 0.650000 0.457813 0.650000 0.462500 0.656250 0.465625 0.666667 0.471875 0.666667 0.475000 0.664583 0.478125 0.662500 0.479687 0.656250 0.478125 0.650000 0.476562 0.645833 0.473438 0.641667 0.462500 0.612500 0.462500 0.608333 0.460938 0.604167 0.451562 0.585417 0.450000 0.581250 0.448437 0.577083 0.446875 0.566667 0.442188 0.554167 0.431250 0.525000 0.428125 0.520833 0.428125 0.518750 0.421875 0.516667
24 0.729688 0.408333 0.725000 0.410417 0.721875 0.412500 0.718750 0.414583 0.676562 0.443750 0.668750 0.450000 0.665625 0.456250 0.659375 0.477083 0.656250 0.483333 0.645312 0.497917 0.639062 0.504167 0.634375 0.508333 0.631250 0.510417 0.617188 0.516667 0.612500 0.516667 0.609375 0.518750 0.607812 0.525000 0.609375 0.529167 0.612500 0.535417 0.620313 0.547917 0.635938 0.579167 0.639062 0.587500 0.640625 0.591667 0.643750 0.604167 0.650000 0.618750 0.654687 0.629167 0.659375 0.635417 0.671875 0.668750 0.678125 0.679167 0.685937 0.702083 0.690625 0.708333 0.698438 0.727083 0.704688 0.741667 0.721875 0.783333 0.729688 0.806250 0.737500 0.820833 0.737500 0.825000 0.751563 0.854167 0.756250 0.868750 0.764062 0.883333 0.764062 0.887500 0.771875 0.902083 0.784375 0.937500 0.798438 0.968750 0.798438 0.972917 0.801562 0.979167 0.807813 0.985417 0.810937 0.983333 0.820312 0.977083 0.839063 0.960417 0.865625 0.943750 0.879687 0.933333 0.898438 0.918750 0.914062 0.904167 0.917188 0.904167 0.935937 0.889583 0.943750 0.883333 0.948438 0.877083 0.948438 0.872917 0.946875 0.868750 0.942187 0.862500 0.931250 0.839583 0.920312 0.812500 0.912500 0.795833 0.901563 0.772917 0.898438 0.766667 0.890625 0.754167 0.887500 0.743750 0.878125 0.727083 0.875000 0.716667 0.867188 0.704167 0.862500 0.693750 0.859375 0.683333 0.854688 0.672917 0.837500 0.635417 0.829688 0.622917 0.826562 0.612500 0.814063 0.585417 0.804688 0.568750 0.801562 0.558333 0.785937 0.529167 0.773438 0.497917 0.765625 0.487500 0.760938 0.479167 0.759375 0.475000 0.757812 0.470833 0.756250 0.464583 0.754687 0.452083 0.751563 0.439583 0.748437 0.429167 0.746875 0.425000 0.745313 0.420833 0.742188 0.414583 0.737500 0.408333 0.729688 0.408333
0 0.485938 0.529167 0.484375 0.566667 0.484375 0.631250 0.485938 0.633333 0.485938 0.641667 0.492188 0.647917 0.496875 0.652083 0.501563 0.654167 0.509375 0.654167 0.515625 0.652083 0.518750 0.650000 0.529687 0.635417 0.531250 0.627083 0.529687 0.614583 0.528125 0.606250 0.526563 0.600000 0.525000 0.595833 0.523438 0.591667 0.517188 0.583333 0.514062 0.577083 0.512500 0.568750 0.507812 0.560417 0.506250 0.556250 0.507812 0.554167 0.503125 0.543750 0.500000 0.537500 0.492188 0.527083 0.485938 0.529167
0 0.495312 0.775000 0.484375 0.777083 0.478125 0.779167 0.475000 0.781250 0.471875 0.783333 0.470313 0.785417 0.468750 0.789583 0.467187 0.793750 0.467187 0.806250 0.470313 0.812500 0.478125 0.822917 0.482812 0.827083 0.487500 0.831250 0.501563 0.831250 0.507812 0.829167 0.515625 0.818750 0.521875 0.808333 0.526563 0.800000 0.529687 0.793750 0.532813 0.783333 0.529687 0.779167 0.521875 0.775000 0.495312 0.775000
0 0.481250 0.664583 0.479687 0.666667 0.475000 0.666667 0.468750 0.672917 0.468750 0.685417 0.470313 0.689583 0.471875 0.691667 0.475000 0.693750 0.478125 0.695833 0.487500 0.697917 0.493750 0.695833 0.500000 0.697917 0.503125 0.702083 0.503125 0.708333 0.501563 0.714583 0.496875 0.725000 0.492188 0.731250 0.490625 0.731250 0.487500 0.735417 0.487500 0.741667 0.489063 0.743750 0.489063 0.752083 0.490625 0.760417 0.493750 0.764583 0.496875 0.766667 0.501563 0.766667 0.506250 0.768750 0.509375 0.772917 0.521875 0.772917 0.528125 0.777083 0.534375 0.777083 0.539062 0.772917 0.548438 0.760417 0.550000 0.756250 0.551562 0.752083 0.551562 0.741667 0.550000 0.735417 0.548438 0.729167 0.542188 0.712500 0.535937 0.704167 0.531250 0.702083 0.526563 0.695833 0.521875 0.687500 0.518750 0.679167 0.514062 0.672917 0.509375 0.668750 0.503125 0.666667 0.484375 0.664583 0.481250 0.664583
0 0.448437 0.652083 0.445312 0.654167 0.442188 0.656250 0.434375 0.664583 0.426563 0.672917 0.426563 0.687500 0.429688 0.695833 0.432812 0.697917 0.442188 0.697917 0.446875 0.704167 0.448437 0.716667 0.446875 0.725000 0.445312 0.729167 0.440625 0.735417 0.435937 0.737500 0.431250 0.743750 0.431250 0.752083 0.432812 0.758333 0.434375 0.762500 0.437500 0.766667 0.443750 0.768750 0.450000 0.770833 0.467187 0.770833 0.471875 0.775000 0.476562 0.775000 0.479687 0.772917 0.485938 0.764583 0.487500 0.760417 0.485938 0.743750 0.485938 0.733333 0.489063 0.729167 0.493750 0.727083 0.495312 0.725000 0.500000 0.714583 0.501563 0.708333 0.500000 0.700000 0.493750 0.697917 0.478125 0.697917 0.475000 0.695833 0.471875 0.693750 0.467187 0.687500 0.467187 0.677083 0.465625 0.670833 0.460938 0.658333 0.456250 0.652083 0.448437 0.652083
0 0.407813 0.625000 0.400000 0.627083 0.396875 0.631250 0.395313 0.639583 0.392188 0.660417 0.389062 0.670833 0.387500 0.675000 0.376563 0.689583 0.371875 0.691667 0.353125 0.691667 0.351562 0.697917 0.351562 0.706250 0.353125 0.708333 0.353125 0.718750 0.354687 0.725000 0.359375 0.731250 0.359375 0.733333 0.362500 0.737500 0.370312 0.741667 0.382812 0.758333 0.385937 0.760417 0.390625 0.762500 0.395313 0.764583 0.407813 0.764583 0.410938 0.762500 0.415625 0.758333 0.420312 0.754167 0.431250 0.739583 0.439063 0.735417 0.443750 0.729167 0.445312 0.725000 0.445312 0.710417 0.445312 0.706250 0.442188 0.700000 0.439063 0.697917 0.434375 0.700000 0.429688 0.697917 0.426563 0.693750 0.425000 0.685417 0.421875 0.666667 0.420312 0.656250 0.418750 0.643750 0.418750 0.631250 0.417187 0.627083 0.410938 0.625000 0.407813 0.625000
0 0.426563 0.766667 0.421875 0.768750 0.418750 0.770833 0.414062 0.777083 0.412500 0.783333 0.409375 0.791667 0.414062 0.800000 0.414062 0.816667 0.410938 0.822917 0.410938 0.827083 0.415625 0.827083 0.417187 0.829167 0.423438 0.829167 0.443750 0.856250 0.451562 0.872917 0.459375 0.885417 0.464062 0.891667 0.471875 0.891667 0.476562 0.885417 0.479687 0.877083 0.478125 0.870833 0.475000 0.864583 0.471875 0.858333 0.465625 0.850000 0.464062 0.845833 0.462500 0.841667 0.460938 0.835417 0.459375 0.829167 0.459375 0.810417 0.460938 0.804167 0.468750 0.785417 0.468750 0.777083 0.465625 0.772917 0.450000 0.772917 0.442188 0.770833 0.435937 0.766667 0.426563 0.766667
0 0.404687 0.795833 0.401562 0.795833 0.398438 0.797917 0.390625 0.808333 0.389062 0.812500 0.387500 0.833333 0.385937 0.839583 0.381250 0.856250 0.379688 0.860417 0.378125 0.864583 0.364063 0.866667 0.359375 0.864583 0.356250 0.860417 0.351562 0.860417 0.350000 0.868750 0.351562 0.881250 0.353125 0.885417 0.356250 0.889583 0.356250 0.891667 0.357812 0.893750 0.365625 0.900000 0.371875 0.906250 0.375000 0.908333 0.384375 0.908333 0.392188 0.906250 0.395313 0.904167 0.409375 0.891667 0.412500 0.885417 0.414062 0.881250 0.414062 0.877083 0.409375 0.866667 0.409375 0.858333 0.410938 0.847917 0.412500 0.843750 0.415625 0.839583 0.415625 0.831250 0.409375 0.829167 0.409375 0.822917 0.412500 0.816667 0.410938 0.795833 0.409375 0.795833 0.404687 0.795833
0 0.332813 0.739583 0.328125 0.745833 0.326562 0.752083 0.325000 0.770833 0.325000 0.779167 0.329688 0.789583 0.331250 0.802083 0.335938 0.812500 0.337500 0.818750 0.339062 0.831250 0.340625 0.837500 0.345313 0.847917 0.351562 0.856250 0.360938 0.862500 0.365625 0.864583 0.375000 0.864583 0.378125 0.860417 0.379688 0.854167 0.382812 0.843750 0.384375 0.837500 0.385937 0.831250 0.387500 0.818750 0.389062 0.806250 0.389062 0.793750 0.384375 0.781250 0.384375 0.775000 0.382812 0.768750 0.381250 0.762500 0.379688 0.758333 0.368750 0.743750 0.365625 0.741667 0.360938 0.739583 0.332813 0.739583
0 0.287500 0.768750 0.285938 0.768750 0.284375 0.770833 0.282813 0.775000 0.279687 0.783333 0.279687 0.789583 0.276562 0.795833 0.275000 0.802083 0.275000 0.825000 0.278125 0.835417 0.279687 0.845833 0.279687 0.868750 0.284375 0.881250 0.289062 0.887500 0.292187 0.889583 0.296875 0.891667 0.303125 0.893750 0.314063 0.895833 0.320312 0.893750 0.323437 0.891667 0.326562 0.889583 0.332813 0.883333 0.334375 0.879167 0.335938 0.875000 0.335938 0.818750 0.332813 0.808333 0.315625 0.785417 0.310937 0.781250 0.303125 0.775000 0.290625 0.766667 0.287500 0.768750
20 0.798438 0.381250 0.793750 0.383333 0.789062 0.385417 0.784375 0.389583 0.779687 0.395833 0.776563 0.402083 0.776563 0.431250 0.778125 0.437500 0.779687 0.443750 0.781250 0.447917 0.782813 0.452083 0.787500 0.462500 0.800000 0.487500 0.806250 0.497917 0.812500 0.506250 0.818750 0.512500 0.823438 0.516667 0.828125 0.518750 0.832812 0.520833 0.846875 0.520833 0.851562 0.518750 0.856250 0.514583 0.860938 0.508333 0.862500 0.504167 0.864062 0.500000 0.864062 0.481250 0.862500 0.475000 0.859375 0.466667 0.854688 0.454167 0.848437 0.439583 0.842187 0.427083 0.832812 0.408333 0.817187 0.387500 0.814063 0.385417 0.810937 0.383333 0.804688 0.381250 0.798438 0.381250
23 0.142187 0.672917 0.139063 0.675000 0.132812 0.683333 0.131250 0.689583 0.128125 0.704167 0.126562 0.712500 0.126562 0.737500 0.125000 0.750000 0.121875 0.762500 0.121875 0.779167 0.117188 0.802083 0.117188 0.814583 0.115625 0.827083 0.110937 0.845833 0.110937 0.864583 0.107813 0.875000 0.107813 0.893750 0.110937 0.902083 0.114062 0.904167 0.120313 0.906250 0.126562 0.908333 0.142187 0.908333 0.151562 0.912500 0.178125 0.914583 0.196875 0.912500 0.209375 0.914583 0.212500 0.912500 0.220312 0.902083 0.221875 0.889583 0.223438 0.875000 0.223438 0.860417 0.225000 0.845833 0.228125 0.833333 0.229687 0.814583 0.229687 0.810417 0.228125 0.808333 0.228125 0.802083 0.226562 0.797917 0.221875 0.789583 0.220312 0.781250 0.220312 0.772917 0.215625 0.758333 0.214062 0.750000 0.210938 0.731250 0.209375 0.714583 0.209375 0.691667 0.207813 0.683333 0.204687 0.679167 0.184375 0.679167 0.168750 0.675000 0.146875 0.672917 0.142187 0.672917
1 0.634375 0.591667 0.629687 0.593750 0.626563 0.595833 0.623437 0.597917 0.618750 0.602083 0.614062 0.606250 0.606250 0.614583 0.603125 0.618750 0.603125 0.629167 0.606250 0.639583 0.607812 0.662500 0.607812 0.716667 0.609375 0.722917 0.614062 0.733333 0.618750 0.739583 0.620313 0.745833 0.625000 0.752083 0.628125 0.758333 0.632812 0.768750 0.634375 0.772917 0.635938 0.779167 0.635938 0.785417 0.637500 0.791667 0.643750 0.808333 0.653125 0.827083 0.653125 0.831250 0.657813 0.843750 0.660937 0.850000 0.667188 0.860417 0.668750 0.864583 0.670312 0.868750 0.675000 0.887500 0.676562 0.891667 0.679688 0.895833 0.687500 0.916667 0.689063 0.927083 0.689063 0.956250 0.690625 0.962500 0.696875 0.968750 0.700000 0.964583 0.707812 0.958333 0.728125 0.945833 0.756250 0.922917 0.760938 0.918750 0.767188 0.910417 0.767188 0.902083 0.754687 0.883333 0.743750 0.870833 0.737500 0.854167 0.721875 0.825000 0.720313 0.820833 0.720313 0.816667 0.718750 0.812500 0.709375 0.789583 0.707812 0.785417 0.696875 0.758333 0.687500 0.735417 0.678125 0.716667 0.665625 0.681250 0.650000 0.645833 0.648438 0.641667 0.646875 0.637500 0.643750 0.627083 0.642188 0.612500 0.639062 0.604167 0.639062 0.597917 0.637500 0.593750 0.634375 0.591667
