24 0.207813 0.366667 0.204687 0.370833 0.203125 0.389583 0.203125 0.441667 0.201563 0.481250 0.198437 0.516667 0.196875 0.600000 0.193750 0.639583 0.192188 0.679167 0.192188 0.722917 0.190625 0.762500 0.189062 0.779167 0.185938 0.795833 0.184375 0.812500 0.182812 0.831250 0.182812 0.852083 0.181250 0.866667 0.176563 0.887500 0.176563 0.902083 0.178125 0.906250 0.181250 0.908333 0.195312 0.910417 0.339062 0.908333 0.340625 0.904167 0.340625 0.866667 0.337500 0.845833 0.337500 0.825000 0.339062 0.797917 0.343750 0.743750 0.343750 0.687500 0.346875 0.647917 0.345313 0.572917 0.345313 0.527083 0.346875 0.508333 0.353125 0.485417 0.354687 0.475000 0.356250 0.464583 0.356250 0.450000 0.359375 0.435417 0.360938 0.414583 0.360938 0.387500 0.354687 0.387500 0.353125 0.385417 0.339062 0.383333 0.309375 0.381250 0.295312 0.379167 0.270313 0.372917 0.256250 0.370833 0.239063 0.368750 0.220312 0.366667 0.207813 0.366667
0 0.460938 0.100000 0.453125 0.102083 0.439063 0.108333 0.426563 0.116667 0.420312 0.122917 0.406250 0.141667 0.403125 0.147917 0.401562 0.152083 0.400000 0.156250 0.398438 0.168750 0.398438 0.185417 0.400000 0.197917 0.404687 0.216667 0.414062 0.241667 0.414062 0.247917 0.410938 0.252083 0.409375 0.252083 0.407813 0.258333 0.404687 0.262500 0.403125 0.266667 0.407813 0.266667 0.409375 0.262500 0.410938 0.256250 0.414062 0.252083 0.420312 0.254167 0.421875 0.258333 0.425000 0.268750 0.434375 0.287500 0.442188 0.297917 0.445312 0.300000 0.450000 0.302083 0.454688 0.304167 0.462500 0.304167 0.464062 0.306250 0.470313 0.306250 0.471875 0.304167 0.479687 0.304167 0.484375 0.302083 0.489063 0.300000 0.495312 0.295833 0.504687 0.289583 0.509375 0.285417 0.515625 0.279167 0.517188 0.277083 0.520312 0.272917 0.521875 0.270833 0.529687 0.258333 0.532813 0.252083 0.535937 0.245833 0.542188 0.229167 0.543750 0.220833 0.543750 0.202083 0.542188 0.191667 0.540625 0.185417 0.539062 0.179167 0.535937 0.168750 0.532813 0.158333 0.531250 0.154167 0.529687 0.150000 0.520312 0.129167 0.515625 0.120833 0.509375 0.112500 0.504687 0.108333 0.501563 0.106250 0.498437 0.104167 0.493750 0.102083 0.485938 0.100000 0.460938 0.100000
21 0.632812 0.147917 0.634375 0.193750 0.659375 0.195833 0.725000 0.195833 0.728125 0.193750 0.728125 0.189583 0.729688 0.185417 0.731250 0.183333 0.735938 0.181250 0.737500 0.177083 0.737500 0.158333 0.734375 0.150000 0.731250 0.147917 0.679688 0.145833 0.632812 0.147917
16 0.773438 0.693750 0.781250 0.695833 0.784375 0.697917 0.787500 0.702083 0.784375 0.706250 0.781250 0.706250 0.779687 0.712500 0.773438 0.720833 0.770312 0.720833 0.762500 0.731250 0.760938 0.735417 0.764062 0.739583 0.767188 0.739583 0.775000 0.733333 0.790625 0.735417 0.793750 0.716667 0.787500 0.708333 0.784375 0.706250 0.787500 0.702083 0.795312 0.706250 0.796875 0.710417 0.798438 0.718750 0.796875 0.733333 0.796875 0.741667 0.800000 0.747917 0.801562 0.756250 0.800000 0.760417 0.800000 0.764583 0.796875 0.775000 0.795312 0.779167 0.790625 0.785417 0.790625 0.808333 0.793750 0.843750 0.793750 0.856250 0.792188 0.862500 0.787500 0.864583 0.782813 0.858333 0.781250 0.854167 0.781250 0.835417 0.778125 0.822917 0.775000 0.835417 0.773438 0.841667 0.765625 0.852083 0.762500 0.854167 0.760938 0.847917 0.764062 0.843750 0.764062 0.837500 0.759375 0.831250 0.754687 0.835417 0.753125 0.843750 0.756250 0.847917 0.760938 0.847917 0.762500 0.854167 0.751563 0.854167 0.748437 0.852083 0.742188 0.843750 0.740625 0.837500 0.739062 0.829167 0.737500 0.816667 0.735938 0.791667 0.731250 0.764583 0.731250 0.745833 0.734375 0.739583 0.737500 0.735417 0.746875 0.729167 0.750000 0.729167 0.753125 0.727083 0.754687 0.725000 0.754687 0.722917 0.757812 0.718750 0.757812 0.714583 0.760938 0.710417 0.764062 0.714583 0.767188 0.714583 0.770312 0.712500 0.771875 0.710417 0.773438 0.706250 0.770312 0.702083 0.767188 0.702083 0.760938 0.710417 0.757812 0.714583 0.756250 0.702083 0.757812 0.697917 0.764062 0.693750 0.773438 0.693750
31 0.203125 0.156250 0.196875 0.160417 0.189062 0.164583 0.185938 0.166667 0.178125 0.175000 0.168750 0.187500 0.165625 0.193750 0.162500 0.200000 0.157812 0.210417 0.156250 0.216667 0.156250 0.256250 0.160938 0.272917 0.164062 0.277083 0.164062 0.281250 0.165625 0.285417 0.168750 0.291667 0.178125 0.304167 0.185938 0.308333 0.193750 0.316667 0.196875 0.318750 0.200000 0.320833 0.207813 0.325000 0.220312 0.329167 0.240625 0.341667 0.245312 0.343750 0.250000 0.343750 0.259375 0.350000 0.264062 0.350000 0.268750 0.354167 0.287500 0.354167 0.295312 0.352083 0.300000 0.350000 0.303125 0.347917 0.306250 0.345833 0.310937 0.341667 0.317188 0.333333 0.321875 0.325000 0.325000 0.318750 0.328125 0.308333 0.329688 0.297917 0.329688 0.283333 0.328125 0.272917 0.326562 0.264583 0.325000 0.260417 0.323437 0.256250 0.320312 0.250000 0.265625 0.177083 0.257812 0.168750 0.254688 0.166667 0.240625 0.160417 0.232813 0.158333 0.225000 0.156250 0.203125 0.156250
12 0.590625 0.229167 0.584375 0.231250 0.579688 0.233333 0.575000 0.235417 0.565625 0.241667 0.560937 0.245833 0.548438 0.262500 0.543750 0.270833 0.537500 0.287500 0.535937 0.293750 0.534375 0.302083 0.532813 0.312500 0.532813 0.335417 0.534375 0.345833 0.535937 0.352083 0.537500 0.358333 0.539062 0.362500 0.540625 0.366667 0.543750 0.370833 0.545312 0.377083 0.546875 0.379167 0.548438 0.379167 0.556250 0.391667 0.560937 0.395833 0.568750 0.402083 0.571875 0.404167 0.575000 0.406250 0.579688 0.408333 0.584375 0.410417 0.595313 0.412500 0.612500 0.412500 0.618750 0.410417 0.623437 0.408333 0.628125 0.406250 0.631250 0.404167 0.634375 0.402083 0.642188 0.395833 0.648438 0.389583 0.659375 0.372917 0.662500 0.366667 0.668750 0.350000 0.670312 0.341667 0.671875 0.331250 0.671875 0.306250 0.670312 0.295833 0.668750 0.289583 0.667188 0.283333 0.660937 0.268750 0.657813 0.262500 0.648438 0.250000 0.643750 0.245833 0.639062 0.241667 0.629687 0.235417 0.625000 0.233333 0.620313 0.231250 0.612500 0.229167 0.590625 0.229167
19 0.789062 0.133333 0.785937 0.135417 0.781250 0.139583 0.770312 0.154167 0.759375 0.164583 0.737500 0.191667 0.726562 0.202083 0.715625 0.214583 0.703125 0.229167 0.701562 0.231250 0.700000 0.235417 0.700000 0.250000 0.703125 0.260417 0.704688 0.264583 0.707812 0.270833 0.715625 0.283333 0.728125 0.302083 0.743750 0.322917 0.754687 0.339583 0.762500 0.352083 0.762500 0.354167 0.770312 0.366667 0.771875 0.368750 0.775000 0.370833 0.785937 0.389583 0.790625 0.393750 0.801562 0.410417 0.801562 0.412500 0.812500 0.427083 0.850000 0.487500 0.864062 0.506250 0.864062 0.508333 0.876563 0.525000 0.879687 0.527083 0.884375 0.529167 0.889062 0.527083 0.892188 0.525000 0.895312 0.522917 0.901563 0.516667 0.907813 0.510417 0.921875 0.491667 0.945312 0.466667 0.959375 0.454167 0.975000 0.435417 0.981250 0.431250 0.984375 0.427083 0.985938 0.422917 0.985938 0.410417 0.984375 0.406250 0.948438 0.358333 0.939063 0.343750 0.929688 0.329167 0.926562 0.320833 0.910937 0.300000 0.907813 0.291667 0.895312 0.272917 0.881250 0.252083 0.859375 0.222917 0.835938 0.189583 0.834375 0.183333 0.829688 0.179167 0.814063 0.156250 0.814063 0.154167 0.800000 0.135417 0.796875 0.133333 0.789062 0.133333
0 0.670312 0.425000 0.659375 0.429167 0.648438 0.429167 0.643750 0.431250 0.640625 0.433333 0.637500 0.435417 0.631250 0.443750 0.629687 0.443750 0.625000 0.450000 0.623437 0.470833 0.623437 0.502083 0.620313 0.525000 0.618750 0.560417 0.617188 0.606250 0.617188 0.610417 0.618750 0.622917 0.617188 0.625000 0.618750 0.637500 0.617188 0.685417 0.618750 0.689583 0.623437 0.691667 0.632812 0.704167 0.635938 0.706250 0.648438 0.706250 0.650000 0.704167 0.664062 0.704167 0.671875 0.702083 0.678125 0.700000 0.685937 0.697917 0.692187 0.693750 0.701562 0.687500 0.709375 0.681250 0.721875 0.664583 0.725000 0.658333 0.731250 0.641667 0.735938 0.627083 0.735938 0.616667 0.740625 0.606250 0.740625 0.593750 0.739062 0.589583 0.737500 0.585417 0.731250 0.577083 0.728125 0.566667 0.729688 0.562500 0.734375 0.554167 0.735938 0.550000 0.735938 0.522917 0.732812 0.512500 0.726562 0.497917 0.725000 0.487500 0.721875 0.479167 0.717187 0.466667 0.709375 0.447917 0.706250 0.441667 0.698438 0.431250 0.695312 0.429167 0.692187 0.427083 0.687500 0.425000 0.670312 0.425000
1 0.689063 0.220833 0.682813 0.225000 0.673438 0.231250 0.667188 0.239583 0.662500 0.241667 0.657813 0.245833 0.654687 0.252083 0.656250 0.256250 0.664062 0.268750 0.667188 0.275000 0.668750 0.279167 0.670312 0.283333 0.671875 0.289583 0.673438 0.300000 0.673438 0.339583 0.670312 0.352083 0.670312 0.360417 0.673438 0.368750 0.678125 0.381250 0.685937 0.400000 0.690625 0.406250 0.695312 0.420833 0.698438 0.427083 0.709375 0.441667 0.712500 0.447917 0.718750 0.462500 0.725000 0.479167 0.731250 0.502083 0.735938 0.514583 0.740625 0.520833 0.742188 0.525000 0.743750 0.535417 0.743750 0.550000 0.745313 0.564583 0.746875 0.568750 0.751563 0.575000 0.756250 0.575000 0.762500 0.568750 0.778125 0.552083 0.793750 0.537500 0.812500 0.522917 0.814063 0.520833 0.814063 0.518750 0.817187 0.514583 0.818750 0.508333 0.815625 0.504167 0.810937 0.502083 0.804688 0.493750 0.795312 0.481250 0.789062 0.468750 0.776563 0.443750 0.770312 0.427083 0.765625 0.420833 0.751563 0.391667 0.746875 0.377083 0.737500 0.360417 0.729688 0.337500 0.721875 0.322917 0.717187 0.308333 0.710938 0.297917 0.706250 0.287500 0.696875 0.262500 0.695312 0.254167 0.695312 0.237500 0.692187 0.220833 0.689063 0.220833
0 0.495312 0.445833 0.484375 0.447917 0.479687 0.450000 0.475000 0.452083 0.467187 0.456250 0.451562 0.466667 0.443750 0.468750 0.440625 0.472917 0.435937 0.475000 0.431250 0.477083 0.421875 0.479167 0.412500 0.483333 0.400000 0.491667 0.390625 0.493750 0.376563 0.504167 0.371875 0.504167 0.368750 0.506250 0.367188 0.508333 0.367188 0.510417 0.367188 0.516667 0.371875 0.537500 0.371875 0.545833 0.373437 0.556250 0.378125 0.562500 0.384375 0.579167 0.384375 0.585417 0.387500 0.595833 0.389062 0.604167 0.393750 0.610417 0.395313 0.616667 0.401562 0.635417 0.403125 0.645833 0.404687 0.650000 0.409375 0.656250 0.410938 0.662500 0.412500 0.672917 0.414062 0.677083 0.421875 0.691667 0.423438 0.695833 0.425000 0.700000 0.425000 0.706250 0.426563 0.710417 0.428125 0.714583 0.431250 0.720833 0.434375 0.727083 0.437500 0.731250 0.450000 0.731250 0.454688 0.729167 0.462500 0.722917 0.467187 0.722917 0.475000 0.718750 0.485938 0.708333 0.490625 0.708333 0.493750 0.706250 0.496875 0.702083 0.501563 0.700000 0.509375 0.697917 0.517188 0.691667 0.525000 0.687500 0.529687 0.687500 0.540625 0.679167 0.545312 0.679167 0.557813 0.670833 0.562500 0.668750 0.564063 0.664583 0.564063 0.660417 0.562500 0.658333 0.562500 0.652083 0.553125 0.616667 0.546875 0.597917 0.542188 0.589583 0.540625 0.581250 0.539062 0.577083 0.534375 0.568750 0.531250 0.560417 0.525000 0.541667 0.523438 0.535417 0.521875 0.529167 0.521875 0.518750 0.520312 0.510417 0.517188 0.504167 0.515625 0.491667 0.514062 0.485417 0.506250 0.464583 0.504687 0.454167 0.503125 0.450000 0.501563 0.447917 0.498437 0.445833 0.495312 0.445833
0 0.464062 0.447917 0.460938 0.450000 0.459375 0.452083 0.459375 0.454167 0.457813 0.458333 0.460938 0.458333 0.470313 0.454167 0.473438 0.450000 0.464062 0.447917
0 0.501563 0.420833 0.500000 0.422917 0.496875 0.422917 0.490625 0.431250 0.489063 0.433333 0.487500 0.437500 0.487500 0.443750 0.500000 0.443750 0.503125 0.445833 0.504687 0.447917 0.506250 0.452083 0.507812 0.462500 0.509375 0.468750 0.512500 0.472917 0.514062 0.477083 0.514062 0.485417 0.518750 0.493750 0.521875 0.508333 0.523438 0.525000 0.525000 0.531250 0.526563 0.537500 0.531250 0.543750 0.529687 0.547917 0.532813 0.552083 0.535937 0.566667 0.537500 0.570833 0.540625 0.575000 0.540625 0.579167 0.543750 0.583333 0.545312 0.591667 0.550000 0.600000 0.551562 0.604167 0.556250 0.618750 0.559375 0.629167 0.560937 0.635417 0.560937 0.641667 0.567187 0.658333 0.567187 0.668750 0.564063 0.672917 0.560937 0.675000 0.550000 0.679167 0.542188 0.679167 0.537500 0.685417 0.542188 0.687500 0.545312 0.685417 0.548438 0.679167 0.553125 0.685417 0.560937 0.685417 0.564063 0.681250 0.575000 0.679167 0.585938 0.679167 0.589063 0.677083 0.592187 0.672917 0.593750 0.666667 0.598437 0.660417 0.601562 0.654167 0.609375 0.637500 0.614062 0.627083 0.614062 0.585417 0.615625 0.583333 0.615625 0.543750 0.614062 0.535417 0.612500 0.525000 0.610938 0.520833 0.606250 0.512500 0.604688 0.508333 0.604688 0.504167 0.609375 0.500000 0.610938 0.495833 0.610938 0.491667 0.609375 0.487500 0.607812 0.485417 0.604688 0.483333 0.598437 0.481250 0.595313 0.475000 0.596875 0.468750 0.593750 0.460417 0.589063 0.458333 0.576562 0.441667 0.571875 0.437500 0.567187 0.435417 0.565625 0.433333 0.565625 0.431250 0.564063 0.429167 0.560937 0.427083 0.553125 0.427083 0.550000 0.431250 0.546875 0.431250 0.537500 0.429167 0.531250 0.433333 0.517188 0.433333 0.514062 0.431250 0.510938 0.427083 0.510938 0.422917 0.507812 0.420833 0.501563 0.420833
