0 0.765625 0.706250 0.759375 0.708333 0.753125 0.710417 0.746875 0.712500 0.737500 0.718750 0.709375 0.745833 0.701562 0.750000 0.696875 0.756250 0.696875 0.772917 0.698438 0.779167 0.712500 0.800000 0.720313 0.808333 0.723437 0.810417 0.726562 0.812500 0.748437 0.812500 0.753125 0.808333 0.762500 0.795833 0.765625 0.787500 0.770312 0.775000 0.779687 0.741667 0.779687 0.727083 0.778125 0.720833 0.773438 0.708333 0.770312 0.706250 0.765625 0.706250
0 0.295312 0.427083 0.290625 0.431250 0.287500 0.435417 0.287500 0.445833 0.290625 0.452083 0.295312 0.460417 0.296875 0.464583 0.298438 0.468750 0.300000 0.475000 0.298438 0.491667 0.298438 0.500000 0.301563 0.504167 0.304688 0.506250 0.309375 0.508333 0.315625 0.508333 0.318750 0.506250 0.321875 0.502083 0.323437 0.497917 0.325000 0.487500 0.325000 0.462500 0.323437 0.447917 0.320312 0.443750 0.312500 0.437500 0.309375 0.437500 0.306250 0.435417 0.298438 0.427083 0.295312 0.427083
0 0.348438 0.397917 0.334375 0.400000 0.329688 0.404167 0.323437 0.410417 0.321875 0.412500 0.315625 0.422917 0.315625 0.433333 0.317188 0.437500 0.320312 0.439583 0.323437 0.441667 0.332813 0.441667 0.334375 0.439583 0.345313 0.439583 0.348438 0.443750 0.353125 0.443750 0.360938 0.439583 0.367188 0.435417 0.367188 0.429167 0.365625 0.425000 0.364063 0.420833 0.356250 0.406250 0.351562 0.400000 0.348438 0.397917
0 0.365625 0.389583 0.359375 0.391667 0.356250 0.395833 0.356250 0.404167 0.360938 0.414583 0.365625 0.420833 0.370312 0.433333 0.368750 0.439583 0.359375 0.441667 0.356250 0.445833 0.354687 0.445833 0.353125 0.460417 0.357812 0.472917 0.362500 0.481250 0.367188 0.485417 0.370312 0.487500 0.373437 0.489583 0.378125 0.491667 0.393750 0.489583 0.398438 0.481250 0.403125 0.481250 0.412500 0.483333 0.417187 0.481250 0.428125 0.472917 0.431250 0.468750 0.437500 0.454167 0.439063 0.450000 0.440625 0.443750 0.442188 0.435417 0.442188 0.427083 0.437500 0.412500 0.437500 0.404167 0.435937 0.400000 0.431250 0.397917 0.426563 0.393750 0.417187 0.391667 0.414062 0.391667 0.412500 0.393750 0.407813 0.393750 0.404687 0.395833 0.396875 0.404167 0.390625 0.404167 0.384375 0.395833 0.381250 0.393750 0.378125 0.391667 0.365625 0.389583
0 0.368750 0.358333 0.367188 0.360417 0.362500 0.360417 0.354687 0.364583 0.348438 0.372917 0.346875 0.379167 0.346875 0.387500 0.348438 0.391667 0.353125 0.395833 0.356250 0.393750 0.359375 0.389583 0.378125 0.389583 0.381250 0.391667 0.384375 0.393750 0.390625 0.402083 0.396875 0.402083 0.404687 0.393750 0.404687 0.385417 0.395313 0.372917 0.392188 0.368750 0.389062 0.366667 0.381250 0.362500 0.371875 0.358333 0.368750 0.358333
0 0.689063 0.700000 0.685937 0.702083 0.682813 0.704167 0.675000 0.714583 0.668750 0.731250 0.657813 0.745833 0.651563 0.762500 0.651563 0.770833 0.650000 0.772917 0.650000 0.779167 0.651563 0.785417 0.653125 0.789583 0.659375 0.800000 0.671875 0.816667 0.678125 0.822917 0.681250 0.825000 0.690625 0.825000 0.690625 0.820833 0.692187 0.818750 0.692187 0.806250 0.693750 0.804167 0.695312 0.789583 0.696875 0.741667 0.696875 0.714583 0.695312 0.708333 0.689063 0.700000
0 0.614062 0.162500 0.601562 0.164583 0.593750 0.168750 0.584375 0.175000 0.576562 0.181250 0.568750 0.191667 0.568750 0.193750 0.559375 0.206250 0.553125 0.222917 0.551562 0.229167 0.550000 0.235417 0.548438 0.245833 0.548438 0.272917 0.550000 0.283333 0.551562 0.289583 0.553125 0.295833 0.557813 0.308333 0.560937 0.314583 0.576562 0.335417 0.581250 0.339583 0.585938 0.343750 0.595313 0.350000 0.600000 0.352083 0.606250 0.354167 0.632812 0.354167 0.646875 0.347917 0.650000 0.345833 0.653125 0.343750 0.657813 0.339583 0.664062 0.333333 0.675000 0.318750 0.679688 0.310417 0.682813 0.302083 0.689063 0.285417 0.690625 0.277083 0.692187 0.266667 0.692187 0.252083 0.690625 0.241667 0.689063 0.235417 0.684375 0.220833 0.682813 0.216667 0.681250 0.212500 0.676562 0.202083 0.662500 0.183333 0.657813 0.179167 0.653125 0.175000 0.643750 0.168750 0.639062 0.166667 0.634375 0.164583 0.625000 0.162500 0.614062 0.162500
0 0.443750 0.435417 0.442188 0.441667 0.442188 0.445833 0.440625 0.452083 0.434375 0.466667 0.428125 0.475000 0.423438 0.477083 0.418750 0.483333 0.415625 0.485417 0.400000 0.483333 0.396875 0.485417 0.395313 0.489583 0.395313 0.493750 0.396875 0.500000 0.398438 0.504167 0.403125 0.508333 0.407813 0.512500 0.410938 0.514583 0.414062 0.516667 0.423438 0.518750 0.431250 0.518750 0.443750 0.502083 0.448437 0.497917 0.456250 0.493750 0.468750 0.493750 0.476562 0.495833 0.487500 0.504167 0.495312 0.502083 0.495312 0.497917 0.498437 0.491667 0.500000 0.483333 0.500000 0.475000 0.498437 0.468750 0.495312 0.464583 0.492188 0.462500 0.476562 0.462500 0.473438 0.458333 0.470313 0.452083 0.468750 0.447917 0.468750 0.443750 0.465625 0.439583 0.459375 0.439583 0.450000 0.433333 0.443750 0.435417
14 0.189062 0.306250 0.182812 0.308333 0.178125 0.310417 0.173437 0.312500 0.170313 0.314583 0.165625 0.320833 0.153125 0.329167 0.143750 0.339583 0.142187 0.341667 0.135937 0.352083 0.132812 0.358333 0.128125 0.370833 0.126562 0.377083 0.125000 0.383333 0.123438 0.391667 0.123438 0.427083 0.128125 0.445833 0.132812 0.458333 0.137500 0.466667 0.143750 0.477083 0.146875 0.481250 0.156250 0.491667 0.167187 0.500000 0.178125 0.506250 0.182812 0.508333 0.187500 0.510417 0.195312 0.512500 0.218750 0.512500 0.225000 0.510417 0.229687 0.508333 0.234375 0.506250 0.243750 0.500000 0.248438 0.495833 0.254688 0.489583 0.264062 0.479167 0.271875 0.468750 0.276562 0.460417 0.281250 0.447917 0.282813 0.441667 0.284375 0.435417 0.285938 0.427083 0.287500 0.418750 0.287500 0.393750 0.285938 0.385417 0.284375 0.377083 0.282813 0.370833 0.276562 0.354167 0.260937 0.333333 0.256250 0.329167 0.251563 0.325000 0.243750 0.318750 0.234375 0.312500 0.229687 0.310417 0.225000 0.308333 0.214062 0.306250 0.189062 0.306250
0 0.740625 0.625000 0.735938 0.631250 0.723437 0.656250 0.715625 0.672917 0.714063 0.677083 0.712500 0.681250 0.709375 0.697917 0.704688 0.708333 0.704688 0.714583 0.706250 0.720833 0.709375 0.727083 0.714063 0.733333 0.720313 0.733333 0.723437 0.731250 0.728125 0.727083 0.737500 0.716667 0.746875 0.710417 0.767188 0.704167 0.771875 0.704167 0.771875 0.672917 0.770312 0.666667 0.768750 0.660417 0.765625 0.650000 0.760938 0.637500 0.756250 0.631250 0.753125 0.629167 0.750000 0.627083 0.745313 0.625000 0.740625 0.625000
0 0.415625 0.520833 0.410938 0.522917 0.401562 0.533333 0.398438 0.535417 0.390625 0.537500 0.384375 0.541667 0.381250 0.545833 0.373437 0.556250 0.370312 0.560417 0.370312 0.589583 0.367188 0.610417 0.367188 0.620833 0.368750 0.627083 0.370312 0.631250 0.373437 0.635417 0.376563 0.637500 0.384375 0.637500 0.387500 0.635417 0.390625 0.631250 0.392188 0.625000 0.396875 0.618750 0.403125 0.618750 0.410938 0.620833 0.417187 0.622917 0.421875 0.625000 0.431250 0.631250 0.435937 0.631250 0.440625 0.635417 0.445312 0.637500 0.450000 0.637500 0.453125 0.635417 0.460938 0.627083 0.464062 0.622917 0.464062 0.616667 0.460938 0.612500 0.456250 0.608333 0.453125 0.608333 0.442188 0.620833 0.437500 0.622917 0.434375 0.620833 0.431250 0.616667 0.429688 0.612500 0.429688 0.604167 0.431250 0.600000 0.435937 0.593750 0.439063 0.587500 0.440625 0.583333 0.440625 0.579167 0.435937 0.568750 0.435937 0.558333 0.437500 0.554167 0.442188 0.547917 0.446875 0.545833 0.448437 0.541667 0.448437 0.535417 0.445312 0.527083 0.442188 0.525000 0.437500 0.522917 0.432812 0.520833 0.415625 0.520833
0 0.457813 0.495833 0.446875 0.500000 0.445312 0.504167 0.442188 0.504167 0.432812 0.516667 0.432812 0.520833 0.435937 0.520833 0.437500 0.522917 0.442188 0.522917 0.448437 0.531250 0.450000 0.535417 0.450000 0.541667 0.448437 0.545833 0.445312 0.550000 0.442188 0.550000 0.437500 0.556250 0.437500 0.568750 0.442188 0.581250 0.439063 0.589583 0.434375 0.595833 0.431250 0.602083 0.431250 0.614583 0.434375 0.618750 0.439063 0.620833 0.442188 0.618750 0.453125 0.606250 0.456250 0.606250 0.460938 0.610417 0.467187 0.618750 0.475000 0.618750 0.484375 0.616667 0.500000 0.595833 0.500000 0.587500 0.506250 0.575000 0.509375 0.568750 0.510938 0.562500 0.510938 0.545833 0.507812 0.541667 0.507812 0.535417 0.506250 0.531250 0.501563 0.522917 0.493750 0.510417 0.492188 0.508333 0.489063 0.506250 0.476562 0.497917 0.467187 0.495833 0.457813 0.495833
18 0.135937 0.516667 0.126562 0.518750 0.121875 0.520833 0.117188 0.522917 0.107813 0.529167 0.103125 0.533333 0.093750 0.545833 0.090625 0.552083 0.084375 0.568750 0.082812 0.575000 0.081250 0.585417 0.081250 0.606250 0.082812 0.614583 0.084375 0.620833 0.085938 0.627083 0.087500 0.631250 0.092188 0.641667 0.110937 0.666667 0.114062 0.668750 0.121875 0.668750 0.125000 0.672917 0.148438 0.672917 0.157812 0.670833 0.164062 0.668750 0.192188 0.656250 0.200000 0.650000 0.212500 0.645833 0.220312 0.641667 0.223438 0.639583 0.231250 0.633333 0.243750 0.616667 0.246875 0.610417 0.250000 0.600000 0.251563 0.593750 0.251563 0.566667 0.250000 0.560417 0.248438 0.554167 0.246875 0.550000 0.245312 0.545833 0.242188 0.539583 0.232813 0.527083 0.229687 0.525000 0.226562 0.522917 0.218750 0.518750 0.195312 0.516667 0.135937 0.516667
0 0.693750 0.593750 0.668750 0.629167 0.667188 0.631250 0.665625 0.631250 0.664062 0.633333 0.664062 0.635417 0.660937 0.639583 0.659375 0.643750 0.659375 0.647917 0.660937 0.654167 0.664062 0.662500 0.664062 0.670833 0.667188 0.679167 0.668750 0.689583 0.668750 0.702083 0.673438 0.708333 0.676562 0.708333 0.679688 0.706250 0.684375 0.700000 0.689063 0.697917 0.692187 0.700000 0.696875 0.708333 0.703125 0.706250 0.703125 0.704167 0.706250 0.700000 0.707812 0.695833 0.709375 0.683333 0.712500 0.677083 0.714063 0.670833 0.714063 0.660417 0.721875 0.625000 0.721875 0.612500 0.718750 0.604167 0.715625 0.600000 0.712500 0.597917 0.709375 0.595833 0.701562 0.595833 0.700000 0.593750 0.693750 0.593750
0 0.443750 0.435417 0.442188 0.445833 0.439063 0.454167 0.434375 0.466667 0.428125 0.475000 0.423438 0.477083 0.418750 0.483333 0.415625 0.485417 0.400000 0.483333 0.395313 0.489583 0.395313 0.493750 0.396875 0.500000 0.398438 0.504167 0.403125 0.508333 0.407813 0.512500 0.410938 0.514583 0.415625 0.516667 0.423438 0.516667 0.425000 0.518750 0.431250 0.518750 0.442188 0.504167 0.446875 0.500000 0.450000 0.497917 0.453125 0.495833 0.457813 0.493750 0.468750 0.493750 0.475000 0.495833 0.482812 0.502083 0.487500 0.504167 0.495312 0.502083 0.495312 0.497917 0.498437 0.491667 0.500000 0.483333 0.500000 0.475000 0.498437 0.468750 0.495312 0.464583 0.490625 0.462500 0.476562 0.462500 0.473438 0.458333 0.470313 0.452083 0.468750 0.447917 0.468750 0.441667 0.465625 0.439583 0.454688 0.437500 0.450000 0.433333 0.443750 0.435417
0 0.512500 0.358333 0.507812 0.360417 0.504687 0.362500 0.498437 0.370833 0.493750 0.379167 0.492188 0.387500 0.492188 0.397917 0.496875 0.400000 0.496875 0.404167 0.495312 0.406250 0.495312 0.412500 0.487500 0.422917 0.473438 0.431250 0.471875 0.435417 0.470313 0.439583 0.470313 0.445833 0.471875 0.450000 0.473438 0.454167 0.478125 0.460417 0.484375 0.458333 0.493750 0.460417 0.496875 0.462500 0.501563 0.468750 0.500000 0.485417 0.501563 0.491667 0.517188 0.491667 0.521875 0.489583 0.525000 0.487500 0.526563 0.475000 0.528125 0.468750 0.532813 0.462500 0.535937 0.462500 0.535937 0.458333 0.539062 0.454167 0.545312 0.447917 0.546875 0.443750 0.548438 0.437500 0.550000 0.412500 0.545312 0.404167 0.543750 0.395833 0.543750 0.387500 0.542188 0.381250 0.535937 0.372917 0.531250 0.372917 0.528125 0.370833 0.518750 0.358333 0.512500 0.358333
0 0.621875 0.633333 0.621875 0.639583 0.620313 0.641667 0.620313 0.650000 0.618750 0.654167 0.606250 0.670833 0.606250 0.679167 0.610938 0.691667 0.615625 0.695833 0.623437 0.693750 0.628125 0.695833 0.631250 0.700000 0.631250 0.733333 0.634375 0.735417 0.640625 0.735417 0.648438 0.739583 0.659375 0.739583 0.665625 0.731250 0.667188 0.727083 0.668750 0.720833 0.665625 0.706250 0.665625 0.687500 0.664062 0.677083 0.662500 0.666667 0.660937 0.658333 0.659375 0.652083 0.657813 0.647917 0.653125 0.641667 0.650000 0.639583 0.646875 0.637500 0.640625 0.635417 0.634375 0.633333 0.621875 0.633333
0 0.584375 0.554167 0.579688 0.560417 0.579688 0.568750 0.575000 0.583333 0.573438 0.593750 0.571875 0.608333 0.571875 0.625000 0.568750 0.639583 0.568750 0.660417 0.570312 0.666667 0.571875 0.670833 0.573438 0.675000 0.575000 0.677083 0.578125 0.679167 0.593750 0.679167 0.598437 0.677083 0.601562 0.675000 0.617188 0.652083 0.618750 0.647917 0.620313 0.635417 0.620313 0.620833 0.623437 0.606250 0.623437 0.587500 0.623437 0.583333 0.618750 0.575000 0.606250 0.558333 0.603125 0.556250 0.600000 0.554167 0.584375 0.554167
16 0.351562 0.664583 0.351562 0.668750 0.339062 0.668750 0.335938 0.670833 0.332813 0.675000 0.332813 0.679167 0.334375 0.683333 0.337500 0.687500 0.340625 0.687500 0.348438 0.697917 0.351562 0.689583 0.357812 0.683333 0.359375 0.683333 0.362500 0.679167 0.360938 0.675000 0.359375 0.675000 0.356250 0.670833 0.351562 0.668750 0.351562 0.664583 0.356250 0.666667 0.359375 0.668750 0.368750 0.681250 0.373437 0.681250 0.376563 0.683333 0.379688 0.685417 0.382812 0.689583 0.389062 0.706250 0.387500 0.710417 0.387500 0.716667 0.392188 0.718750 0.395313 0.722917 0.395313 0.729167 0.396875 0.733333 0.398438 0.737500 0.401562 0.741667 0.407813 0.745833 0.412500 0.756250 0.414062 0.758333 0.415625 0.758333 0.420312 0.762500 0.425000 0.768750 0.425000 0.777083 0.418750 0.779167 0.415625 0.777083 0.412500 0.775000 0.401562 0.764583 0.392188 0.752083 0.382812 0.741667 0.376563 0.735417 0.359375 0.735417 0.354687 0.733333 0.348438 0.725000 0.346875 0.714583 0.343750 0.710417 0.340625 0.714583 0.337500 0.720833 0.337500 0.725000 0.339062 0.731250 0.342187 0.735417 0.348438 0.737500 0.351562 0.741667 0.354687 0.747917 0.356250 0.754167 0.359375 0.766667 0.359375 0.775000 0.360938 0.781250 0.364063 0.787500 0.365625 0.793750 0.367188 0.808333 0.370312 0.816667 0.370312 0.822917 0.371875 0.825000 0.371875 0.829167 0.370312 0.831250 0.370312 0.837500 0.367188 0.841667 0.367188 0.843750 0.365625 0.845833 0.362500 0.847917 0.359375 0.843750 0.360938 0.835417 0.359375 0.831250 0.354687 0.829167 0.351562 0.833333 0.350000 0.837500 0.353125 0.843750 0.359375 0.843750 0.362500 0.847917 0.359375 0.850000 0.354687 0.852083 0.350000 0.852083 0.345313 0.850000 0.342187 0.845833 0.340625 0.845833 0.339062 0.843750 0.339062 0.841667 0.335938 0.837500 0.334375 0.831250 0.326562 0.800000 0.321875 0.779167 0.318750 0.764583 0.318750 0.747917 0.320312 0.743750 0.325000 0.737500 0.329688 0.735417 0.331250 0.733333 0.332813 0.729167 0.331250 0.718750 0.328125 0.714583 0.326562 0.710417 0.326562 0.697917 0.328125 0.691667 0.326562 0.681250 0.326562 0.677083 0.328125 0.672917 0.331250 0.668750 0.337500 0.664583 0.351562 0.664583
0 0.475000 0.352083 0.475000 0.360417 0.473438 0.362500 0.471875 0.393750 0.471875 0.400000 0.475000 0.400000 0.476562 0.402083 0.482812 0.402083 0.490625 0.397917 0.490625 0.387500 0.492188 0.381250 0.493750 0.377083 0.495312 0.372917 0.501563 0.364583 0.506250 0.362500 0.503125 0.356250 0.500000 0.352083 0.496875 0.352083 0.493750 0.358333 0.490625 0.354167 0.490625 0.352083 0.485938 0.350000 0.475000 0.352083
9 0.259375 0.120833 0.248438 0.127083 0.234375 0.137500 0.226562 0.139583 0.223438 0.141667 0.217188 0.147917 0.206250 0.154167 0.198437 0.156250 0.187500 0.162500 0.184375 0.166667 0.176563 0.170833 0.168750 0.172917 0.162500 0.177083 0.159375 0.181250 0.159375 0.185417 0.162500 0.197917 0.167187 0.212500 0.171875 0.227083 0.179688 0.245833 0.179688 0.252083 0.181250 0.258333 0.185938 0.270833 0.190625 0.277083 0.193750 0.277083 0.196875 0.281250 0.200000 0.281250 0.203125 0.283333 0.215625 0.295833 0.220312 0.300000 0.225000 0.300000 0.229687 0.304167 0.234375 0.304167 0.239063 0.302083 0.243750 0.297917 0.250000 0.297917 0.254688 0.295833 0.259375 0.291667 0.264062 0.291667 0.267188 0.289583 0.270313 0.285417 0.273438 0.283333 0.284375 0.277083 0.298438 0.272917 0.307812 0.268750 0.312500 0.266667 0.315625 0.262500 0.318750 0.262500 0.323437 0.258333 0.328125 0.252083 0.328125 0.243750 0.325000 0.233333 0.320312 0.220833 0.318750 0.208333 0.317188 0.202083 0.312500 0.187500 0.310937 0.181250 0.303125 0.168750 0.296875 0.158333 0.285938 0.141667 0.279687 0.133333 0.276562 0.129167 0.270313 0.120833 0.259375 0.120833
0 0.473438 0.316667 0.470313 0.320833 0.456250 0.329167 0.446875 0.341667 0.442188 0.345833 0.437500 0.350000 0.434375 0.350000 0.429688 0.354167 0.425000 0.347917 0.425000 0.345833 0.421875 0.341667 0.417187 0.337500 0.412500 0.337500 0.412500 0.341667 0.409375 0.345833 0.403125 0.352083 0.401562 0.356250 0.401562 0.368750 0.406250 0.377083 0.407813 0.383333 0.407813 0.391667 0.410938 0.391667 0.412500 0.389583 0.415625 0.389583 0.426563 0.391667 0.432812 0.395833 0.435937 0.397917 0.437500 0.400000 0.439063 0.404167 0.440625 0.410417 0.440625 0.420833 0.443750 0.429167 0.453125 0.431250 0.456250 0.435417 0.467187 0.437500 0.470313 0.437500 0.471875 0.431250 0.475000 0.431250 0.482812 0.427083 0.485938 0.425000 0.489063 0.420833 0.487500 0.402083 0.482812 0.402083 0.481250 0.404167 0.478125 0.404167 0.476562 0.402083 0.471875 0.402083 0.468750 0.397917 0.471875 0.393750 0.471875 0.364583 0.473438 0.356250 0.475000 0.352083 0.479687 0.350000 0.482812 0.347917 0.485938 0.343750 0.487500 0.339583 0.489063 0.335417 0.489063 0.327083 0.487500 0.322917 0.482812 0.316667 0.479687 0.316667 0.473438 0.316667
0 0.701562 0.322917 0.695312 0.325000 0.689063 0.327083 0.684375 0.329167 0.671875 0.337500 0.667188 0.341667 0.660937 0.347917 0.654687 0.356250 0.650000 0.364583 0.645312 0.375000 0.639062 0.391667 0.637500 0.400000 0.635938 0.410417 0.635938 0.429167 0.637500 0.443750 0.639062 0.452083 0.643750 0.466667 0.646875 0.472917 0.650000 0.479167 0.653125 0.485417 0.656250 0.489583 0.664062 0.497917 0.670312 0.504167 0.673438 0.506250 0.684375 0.512500 0.689063 0.514583 0.696875 0.516667 0.715625 0.516667 0.728125 0.514583 0.734375 0.512500 0.739062 0.510417 0.756250 0.500000 0.767188 0.487500 0.773438 0.477083 0.776563 0.470833 0.782813 0.452083 0.784375 0.445833 0.785937 0.439583 0.787500 0.429167 0.787500 0.404167 0.785937 0.393750 0.784375 0.387500 0.782813 0.381250 0.776563 0.364583 0.773438 0.358333 0.760938 0.341667 0.756250 0.337500 0.751563 0.333333 0.742188 0.327083 0.735938 0.325000 0.728125 0.322917 0.701562 0.322917
0 0.371875 0.316667 0.365625 0.318750 0.357812 0.327083 0.356250 0.331250 0.356250 0.337500 0.353125 0.345833 0.353125 0.362500 0.357812 0.362500 0.362500 0.358333 0.376563 0.358333 0.382812 0.360417 0.387500 0.364583 0.393750 0.364583 0.400000 0.360417 0.403125 0.352083 0.410938 0.335417 0.404687 0.333333 0.389062 0.333333 0.382812 0.331250 0.379688 0.327083 0.379688 0.320833 0.376563 0.316667 0.371875 0.316667
0 0.620313 0.695833 0.612500 0.697917 0.609375 0.700000 0.604688 0.704167 0.593750 0.718750 0.589063 0.727083 0.581250 0.741667 0.578125 0.747917 0.576562 0.752083 0.571875 0.768750 0.570312 0.775000 0.568750 0.781250 0.568750 0.791667 0.570312 0.795833 0.576562 0.795833 0.579688 0.793750 0.582812 0.791667 0.598437 0.777083 0.621875 0.760417 0.625000 0.760417 0.628125 0.756250 0.629687 0.725000 0.629687 0.702083 0.628125 0.697917 0.625000 0.697917 0.623437 0.695833 0.620313 0.695833
8 0.831250 0.129167 0.826562 0.131250 0.817187 0.137500 0.807813 0.147917 0.796875 0.156250 0.793750 0.158333 0.782813 0.162500 0.778125 0.166667 0.775000 0.170833 0.771875 0.179167 0.770312 0.187500 0.753125 0.210417 0.750000 0.216667 0.746875 0.222917 0.742188 0.239583 0.739062 0.243750 0.737500 0.247917 0.735938 0.254167 0.734375 0.264583 0.734375 0.279167 0.735938 0.291667 0.740625 0.306250 0.743750 0.312500 0.748437 0.320833 0.753125 0.327083 0.759375 0.333333 0.771875 0.341667 0.776563 0.343750 0.787500 0.345833 0.806250 0.345833 0.815625 0.343750 0.821875 0.339583 0.831250 0.339583 0.835938 0.337500 0.840625 0.335417 0.862500 0.325000 0.871875 0.318750 0.882812 0.306250 0.900000 0.283333 0.903125 0.277083 0.907813 0.266667 0.909375 0.262500 0.910937 0.258333 0.912500 0.252083 0.914062 0.241667 0.915625 0.231250 0.915625 0.208333 0.914062 0.200000 0.912500 0.191667 0.910937 0.185417 0.907813 0.181250 0.907813 0.177083 0.903125 0.168750 0.887500 0.147917 0.884375 0.147917 0.879687 0.141667 0.870313 0.135417 0.864062 0.133333 0.845313 0.133333 0.837500 0.129167 0.831250 0.129167
3 0.848437 0.433333 0.845313 0.435417 0.843750 0.437500 0.842187 0.441667 0.834375 0.460417 0.832812 0.464583 0.831250 0.468750 0.825000 0.491667 0.823438 0.502083 0.823438 0.525000 0.826562 0.541667 0.828125 0.560417 0.828125 0.587500 0.826562 0.604167 0.823438 0.627083 0.821875 0.637500 0.818750 0.647917 0.817187 0.658333 0.817187 0.668750 0.814063 0.679167 0.814063 0.702083 0.809375 0.720833 0.806250 0.741667 0.801562 0.781250 0.800000 0.789583 0.798438 0.797917 0.795312 0.804167 0.795312 0.831250 0.796875 0.837500 0.800000 0.841667 0.803125 0.843750 0.806250 0.843750 0.809375 0.839583 0.810937 0.835417 0.812500 0.829167 0.814063 0.822917 0.815625 0.812500 0.817187 0.800000 0.820312 0.760417 0.825000 0.722917 0.829688 0.687500 0.835938 0.654167 0.837500 0.631250 0.839063 0.620833 0.840625 0.610417 0.845313 0.585417 0.846875 0.579167 0.851562 0.564583 0.860938 0.545833 0.870313 0.520833 0.876563 0.495833 0.878125 0.485417 0.879687 0.472917 0.881250 0.450000 0.879687 0.439583 0.875000 0.445833 0.875000 0.447917 0.871875 0.452083 0.865625 0.439583 0.862500 0.439583 0.860938 0.435417 0.856250 0.435417 0.850000 0.437500 0.848437 0.433333
29 0.470313 0.060417 0.465625 0.062500 0.460938 0.064583 0.451562 0.070833 0.446875 0.075000 0.435937 0.089583 0.432812 0.095833 0.429688 0.102083 0.428125 0.106250 0.425000 0.116667 0.423438 0.125000 0.421875 0.135417 0.421875 0.154167 0.423438 0.164583 0.425000 0.175000 0.426563 0.181250 0.428125 0.187500 0.432812 0.204167 0.437500 0.218750 0.445312 0.241667 0.453125 0.254167 0.460938 0.264583 0.467187 0.270833 0.470313 0.272917 0.475000 0.275000 0.479687 0.277083 0.501563 0.277083 0.506250 0.275000 0.510938 0.272917 0.514062 0.270833 0.517188 0.268750 0.521875 0.264583 0.531250 0.252083 0.534375 0.245833 0.535937 0.241667 0.540625 0.222917 0.542188 0.208333 0.543750 0.195833 0.545312 0.181250 0.546875 0.166667 0.546875 0.131250 0.543750 0.127083 0.543750 0.118750 0.542188 0.112500 0.540625 0.108333 0.539062 0.104167 0.535937 0.097917 0.532813 0.091667 0.520312 0.075000 0.515625 0.070833 0.503125 0.062500 0.496875 0.060417 0.470313 0.060417
0 0.626563 0.760417 0.621875 0.762500 0.601562 0.777083 0.590625 0.785417 0.582812 0.793750 0.579688 0.795833 0.576562 0.797917 0.570312 0.800000 0.568750 0.804167 0.568750 0.810417 0.567187 0.816667 0.565625 0.820833 0.567187 0.829167 0.568750 0.833333 0.570312 0.835417 0.575000 0.837500 0.578125 0.841667 0.587500 0.847917 0.598437 0.847917 0.601562 0.845833 0.606250 0.841667 0.612500 0.835417 0.621875 0.822917 0.631250 0.814583 0.646875 0.793750 0.648438 0.789583 0.648438 0.775000 0.646875 0.768750 0.642188 0.762500 0.639062 0.760417 0.626563 0.760417
0 0.335938 0.441667 0.331250 0.445833 0.328125 0.445833 0.325000 0.447917 0.326562 0.466667 0.326562 0.481250 0.325000 0.497917 0.323437 0.504167 0.321875 0.508333 0.317188 0.514583 0.310937 0.514583 0.306250 0.518750 0.298438 0.529167 0.298438 0.541667 0.300000 0.545833 0.301563 0.550000 0.306250 0.556250 0.310937 0.558333 0.317188 0.560417 0.323437 0.560417 0.329688 0.564583 0.334375 0.562500 0.340625 0.566667 0.351562 0.566667 0.356250 0.564583 0.373437 0.552083 0.376563 0.550000 0.378125 0.547917 0.379688 0.543750 0.381250 0.539583 0.382812 0.531250 0.392188 0.518750 0.393750 0.514583 0.395313 0.502083 0.392188 0.493750 0.376563 0.493750 0.371875 0.491667 0.368750 0.489583 0.365625 0.487500 0.357812 0.477083 0.354687 0.470833 0.351562 0.464583 0.350000 0.458333 0.350000 0.454167 0.348438 0.447917 0.343750 0.441667 0.335938 0.441667
