9 0.612500 0.175000 0.609375 0.179167 0.607812 0.183333 0.604688 0.195833 0.603125 0.200000 0.595313 0.233333 0.589063 0.250000 0.582812 0.272917 0.582812 0.279167 0.576562 0.295833 0.571875 0.312500 0.571875 0.325000 0.570312 0.327083 0.570312 0.337500 0.571875 0.343750 0.576562 0.350000 0.579688 0.352083 0.582812 0.354167 0.595313 0.360417 0.600000 0.362500 0.604688 0.362500 0.614062 0.368750 0.623437 0.372917 0.631250 0.372917 0.635938 0.368750 0.646875 0.354167 0.648438 0.347917 0.653125 0.341667 0.657813 0.329167 0.657813 0.308333 0.659375 0.295833 0.660937 0.287500 0.668750 0.266667 0.670312 0.254167 0.676562 0.237500 0.682813 0.212500 0.681250 0.206250 0.678125 0.204167 0.671875 0.200000 0.660937 0.193750 0.651563 0.189583 0.618750 0.175000 0.612500 0.175000
30 0.185938 0.110417 0.181250 0.112500 0.176563 0.114583 0.173437 0.116667 0.165625 0.122917 0.160938 0.127083 0.153125 0.135417 0.151562 0.137500 0.151562 0.139583 0.143750 0.152083 0.139063 0.166667 0.137500 0.175000 0.137500 0.216667 0.139063 0.227083 0.140625 0.231250 0.146875 0.245833 0.150000 0.252083 0.165625 0.272917 0.171875 0.279167 0.176563 0.283333 0.181250 0.287500 0.198437 0.300000 0.201563 0.302083 0.204687 0.302083 0.207813 0.304167 0.214062 0.310417 0.220312 0.314583 0.225000 0.316667 0.229687 0.318750 0.235937 0.320833 0.242188 0.322917 0.256250 0.325000 0.265625 0.325000 0.271875 0.322917 0.278125 0.320833 0.281250 0.316667 0.284375 0.316667 0.289062 0.310417 0.293750 0.308333 0.304688 0.293750 0.309375 0.283333 0.310937 0.279167 0.312500 0.275000 0.314063 0.268750 0.314063 0.241667 0.312500 0.229167 0.310937 0.222917 0.309375 0.216667 0.307812 0.212500 0.301563 0.204167 0.301563 0.200000 0.273438 0.162500 0.251563 0.135417 0.246875 0.131250 0.242188 0.127083 0.232813 0.120833 0.218750 0.112500 0.212500 0.110417 0.185938 0.110417
0 0.517188 0.418750 0.512500 0.420833 0.509375 0.425000 0.496875 0.443750 0.493750 0.443750 0.487500 0.437500 0.482812 0.437500 0.478125 0.439583 0.475000 0.443750 0.475000 0.445833 0.468750 0.452083 0.464062 0.450000 0.460938 0.452083 0.457813 0.454167 0.451562 0.460417 0.448437 0.466667 0.446875 0.466667 0.443750 0.470833 0.442188 0.475000 0.442188 0.485417 0.437500 0.493750 0.435937 0.504167 0.431250 0.504167 0.425000 0.510417 0.425000 0.514583 0.428125 0.516667 0.431250 0.518750 0.435937 0.518750 0.439063 0.522917 0.439063 0.525000 0.443750 0.533333 0.451562 0.533333 0.454688 0.535417 0.459375 0.541667 0.465625 0.552083 0.465625 0.556250 0.470313 0.556250 0.471875 0.558333 0.489063 0.558333 0.495312 0.562500 0.495312 0.564583 0.495312 0.570833 0.487500 0.575000 0.484375 0.581250 0.482812 0.585417 0.482812 0.591667 0.476562 0.600000 0.468750 0.600000 0.465625 0.604167 0.464062 0.622917 0.465625 0.631250 0.468750 0.631250 0.473438 0.633333 0.476562 0.635417 0.479687 0.639583 0.481250 0.639583 0.482812 0.641667 0.484375 0.647917 0.489063 0.650000 0.492188 0.652083 0.495312 0.656250 0.495312 0.664583 0.498437 0.672917 0.501563 0.675000 0.510938 0.675000 0.517188 0.666667 0.521875 0.664583 0.528125 0.664583 0.529687 0.666667 0.537500 0.666667 0.543750 0.668750 0.546875 0.670833 0.551562 0.677083 0.551562 0.679167 0.556250 0.685417 0.560937 0.685417 0.564063 0.681250 0.567187 0.681250 0.570312 0.685417 0.571875 0.689583 0.573438 0.693750 0.575000 0.702083 0.575000 0.718750 0.578125 0.718750 0.584375 0.714583 0.587500 0.710417 0.589063 0.704167 0.592187 0.700000 0.596875 0.700000 0.600000 0.697917 0.601562 0.695833 0.601562 0.693750 0.604688 0.689583 0.606250 0.681250 0.609375 0.681250 0.615625 0.687500 0.618750 0.687500 0.621875 0.685417 0.626563 0.679167 0.626563 0.672917 0.625000 0.668750 0.623437 0.666667 0.621875 0.666667 0.620313 0.662500 0.620313 0.645833 0.625000 0.639583 0.626563 0.633333 0.634375 0.618750 0.637500 0.614583 0.642188 0.614583 0.645312 0.610417 0.646875 0.606250 0.645312 0.597917 0.642188 0.597917 0.639062 0.595833 0.635938 0.591667 0.639062 0.589583 0.648438 0.589583 0.650000 0.583333 0.650000 0.579167 0.646875 0.575000 0.646875 0.572917 0.635938 0.568750 0.634375 0.564583 0.634375 0.560417 0.631250 0.556250 0.631250 0.552083 0.629687 0.547917 0.631250 0.539583 0.628125 0.527083 0.632812 0.520833 0.634375 0.516667 0.632812 0.506250 0.629687 0.504167 0.618750 0.504167 0.615625 0.500000 0.615625 0.493750 0.614062 0.489583 0.607812 0.481250 0.603125 0.479167 0.603125 0.477083 0.600000 0.470833 0.596875 0.466667 0.593750 0.464583 0.581250 0.462500 0.581250 0.460417 0.579688 0.458333 0.575000 0.456250 0.570312 0.450000 0.565625 0.447917 0.564063 0.445833 0.560937 0.439583 0.556250 0.435417 0.553125 0.435417 0.546875 0.427083 0.540625 0.425000 0.532813 0.431250 0.526563 0.429167 0.525000 0.422917 0.521875 0.420833 0.517188 0.418750
11 0.459375 0.166667 0.451562 0.168750 0.446875 0.170833 0.434375 0.179167 0.412500 0.208333 0.409375 0.214583 0.407813 0.218750 0.403125 0.237500 0.403125 0.277083 0.404687 0.285417 0.406250 0.291667 0.407813 0.297917 0.409375 0.302083 0.410938 0.306250 0.428125 0.329167 0.434375 0.335417 0.439063 0.337500 0.445312 0.341667 0.450000 0.343750 0.457813 0.345833 0.481250 0.345833 0.485938 0.343750 0.490625 0.341667 0.500000 0.335417 0.504687 0.331250 0.509375 0.327083 0.514062 0.320833 0.521875 0.308333 0.526563 0.295833 0.531250 0.277083 0.531250 0.254167 0.529687 0.241667 0.528125 0.233333 0.521875 0.216667 0.517188 0.208333 0.510938 0.200000 0.509375 0.200000 0.503125 0.189583 0.500000 0.185417 0.498437 0.185417 0.493750 0.179167 0.489063 0.175000 0.485938 0.172917 0.482812 0.170833 0.476562 0.168750 0.468750 0.166667 0.459375 0.166667
0 0.715625 0.360417 0.707812 0.362500 0.701562 0.366667 0.695312 0.366667 0.690625 0.372917 0.684375 0.375000 0.681250 0.377083 0.667188 0.395833 0.664062 0.402083 0.656250 0.418750 0.653125 0.429167 0.653125 0.472917 0.654687 0.479167 0.656250 0.483333 0.657813 0.487500 0.664062 0.497917 0.670312 0.516667 0.682813 0.533333 0.689063 0.539583 0.692187 0.541667 0.706250 0.550000 0.714063 0.552083 0.721875 0.554167 0.725000 0.554167 0.739062 0.552083 0.748437 0.550000 0.753125 0.547917 0.771875 0.535417 0.778125 0.529167 0.779687 0.527083 0.787500 0.514583 0.792188 0.506250 0.798438 0.489583 0.800000 0.483333 0.801562 0.477083 0.803125 0.460417 0.803125 0.452083 0.801562 0.443750 0.800000 0.437500 0.796875 0.427083 0.792188 0.414583 0.789062 0.408333 0.784375 0.400000 0.773438 0.385417 0.768750 0.381250 0.759375 0.375000 0.754687 0.368750 0.751563 0.366667 0.748437 0.364583 0.743750 0.362500 0.735938 0.360417 0.715625 0.360417
0 0.351562 0.618750 0.342187 0.620833 0.335938 0.622917 0.317188 0.631250 0.309375 0.635417 0.301563 0.639583 0.292187 0.645833 0.287500 0.652083 0.285938 0.656250 0.284375 0.668750 0.279687 0.675000 0.279687 0.683333 0.284375 0.697917 0.289062 0.710417 0.295312 0.720833 0.303125 0.743750 0.310937 0.762500 0.317188 0.772917 0.320312 0.783333 0.326562 0.793750 0.331250 0.808333 0.335938 0.814583 0.337500 0.820833 0.345313 0.833333 0.350000 0.847917 0.359375 0.864583 0.364063 0.879167 0.368750 0.889583 0.375000 0.897917 0.378125 0.897917 0.396875 0.895833 0.412500 0.889583 0.417187 0.887500 0.423438 0.883333 0.432812 0.877083 0.440625 0.870833 0.450000 0.858333 0.450000 0.854167 0.456250 0.845833 0.457813 0.841667 0.462500 0.822917 0.464062 0.810417 0.464062 0.781250 0.462500 0.772917 0.459375 0.764583 0.459375 0.741667 0.457813 0.735417 0.456250 0.731250 0.454688 0.727083 0.451562 0.720833 0.448437 0.714583 0.442188 0.706250 0.435937 0.691667 0.425000 0.679167 0.421875 0.675000 0.421875 0.668750 0.425000 0.664583 0.431250 0.662500 0.431250 0.654167 0.429688 0.647917 0.426563 0.641667 0.421875 0.637500 0.417187 0.633333 0.414062 0.631250 0.404687 0.631250 0.387500 0.622917 0.379688 0.620833 0.362500 0.618750 0.351562 0.618750
0 0.206250 0.591667 0.200000 0.593750 0.196875 0.595833 0.190625 0.604167 0.185938 0.614583 0.181250 0.629167 0.170313 0.645833 0.168750 0.650000 0.167187 0.654167 0.165625 0.662500 0.165625 0.672917 0.164062 0.679167 0.162500 0.685417 0.160938 0.689583 0.159375 0.693750 0.153125 0.704167 0.151562 0.708333 0.150000 0.714583 0.148438 0.760417 0.148438 0.797917 0.150000 0.802083 0.151562 0.806250 0.159375 0.814583 0.160938 0.816667 0.160938 0.818750 0.167187 0.829167 0.170313 0.843750 0.173437 0.847917 0.175000 0.854167 0.175000 0.860417 0.176563 0.866667 0.179688 0.870833 0.181250 0.877083 0.185938 0.881250 0.189062 0.881250 0.192188 0.885417 0.193750 0.889583 0.195312 0.900000 0.196875 0.904167 0.198437 0.908333 0.206250 0.918750 0.210938 0.920833 0.214062 0.920833 0.218750 0.918750 0.221875 0.916667 0.226562 0.912500 0.232813 0.906250 0.237500 0.900000 0.240625 0.893750 0.243750 0.887500 0.246875 0.879167 0.251563 0.866667 0.254688 0.850000 0.260937 0.833333 0.264062 0.818750 0.265625 0.808333 0.267188 0.795833 0.267188 0.781250 0.270313 0.770833 0.270313 0.729167 0.268750 0.720833 0.267188 0.714583 0.264062 0.708333 0.262500 0.702083 0.260937 0.695833 0.260937 0.685417 0.259375 0.677083 0.256250 0.668750 0.246875 0.647917 0.245312 0.641667 0.245312 0.635417 0.243750 0.629167 0.242188 0.625000 0.237500 0.616667 0.225000 0.600000 0.220312 0.595833 0.217188 0.593750 0.212500 0.591667 0.206250 0.591667
14 0.164062 0.360417 0.157812 0.362500 0.143750 0.372917 0.125000 0.389583 0.115625 0.402083 0.112500 0.408333 0.107813 0.416667 0.104688 0.427083 0.103125 0.433333 0.101562 0.441667 0.100000 0.454167 0.100000 0.475000 0.101562 0.489583 0.103125 0.497917 0.106250 0.508333 0.107813 0.512500 0.114062 0.522917 0.121875 0.535417 0.126562 0.541667 0.132812 0.545833 0.143750 0.558333 0.146875 0.560417 0.150000 0.562500 0.154688 0.564583 0.160938 0.566667 0.171875 0.568750 0.189062 0.568750 0.200000 0.564583 0.212500 0.564583 0.226562 0.556250 0.232813 0.550000 0.246875 0.531250 0.251563 0.522917 0.259375 0.506250 0.260937 0.500000 0.262500 0.493750 0.264062 0.470833 0.264062 0.437500 0.262500 0.431250 0.253125 0.406250 0.245312 0.393750 0.243750 0.391667 0.240625 0.387500 0.231250 0.379167 0.218750 0.370833 0.210938 0.366667 0.206250 0.364583 0.200000 0.362500 0.193750 0.360417 0.164062 0.360417
24 0.848437 0.366667 0.843750 0.368750 0.835938 0.379167 0.831250 0.387500 0.828125 0.395833 0.823438 0.408333 0.820312 0.422917 0.818750 0.427083 0.817187 0.431250 0.814063 0.437500 0.809375 0.443750 0.806250 0.450000 0.804688 0.454167 0.804688 0.472917 0.803125 0.483333 0.801562 0.489583 0.796875 0.502083 0.793750 0.508333 0.789062 0.516667 0.784375 0.525000 0.778125 0.533333 0.771875 0.539583 0.764062 0.545833 0.753125 0.552083 0.745313 0.562500 0.740625 0.570833 0.732812 0.585417 0.731250 0.591667 0.723437 0.604167 0.720313 0.610417 0.717187 0.616667 0.717187 0.620833 0.709375 0.633333 0.693750 0.668750 0.685937 0.683333 0.679688 0.693750 0.662500 0.714583 0.656250 0.722917 0.656250 0.725000 0.640625 0.747917 0.629687 0.766667 0.626563 0.775000 0.618750 0.785417 0.617188 0.789583 0.617188 0.793750 0.626563 0.806250 0.635938 0.816667 0.642188 0.822917 0.648438 0.827083 0.654687 0.835417 0.660937 0.839583 0.667188 0.845833 0.681250 0.864583 0.695312 0.881250 0.707812 0.895833 0.721875 0.908333 0.728125 0.916667 0.735938 0.925000 0.739062 0.927083 0.742188 0.929167 0.746875 0.929167 0.750000 0.925000 0.750000 0.922917 0.754687 0.916667 0.759375 0.902083 0.762500 0.895833 0.773438 0.877083 0.781250 0.858333 0.789062 0.843750 0.803125 0.820833 0.810937 0.806250 0.812500 0.800000 0.818750 0.791667 0.826562 0.777083 0.831250 0.764583 0.835938 0.758333 0.839063 0.752083 0.840625 0.745833 0.843750 0.739583 0.854688 0.718750 0.864062 0.704167 0.870313 0.689583 0.878125 0.679167 0.884375 0.666667 0.892188 0.652083 0.895312 0.645833 0.898438 0.635417 0.903125 0.627083 0.914062 0.610417 0.921875 0.593750 0.928125 0.585417 0.931250 0.577083 0.939063 0.564583 0.945312 0.554167 0.953125 0.541667 0.964063 0.527083 0.970313 0.514583 0.981250 0.500000 0.985938 0.487500 0.984375 0.477083 0.982812 0.477083 0.965625 0.460417 0.940625 0.439583 0.915625 0.420833 0.903125 0.408333 0.892188 0.402083 0.879687 0.389583 0.856250 0.370833 0.853125 0.368750 0.848437 0.366667
0 0.462500 0.558333 0.462500 0.595833 0.460938 0.600000 0.459375 0.604167 0.453125 0.618750 0.446875 0.627083 0.459375 0.629167 0.464062 0.629167 0.464062 0.606250 0.465625 0.602083 0.467187 0.600000 0.470313 0.597917 0.476562 0.597917 0.481250 0.591667 0.482812 0.587500 0.482812 0.581250 0.484375 0.577083 0.487500 0.572917 0.493750 0.568750 0.496875 0.568750 0.495312 0.564583 0.493750 0.562500 0.490625 0.560417 0.471875 0.558333 0.462500 0.558333
1 0.387500 0.333333 0.384375 0.339583 0.384375 0.345833 0.382812 0.350000 0.373437 0.372917 0.362500 0.389583 0.354687 0.400000 0.321875 0.441667 0.293750 0.483333 0.292187 0.485417 0.281250 0.497917 0.278125 0.497917 0.271875 0.508333 0.267188 0.516667 0.267188 0.518750 0.264062 0.522917 0.260937 0.525000 0.254688 0.527083 0.250000 0.533333 0.245312 0.535417 0.232813 0.552083 0.228125 0.554167 0.223438 0.558333 0.225000 0.564583 0.231250 0.575000 0.239063 0.587500 0.250000 0.600000 0.254688 0.608333 0.256250 0.610417 0.262500 0.616667 0.267188 0.620833 0.270313 0.622917 0.279687 0.622917 0.282813 0.620833 0.290625 0.612500 0.296875 0.604167 0.300000 0.595833 0.307812 0.585417 0.310937 0.575000 0.315625 0.568750 0.315625 0.566667 0.318750 0.562500 0.323437 0.560417 0.326562 0.554167 0.329688 0.545833 0.332813 0.541667 0.373437 0.491667 0.385937 0.475000 0.390625 0.464583 0.392188 0.462500 0.407813 0.441667 0.412500 0.435417 0.421875 0.425000 0.428125 0.418750 0.434375 0.412500 0.439063 0.410417 0.443750 0.404167 0.448437 0.402083 0.451562 0.397917 0.453125 0.393750 0.453125 0.389583 0.446875 0.381250 0.445312 0.381250 0.437500 0.370833 0.429688 0.364583 0.421875 0.354167 0.415625 0.347917 0.407813 0.341667 0.392188 0.331250 0.387500 0.333333
0 0.420312 0.518750 0.415625 0.520833 0.412500 0.522917 0.410938 0.527083 0.409375 0.533333 0.407813 0.554167 0.407813 0.608333 0.409375 0.618750 0.410938 0.622917 0.415625 0.629167 0.425000 0.635417 0.432812 0.635417 0.437500 0.633333 0.440625 0.631250 0.443750 0.629167 0.451562 0.618750 0.454688 0.612500 0.459375 0.602083 0.460938 0.597917 0.462500 0.583333 0.462500 0.568750 0.460938 0.556250 0.459375 0.547917 0.456250 0.539583 0.454688 0.539583 0.451562 0.535417 0.445312 0.535417 0.442188 0.533333 0.437500 0.525000 0.435937 0.522917 0.432812 0.520833 0.428125 0.518750 0.420312 0.518750
0 0.446875 0.629167 0.442188 0.635417 0.440625 0.641667 0.440625 0.664583 0.442188 0.670833 0.445312 0.677083 0.448437 0.683333 0.456250 0.695833 0.471875 0.714583 0.481250 0.720833 0.489063 0.725000 0.495312 0.727083 0.503125 0.727083 0.507812 0.722917 0.514062 0.716667 0.518750 0.710417 0.518750 0.706250 0.515625 0.697917 0.510938 0.685417 0.507812 0.681250 0.507812 0.679167 0.503125 0.677083 0.500000 0.675000 0.498437 0.672917 0.496875 0.668750 0.495312 0.664583 0.495312 0.660417 0.493750 0.656250 0.492188 0.654167 0.487500 0.652083 0.482812 0.643750 0.479687 0.639583 0.476562 0.637500 0.473438 0.635417 0.465625 0.631250 0.459375 0.629167 0.446875 0.629167
21 0.825000 0.152083 0.818750 0.154167 0.812500 0.158333 0.809375 0.162500 0.809375 0.175000 0.814063 0.189583 0.815625 0.197917 0.820312 0.233333 0.828125 0.277083 0.832812 0.293750 0.834375 0.314583 0.835938 0.322917 0.837500 0.325000 0.837500 0.329167 0.840625 0.331250 0.843750 0.331250 0.859375 0.329167 0.864062 0.327083 0.868750 0.318750 0.865625 0.312500 0.867188 0.304167 0.871875 0.302083 0.871875 0.297917 0.870313 0.283333 0.868750 0.277083 0.864062 0.266667 0.860938 0.254167 0.854688 0.225000 0.846875 0.202083 0.845313 0.195833 0.843750 0.189583 0.839063 0.168750 0.839063 0.162500 0.837500 0.156250 0.835938 0.152083 0.825000 0.152083
0 0.521875 0.666667 0.517188 0.668750 0.514062 0.670833 0.514062 0.675000 0.512500 0.677083 0.512500 0.685417 0.514062 0.693750 0.517188 0.700000 0.529687 0.729167 0.532813 0.735417 0.540625 0.745833 0.550000 0.752083 0.554688 0.754167 0.559375 0.754167 0.560937 0.756250 0.564063 0.756250 0.567187 0.754167 0.570312 0.743750 0.571875 0.737500 0.573438 0.720833 0.573438 0.700000 0.571875 0.693750 0.570312 0.689583 0.568750 0.685417 0.565625 0.683333 0.560937 0.687500 0.556250 0.687500 0.550000 0.677083 0.546875 0.672917 0.543750 0.670833 0.539062 0.668750 0.532813 0.670833 0.526563 0.666667 0.521875 0.666667
