0 0.539062 0.593750 0.534375 0.597917 0.526563 0.606250 0.521875 0.610417 0.506250 0.618750 0.501563 0.622917 0.492188 0.633333 0.489063 0.633333 0.484375 0.637500 0.479687 0.641667 0.475000 0.647917 0.473438 0.652083 0.478125 0.662500 0.481250 0.664583 0.487500 0.660417 0.493750 0.660417 0.498437 0.662500 0.507812 0.668750 0.514062 0.679167 0.526563 0.681250 0.535937 0.675000 0.539062 0.670833 0.540625 0.670833 0.542188 0.668750 0.543750 0.664583 0.545312 0.654167 0.551562 0.639583 0.554688 0.629167 0.554688 0.612500 0.551562 0.602083 0.545312 0.593750 0.539062 0.593750
0 0.485938 0.785417 0.482812 0.787500 0.471875 0.795833 0.467187 0.800000 0.460938 0.808333 0.457813 0.814583 0.456250 0.820833 0.448437 0.850000 0.446875 0.856250 0.446875 0.870833 0.448437 0.877083 0.450000 0.881250 0.454688 0.891667 0.459375 0.897917 0.465625 0.904167 0.468750 0.906250 0.471875 0.908333 0.476562 0.910417 0.493750 0.910417 0.498437 0.908333 0.501563 0.906250 0.504687 0.902083 0.506250 0.893750 0.507812 0.887500 0.507812 0.860417 0.506250 0.806250 0.504687 0.804167 0.504687 0.787500 0.501563 0.787500 0.500000 0.785417 0.485938 0.785417
0 0.507812 0.814583 0.507812 0.862500 0.509375 0.864583 0.509375 0.887500 0.512500 0.889583 0.517188 0.891667 0.523438 0.891667 0.529687 0.895833 0.540625 0.895833 0.543750 0.893750 0.554688 0.879167 0.554688 0.870833 0.553125 0.866667 0.543750 0.843750 0.539062 0.833333 0.532813 0.825000 0.525000 0.825000 0.520312 0.822917 0.515625 0.820833 0.507812 0.814583
0 0.412500 0.760417 0.404687 0.770833 0.398438 0.775000 0.392188 0.781250 0.382812 0.793750 0.381250 0.797917 0.379688 0.806250 0.379688 0.814583 0.381250 0.820833 0.382812 0.825000 0.384375 0.829167 0.387500 0.833333 0.387500 0.835417 0.389062 0.837500 0.390625 0.837500 0.393750 0.841667 0.401562 0.841667 0.407813 0.835417 0.410938 0.839583 0.418750 0.845833 0.421875 0.847917 0.426563 0.850000 0.432812 0.850000 0.440625 0.845833 0.446875 0.845833 0.450000 0.841667 0.451562 0.835417 0.451562 0.829167 0.454688 0.822917 0.454688 0.816667 0.456250 0.812500 0.462500 0.802083 0.465625 0.797917 0.473438 0.793750 0.478125 0.789583 0.481250 0.785417 0.481250 0.781250 0.478125 0.777083 0.473438 0.772917 0.470313 0.772917 0.460938 0.783333 0.456250 0.787500 0.439063 0.787500 0.434375 0.783333 0.429688 0.777083 0.426563 0.766667 0.423438 0.760417 0.412500 0.760417
0 0.528125 0.700000 0.521875 0.704167 0.520312 0.712500 0.523438 0.727083 0.525000 0.735417 0.528125 0.756250 0.528125 0.764583 0.523438 0.777083 0.520312 0.781250 0.510938 0.787500 0.509375 0.795833 0.507812 0.797917 0.507812 0.802083 0.509375 0.808333 0.510938 0.812500 0.512500 0.814583 0.515625 0.816667 0.518750 0.818750 0.523438 0.820833 0.532813 0.822917 0.560937 0.825000 0.564063 0.825000 0.568750 0.822917 0.571875 0.820833 0.578125 0.814583 0.584375 0.808333 0.589063 0.802083 0.590625 0.797917 0.592187 0.793750 0.592187 0.787500 0.593750 0.781250 0.596875 0.775000 0.603125 0.766667 0.603125 0.756250 0.604688 0.754167 0.604688 0.745833 0.601562 0.729167 0.595313 0.722917 0.592187 0.722917 0.589063 0.725000 0.585938 0.727083 0.582812 0.731250 0.579688 0.733333 0.576562 0.735417 0.571875 0.735417 0.567187 0.731250 0.560937 0.725000 0.553125 0.712500 0.543750 0.702083 0.539062 0.700000 0.528125 0.700000
0 0.603125 0.770833 0.596875 0.779167 0.595313 0.783333 0.593750 0.789583 0.593750 0.795833 0.592187 0.800000 0.582812 0.812500 0.575000 0.820833 0.565625 0.827083 0.557813 0.827083 0.543750 0.825000 0.540625 0.829167 0.550000 0.841667 0.554688 0.843750 0.562500 0.854167 0.567187 0.858333 0.571875 0.860417 0.579688 0.860417 0.592187 0.858333 0.595313 0.856250 0.598437 0.854167 0.601562 0.850000 0.604688 0.847917 0.612500 0.845833 0.621875 0.839583 0.628125 0.833333 0.634375 0.822917 0.637500 0.816667 0.639062 0.812500 0.640625 0.808333 0.640625 0.802083 0.635938 0.793750 0.634375 0.791667 0.631250 0.789583 0.625000 0.789583 0.618750 0.793750 0.615625 0.789583 0.614062 0.789583 0.609375 0.783333 0.607812 0.777083 0.603125 0.770833
0 0.576562 0.612500 0.570312 0.614583 0.562500 0.622917 0.557813 0.625000 0.556250 0.629167 0.553125 0.637500 0.551562 0.643750 0.551562 0.656250 0.553125 0.662500 0.562500 0.672917 0.565625 0.677083 0.567187 0.681250 0.567187 0.687500 0.565625 0.691667 0.560937 0.697917 0.559375 0.702083 0.557813 0.706250 0.557813 0.712500 0.562500 0.720833 0.570312 0.731250 0.576562 0.731250 0.579688 0.731250 0.582812 0.729167 0.587500 0.722917 0.592187 0.718750 0.600000 0.718750 0.603125 0.720833 0.606250 0.725000 0.610938 0.727083 0.620313 0.731250 0.626563 0.731250 0.629687 0.729167 0.632812 0.727083 0.637500 0.720833 0.640625 0.714583 0.642188 0.710417 0.642188 0.691667 0.639062 0.685417 0.635938 0.681250 0.632812 0.675000 0.631250 0.666667 0.631250 0.658333 0.629687 0.654167 0.626563 0.647917 0.623437 0.641667 0.615625 0.631250 0.609375 0.625000 0.604688 0.622917 0.595313 0.622917 0.590625 0.620833 0.585938 0.614583 0.582812 0.612500 0.576562 0.612500
0 0.450000 0.645833 0.443750 0.650000 0.440625 0.652083 0.439063 0.654167 0.434375 0.660417 0.432812 0.666667 0.428125 0.672917 0.428125 0.683333 0.426563 0.689583 0.421875 0.704167 0.417187 0.712500 0.415625 0.718750 0.415625 0.733333 0.417187 0.737500 0.420312 0.741667 0.423438 0.752083 0.428125 0.770833 0.431250 0.777083 0.434375 0.781250 0.439063 0.785417 0.454688 0.785417 0.457813 0.783333 0.465625 0.775000 0.467187 0.775000 0.468750 0.768750 0.467187 0.764583 0.464062 0.760417 0.462500 0.756250 0.462500 0.752083 0.470313 0.743750 0.473438 0.739583 0.473438 0.737500 0.478125 0.731250 0.478125 0.725000 0.476562 0.712500 0.478125 0.708333 0.481250 0.704167 0.481250 0.687500 0.479687 0.683333 0.478125 0.681250 0.476562 0.681250 0.475000 0.677083 0.478125 0.670833 0.478125 0.666667 0.476562 0.662500 0.475000 0.658333 0.468750 0.650000 0.465625 0.647917 0.459375 0.645833 0.450000 0.645833
0 0.484375 0.514583 0.475000 0.520833 0.471875 0.520833 0.462500 0.516667 0.456250 0.518750 0.453125 0.520833 0.450000 0.525000 0.445312 0.525000 0.435937 0.537500 0.428125 0.550000 0.426563 0.556250 0.426563 0.566667 0.423438 0.575000 0.423438 0.589583 0.425000 0.593750 0.428125 0.597917 0.437500 0.604167 0.448437 0.604167 0.454688 0.600000 0.459375 0.600000 0.460938 0.597917 0.464062 0.597917 0.467187 0.600000 0.470313 0.604167 0.470313 0.606250 0.473438 0.610417 0.476562 0.612500 0.487500 0.616667 0.498437 0.616667 0.501563 0.612500 0.501563 0.604167 0.495312 0.589583 0.496875 0.572917 0.500000 0.570833 0.509375 0.566667 0.512500 0.562500 0.512500 0.541667 0.510938 0.535417 0.498437 0.518750 0.495312 0.516667 0.489063 0.514583 0.484375 0.514583
0 0.532813 0.529167 0.518750 0.533333 0.515625 0.535417 0.514062 0.545833 0.515625 0.560417 0.514062 0.564583 0.510938 0.568750 0.507812 0.570833 0.501563 0.572917 0.498437 0.575000 0.496875 0.589583 0.498437 0.593750 0.503125 0.602083 0.504687 0.612500 0.506250 0.612500 0.509375 0.614583 0.512500 0.612500 0.520312 0.608333 0.523438 0.606250 0.532813 0.595833 0.535937 0.593750 0.539062 0.591667 0.545312 0.591667 0.551562 0.602083 0.556250 0.606250 0.557813 0.597917 0.560937 0.593750 0.565625 0.593750 0.576562 0.602083 0.579688 0.602083 0.584375 0.595833 0.584375 0.587500 0.582812 0.568750 0.579688 0.558333 0.575000 0.552083 0.570312 0.550000 0.564063 0.541667 0.551562 0.533333 0.546875 0.531250 0.542188 0.529167 0.532813 0.529167
0 0.464062 0.193750 0.456250 0.195833 0.451562 0.197917 0.446875 0.200000 0.443750 0.202083 0.440625 0.204167 0.435937 0.208333 0.420312 0.229167 0.415625 0.239583 0.409375 0.256250 0.407813 0.262500 0.406250 0.272917 0.406250 0.293750 0.407813 0.304167 0.409375 0.312500 0.410938 0.320833 0.412500 0.325000 0.414062 0.329167 0.421875 0.343750 0.426563 0.352083 0.428125 0.354167 0.435937 0.362500 0.440625 0.366667 0.453125 0.375000 0.467187 0.381250 0.495312 0.381250 0.501563 0.379167 0.506250 0.377083 0.509375 0.375000 0.520312 0.366667 0.535937 0.345833 0.539062 0.339583 0.540625 0.335417 0.542188 0.331250 0.543750 0.325000 0.545312 0.318750 0.546875 0.310417 0.548438 0.297917 0.548438 0.279167 0.546875 0.268750 0.545312 0.262500 0.539062 0.245833 0.535937 0.239583 0.531250 0.231250 0.525000 0.220833 0.517188 0.212500 0.512500 0.208333 0.503125 0.202083 0.489063 0.195833 0.479687 0.193750 0.464062 0.193750
1 0.184375 0.589583 0.178125 0.593750 0.160938 0.593750 0.157812 0.595833 0.154688 0.600000 0.151562 0.600000 0.146875 0.604167 0.142187 0.608333 0.126562 0.625000 0.121875 0.627083 0.117188 0.633333 0.112500 0.637500 0.109375 0.637500 0.098437 0.645833 0.095312 0.650000 0.095312 0.658333 0.101562 0.662500 0.107813 0.672917 0.120313 0.672917 0.129688 0.679167 0.132812 0.683333 0.148438 0.706250 0.156250 0.718750 0.159375 0.727083 0.167187 0.737500 0.171875 0.745833 0.175000 0.754167 0.192188 0.777083 0.204687 0.795833 0.210938 0.806250 0.217188 0.816667 0.228125 0.835417 0.232813 0.843750 0.235937 0.850000 0.239063 0.856250 0.243750 0.866667 0.245312 0.879167 0.245312 0.893750 0.246875 0.897917 0.248438 0.900000 0.250000 0.900000 0.253125 0.904167 0.260937 0.904167 0.268750 0.897917 0.273438 0.893750 0.278125 0.889583 0.307812 0.847917 0.310937 0.843750 0.317188 0.839583 0.325000 0.827083 0.329688 0.825000 0.334375 0.820833 0.334375 0.814583 0.332813 0.810417 0.328125 0.802083 0.325000 0.797917 0.318750 0.795833 0.315625 0.793750 0.303125 0.779167 0.287500 0.760417 0.279687 0.750000 0.268750 0.729167 0.262500 0.718750 0.254688 0.706250 0.243750 0.691667 0.229687 0.668750 0.223438 0.658333 0.217188 0.647917 0.212500 0.639583 0.210938 0.633333 0.207813 0.627083 0.201563 0.618750 0.198437 0.612500 0.198437 0.608333 0.196875 0.602083 0.198437 0.595833 0.193750 0.593750 0.190625 0.589583 0.184375 0.589583
0 0.484375 0.664583 0.478125 0.672917 0.478125 0.679167 0.481250 0.683333 0.482812 0.689583 0.482812 0.704167 0.479687 0.708333 0.478125 0.712500 0.478125 0.720833 0.481250 0.725000 0.482812 0.735417 0.484375 0.739583 0.485938 0.743750 0.489063 0.750000 0.496875 0.762500 0.501563 0.766667 0.506250 0.768750 0.512500 0.770833 0.525000 0.768750 0.526563 0.762500 0.526563 0.756250 0.525000 0.754167 0.523438 0.743750 0.523438 0.733333 0.521875 0.725000 0.518750 0.718750 0.518750 0.706250 0.518750 0.704167 0.520312 0.702083 0.523438 0.700000 0.528125 0.697917 0.539062 0.697917 0.542188 0.700000 0.546875 0.704167 0.548438 0.708333 0.551562 0.710417 0.554688 0.708333 0.556250 0.706250 0.556250 0.704167 0.559375 0.697917 0.564063 0.691667 0.565625 0.687500 0.565625 0.683333 0.564063 0.679167 0.556250 0.668750 0.553125 0.666667 0.550000 0.666667 0.540625 0.672917 0.534375 0.679167 0.531250 0.681250 0.528125 0.683333 0.523438 0.685417 0.515625 0.685417 0.510938 0.679167 0.510938 0.677083 0.506250 0.670833 0.496875 0.664583 0.484375 0.664583
24 0.848437 0.506250 0.846875 0.518750 0.846875 0.543750 0.845313 0.558333 0.842187 0.566667 0.837500 0.568750 0.818750 0.564583 0.807813 0.564583 0.804688 0.566667 0.793750 0.581250 0.782813 0.597917 0.757812 0.635417 0.746875 0.652083 0.739062 0.666667 0.723437 0.687500 0.717187 0.697917 0.715625 0.704167 0.715625 0.735417 0.714063 0.754167 0.712500 0.766667 0.710938 0.775000 0.709375 0.783333 0.704688 0.802083 0.701562 0.812500 0.695312 0.831250 0.693750 0.835417 0.692187 0.839583 0.689063 0.845833 0.679688 0.860417 0.676562 0.866667 0.673438 0.877083 0.668750 0.885417 0.662500 0.893750 0.662500 0.895833 0.657813 0.902083 0.643750 0.918750 0.635938 0.927083 0.629687 0.931250 0.626563 0.935417 0.625000 0.939583 0.626563 0.943750 0.637500 0.960417 0.645312 0.970833 0.660937 0.991667 0.668750 0.997917 0.742188 0.997917 0.746875 0.993750 0.760938 0.975000 0.775000 0.954167 0.784375 0.939583 0.787500 0.931250 0.793750 0.920833 0.801562 0.910417 0.806250 0.900000 0.814063 0.889583 0.818750 0.881250 0.820312 0.875000 0.823438 0.868750 0.831250 0.858333 0.835938 0.847917 0.843750 0.835417 0.845313 0.833333 0.850000 0.829167 0.857812 0.816667 0.864062 0.804167 0.870313 0.797917 0.878125 0.783333 0.887500 0.768750 0.901563 0.750000 0.912500 0.731250 0.928125 0.708333 0.973437 0.650000 0.975000 0.647917 0.979688 0.641667 0.981250 0.637500 0.982812 0.633333 0.981250 0.622917 0.973437 0.616667 0.965625 0.606250 0.960938 0.604167 0.954688 0.595833 0.943750 0.587500 0.937500 0.579167 0.931250 0.575000 0.925000 0.566667 0.910937 0.554167 0.900000 0.543750 0.890625 0.537500 0.879687 0.525000 0.865625 0.512500 0.857812 0.506250 0.853125 0.504167 0.848437 0.506250
18 0.170313 0.431250 0.160938 0.433333 0.153125 0.435417 0.145313 0.441667 0.134375 0.454167 0.132812 0.456250 0.128125 0.464583 0.125000 0.470833 0.120313 0.483333 0.118750 0.489583 0.117188 0.497917 0.117188 0.527083 0.118750 0.533333 0.120313 0.539583 0.121875 0.543750 0.123438 0.547917 0.128125 0.556250 0.132812 0.564583 0.143750 0.579167 0.146875 0.581250 0.150000 0.581250 0.156250 0.587500 0.160938 0.589583 0.182812 0.589583 0.196875 0.587500 0.206250 0.585417 0.221875 0.577083 0.235937 0.575000 0.242188 0.570833 0.248438 0.570833 0.253125 0.568750 0.260937 0.562500 0.275000 0.543750 0.279687 0.531250 0.281250 0.522917 0.281250 0.495833 0.279687 0.489583 0.278125 0.483333 0.276562 0.479167 0.273438 0.472917 0.262500 0.458333 0.253125 0.452083 0.245312 0.447917 0.239063 0.447917 0.234375 0.443750 0.223438 0.439583 0.217188 0.437500 0.210938 0.435417 0.201563 0.433333 0.190625 0.431250 0.170313 0.431250
16 0.875000 0.231250 0.871875 0.233333 0.870313 0.235417 0.868750 0.239583 0.868750 0.247917 0.867188 0.252083 0.865625 0.254167 0.864062 0.254167 0.860938 0.258333 0.859375 0.262500 0.857812 0.266667 0.857812 0.272917 0.853125 0.279167 0.848437 0.281250 0.846875 0.283333 0.845313 0.287500 0.845313 0.291667 0.842187 0.295833 0.835938 0.297917 0.829688 0.297917 0.828125 0.295833 0.820312 0.295833 0.815625 0.300000 0.812500 0.300000 0.796875 0.297917 0.787500 0.302083 0.773438 0.310417 0.768750 0.310417 0.756250 0.316667 0.753125 0.318750 0.750000 0.320833 0.748437 0.322917 0.746875 0.327083 0.743750 0.343750 0.746875 0.345833 0.746875 0.347917 0.748437 0.352083 0.743750 0.358333 0.740625 0.358333 0.735938 0.354167 0.734375 0.360417 0.740625 0.368750 0.746875 0.370833 0.751563 0.370833 0.757812 0.368750 0.764062 0.366667 0.768750 0.364583 0.773438 0.362500 0.809375 0.343750 0.814063 0.341667 0.821875 0.347917 0.826562 0.350000 0.832812 0.350000 0.850000 0.350000 0.856250 0.345833 0.859375 0.341667 0.860938 0.337500 0.862500 0.333333 0.864062 0.327083 0.864062 0.318750 0.860938 0.310417 0.860938 0.297917 0.864062 0.289583 0.868750 0.275000 0.879687 0.247917 0.881250 0.241667 0.881250 0.235417 0.878125 0.231250 0.875000 0.231250
13 0.326562 0.239583 0.321875 0.245833 0.320312 0.250000 0.320312 0.270833 0.321875 0.272917 0.321875 0.295833 0.318750 0.300000 0.312500 0.302083 0.309375 0.304167 0.304688 0.308333 0.300000 0.312500 0.285938 0.331250 0.282813 0.337500 0.279687 0.343750 0.276562 0.352083 0.271875 0.364583 0.268750 0.379167 0.267188 0.387500 0.267188 0.416667 0.268750 0.427083 0.270313 0.433333 0.271875 0.439583 0.275000 0.450000 0.276562 0.454167 0.281250 0.464583 0.290625 0.477083 0.292187 0.483333 0.295312 0.487500 0.303125 0.495833 0.307812 0.500000 0.310937 0.500000 0.314063 0.504167 0.318750 0.506250 0.329688 0.510417 0.339062 0.512500 0.362500 0.512500 0.371875 0.510417 0.376563 0.508333 0.381250 0.506250 0.390625 0.500000 0.393750 0.495833 0.406250 0.489583 0.412500 0.483333 0.428125 0.462500 0.432812 0.452083 0.434375 0.447917 0.434375 0.439583 0.437500 0.433333 0.439063 0.422917 0.439063 0.389583 0.437500 0.379167 0.429688 0.360417 0.421875 0.343750 0.410938 0.327083 0.406250 0.320833 0.404687 0.320833 0.398438 0.312500 0.393750 0.308333 0.389062 0.304167 0.376563 0.295833 0.368750 0.291667 0.364063 0.289583 0.351562 0.289583 0.348438 0.285417 0.346875 0.277083 0.345313 0.262500 0.343750 0.256250 0.342187 0.250000 0.340625 0.245833 0.335938 0.239583 0.326562 0.239583
17 0.587500 0.160417 0.584375 0.162500 0.579688 0.168750 0.578125 0.172917 0.573438 0.191667 0.567187 0.218750 0.564063 0.239583 0.559375 0.252083 0.553125 0.279167 0.551562 0.287500 0.550000 0.297917 0.550000 0.310417 0.548438 0.318750 0.545312 0.325000 0.545312 0.331250 0.537500 0.350000 0.532813 0.368750 0.526563 0.395833 0.523438 0.410417 0.521875 0.418750 0.521875 0.437500 0.525000 0.439583 0.528125 0.441667 0.537500 0.443750 0.548438 0.443750 0.557813 0.445833 0.564063 0.447917 0.570312 0.450000 0.584375 0.456250 0.592187 0.460417 0.606250 0.468750 0.614062 0.475000 0.626563 0.485417 0.631250 0.489583 0.640625 0.500000 0.643750 0.502083 0.654687 0.508333 0.662500 0.512500 0.667188 0.514583 0.673438 0.516667 0.676562 0.514583 0.679688 0.510417 0.681250 0.506250 0.682813 0.502083 0.690625 0.479167 0.700000 0.441667 0.704688 0.427083 0.707812 0.422917 0.707812 0.418750 0.709375 0.414583 0.712500 0.410417 0.712500 0.406250 0.715625 0.402083 0.715625 0.397917 0.735938 0.345833 0.745313 0.322917 0.753125 0.312500 0.756250 0.306250 0.760938 0.295833 0.767188 0.279167 0.768750 0.272917 0.768750 0.266667 0.767188 0.262500 0.762500 0.260417 0.757812 0.256250 0.751563 0.254167 0.746875 0.252083 0.742188 0.245833 0.742188 0.241667 0.743750 0.239583 0.745313 0.231250 0.745313 0.222917 0.742188 0.218750 0.739062 0.216667 0.735938 0.214583 0.717187 0.206250 0.682813 0.195833 0.660937 0.185417 0.654687 0.185417 0.639062 0.179167 0.628125 0.172917 0.606250 0.164583 0.600000 0.162500 0.593750 0.162500 0.592187 0.160417 0.587500 0.160417
22 0.167187 0.756250 0.159375 0.764583 0.153125 0.772917 0.151562 0.777083 0.151562 0.781250 0.157812 0.791667 0.167187 0.806250 0.179688 0.825000 0.184375 0.831250 0.185938 0.831250 0.189062 0.835417 0.204687 0.858333 0.217188 0.881250 0.226562 0.893750 0.232813 0.893750 0.235937 0.891667 0.242188 0.883333 0.242188 0.872917 0.240625 0.864583 0.239063 0.860417 0.237500 0.856250 0.229687 0.841667 0.225000 0.833333 0.220312 0.825000 0.206250 0.802083 0.198437 0.789583 0.173437 0.756250 0.167187 0.756250
9 0.218750 0.216667 0.215625 0.218750 0.212500 0.222917 0.206250 0.233333 0.200000 0.243750 0.190625 0.262500 0.182812 0.272917 0.162500 0.308333 0.159375 0.314583 0.157812 0.320833 0.148438 0.335417 0.148438 0.341667 0.150000 0.345833 0.151562 0.347917 0.156250 0.350000 0.165625 0.362500 0.171875 0.366667 0.190625 0.391667 0.196875 0.393750 0.203125 0.400000 0.210938 0.402083 0.229687 0.406250 0.240625 0.412500 0.246875 0.412500 0.250000 0.410417 0.259375 0.397917 0.265625 0.387500 0.267188 0.383333 0.268750 0.377083 0.270313 0.362500 0.271875 0.358333 0.273438 0.354167 0.276562 0.347917 0.281250 0.341667 0.282813 0.337500 0.284375 0.329167 0.300000 0.310417 0.304688 0.302083 0.303125 0.297917 0.290625 0.281250 0.285938 0.277083 0.284375 0.277083 0.282813 0.275000 0.273438 0.262500 0.268750 0.258333 0.264062 0.256250 0.259375 0.252083 0.246875 0.237500 0.240625 0.231250 0.235937 0.227083 0.231250 0.222917 0.221875 0.216667 0.218750 0.216667
0 0.331250 0.520833 0.325000 0.522917 0.318750 0.527083 0.303125 0.537500 0.293750 0.550000 0.290625 0.556250 0.285938 0.566667 0.282813 0.577083 0.281250 0.583333 0.279687 0.589583 0.278125 0.597917 0.276562 0.606250 0.275000 0.710417 0.275000 0.729167 0.276562 0.735417 0.281250 0.745833 0.284375 0.752083 0.287500 0.756250 0.292187 0.756250 0.295312 0.754167 0.301563 0.747917 0.312500 0.731250 0.317188 0.722917 0.318750 0.718750 0.321875 0.706250 0.323437 0.702083 0.328125 0.685417 0.332813 0.662500 0.337500 0.652083 0.343750 0.629167 0.348438 0.610417 0.356250 0.579167 0.356250 0.545833 0.354687 0.541667 0.342187 0.522917 0.339062 0.520833 0.331250 0.520833
0 0.400000 0.633333 0.395313 0.635417 0.385937 0.641667 0.381250 0.647917 0.379688 0.679167 0.378125 0.718750 0.378125 0.737500 0.379688 0.741667 0.392188 0.758333 0.396875 0.760417 0.401562 0.760417 0.403125 0.758333 0.409375 0.758333 0.412500 0.756250 0.417187 0.750000 0.418750 0.745833 0.417187 0.739583 0.414062 0.733333 0.414062 0.716667 0.417187 0.708333 0.425000 0.687500 0.426563 0.672917 0.428125 0.668750 0.434375 0.658333 0.434375 0.652083 0.431250 0.647917 0.431250 0.645833 0.429688 0.643750 0.428125 0.643750 0.425000 0.639583 0.421875 0.637500 0.417187 0.635417 0.409375 0.633333 0.400000 0.633333
0 0.415625 0.575000 0.410938 0.581250 0.409375 0.585417 0.407813 0.593750 0.407813 0.602083 0.409375 0.610417 0.417187 0.631250 0.420312 0.635417 0.423438 0.637500 0.426563 0.639583 0.431250 0.641667 0.434375 0.641667 0.457813 0.639583 0.473438 0.637500 0.481250 0.635417 0.485938 0.633333 0.490625 0.631250 0.493750 0.629167 0.500000 0.622917 0.498437 0.618750 0.487500 0.618750 0.476562 0.614583 0.473438 0.612500 0.465625 0.602083 0.459375 0.602083 0.450000 0.606250 0.437500 0.606250 0.432812 0.604167 0.428125 0.600000 0.423438 0.593750 0.420312 0.583333 0.420312 0.572917 0.415625 0.575000
0 0.615625 0.552083 0.607812 0.554167 0.603125 0.556250 0.598437 0.558333 0.595313 0.560417 0.589063 0.568750 0.585938 0.575000 0.584375 0.581250 0.584375 0.585417 0.587500 0.591667 0.615625 0.629167 0.626563 0.639583 0.628125 0.641667 0.629687 0.643750 0.632812 0.650000 0.635938 0.652083 0.639062 0.654167 0.643750 0.656250 0.650000 0.658333 0.657813 0.658333 0.662500 0.654167 0.665625 0.650000 0.668750 0.643750 0.670312 0.639583 0.670312 0.631250 0.671875 0.629167 0.671875 0.622917 0.670312 0.620833 0.670312 0.612500 0.668750 0.606250 0.667188 0.602083 0.664062 0.595833 0.657813 0.587500 0.643750 0.570833 0.629687 0.554167 0.626563 0.552083 0.615625 0.552083
