15 0.232813 0.539583 0.240625 0.541667 0.246875 0.543750 0.268750 0.554167 0.289062 0.558333 0.296875 0.560417 0.301563 0.564583 0.306250 0.570833 0.306250 0.583333 0.298438 0.612500 0.298438 0.620833 0.295312 0.629167 0.293750 0.637500 0.293750 0.645833 0.290625 0.654167 0.290625 0.662500 0.282813 0.693750 0.281250 0.710417 0.275000 0.741667 0.271875 0.756250 0.256250 0.747917 0.257812 0.735417 0.264062 0.679167 0.264062 0.660417 0.265625 0.637500 0.268750 0.631250 0.268750 0.627083 0.265625 0.622917 0.260937 0.620833 0.254688 0.620833 0.254688 0.614583 0.251563 0.610417 0.234375 0.610417 0.231250 0.614583 0.229687 0.622917 0.228125 0.633333 0.226562 0.643750 0.225000 0.656250 0.223438 0.670833 0.221875 0.687500 0.220312 0.706250 0.218750 0.729167 0.218750 0.745833 0.221875 0.750000 0.232813 0.752083 0.245312 0.754167 0.251563 0.754167 0.256250 0.747917 0.271875 0.756250 0.270313 0.762500 0.267188 0.768750 0.265625 0.775000 0.264062 0.781250 0.259375 0.806250 0.259375 0.816667 0.256250 0.820833 0.253125 0.822917 0.245312 0.827083 0.239063 0.827083 0.220312 0.825000 0.195312 0.827083 0.190625 0.822917 0.185938 0.822917 0.175000 0.814583 0.170313 0.814583 0.167187 0.810417 0.167187 0.804167 0.157812 0.791667 0.157812 0.787500 0.157812 0.775000 0.159375 0.768750 0.160938 0.762500 0.164062 0.756250 0.165625 0.750000 0.168750 0.727083 0.170313 0.720833 0.175000 0.708333 0.176563 0.697917 0.176563 0.687500 0.178125 0.679167 0.179688 0.670833 0.181250 0.664583 0.187500 0.647917 0.189062 0.637500 0.189062 0.627083 0.190625 0.618750 0.192188 0.610417 0.200000 0.572917 0.204687 0.554167 0.207813 0.545833 0.210938 0.543750 0.215625 0.541667 0.220312 0.539583 0.232813 0.539583
21 0.232813 0.612500 0.232813 0.616667 0.231250 0.618750 0.231250 0.631250 0.228125 0.639583 0.226562 0.656250 0.223438 0.685417 0.221875 0.704167 0.220312 0.731250 0.220312 0.743750 0.223438 0.747917 0.229687 0.747917 0.239063 0.752083 0.254688 0.750000 0.256250 0.739583 0.257812 0.722917 0.260937 0.691667 0.262500 0.675000 0.264062 0.658333 0.264062 0.635417 0.267188 0.627083 0.264062 0.625000 0.256250 0.625000 0.253125 0.620833 0.251563 0.612500 0.240625 0.610417 0.232813 0.612500
9 0.820312 0.135417 0.814063 0.143750 0.812500 0.143750 0.807813 0.152083 0.806250 0.154167 0.803125 0.156250 0.800000 0.158333 0.793750 0.160417 0.793750 0.166667 0.778125 0.189583 0.771875 0.197917 0.759375 0.210417 0.754687 0.216667 0.751563 0.225000 0.743750 0.235417 0.742188 0.241667 0.740625 0.252083 0.748437 0.262500 0.756250 0.268750 0.760938 0.277083 0.762500 0.279167 0.764062 0.279167 0.767188 0.283333 0.778125 0.289583 0.785937 0.297917 0.795312 0.308333 0.804688 0.320833 0.807813 0.331250 0.812500 0.337500 0.820312 0.337500 0.825000 0.333333 0.829688 0.333333 0.837500 0.327083 0.845313 0.322917 0.851562 0.322917 0.859375 0.318750 0.870313 0.310417 0.881250 0.295833 0.885938 0.287500 0.887500 0.281250 0.895312 0.270833 0.898438 0.270833 0.901563 0.266667 0.901563 0.260417 0.912500 0.247917 0.915625 0.243750 0.914062 0.237500 0.898438 0.218750 0.892188 0.214583 0.884375 0.206250 0.875000 0.195833 0.860938 0.179167 0.845313 0.158333 0.832812 0.143750 0.825000 0.135417 0.820312 0.135417
0 0.515625 0.797917 0.506250 0.810417 0.498437 0.816667 0.495312 0.818750 0.492188 0.820833 0.476562 0.818750 0.476562 0.829167 0.479687 0.837500 0.479687 0.845833 0.476562 0.850000 0.473438 0.852083 0.464062 0.850000 0.460938 0.852083 0.459375 0.856250 0.457813 0.860417 0.457813 0.868750 0.459375 0.872917 0.460938 0.877083 0.462500 0.879167 0.470313 0.889583 0.478125 0.897917 0.492188 0.897917 0.503125 0.902083 0.507812 0.902083 0.520312 0.900000 0.523438 0.897917 0.526563 0.895833 0.539062 0.879167 0.540625 0.875000 0.542188 0.864583 0.543750 0.852083 0.543750 0.816667 0.542188 0.810417 0.534375 0.800000 0.531250 0.797917 0.515625 0.797917
0 0.587500 0.816667 0.579688 0.831250 0.576562 0.835417 0.573438 0.837500 0.570312 0.839583 0.565625 0.841667 0.553125 0.839583 0.546875 0.839583 0.545312 0.843750 0.543750 0.856250 0.545312 0.877083 0.548438 0.879167 0.551562 0.881250 0.571875 0.881250 0.590625 0.879167 0.600000 0.877083 0.603125 0.875000 0.606250 0.872917 0.614062 0.864583 0.623437 0.854167 0.625000 0.852083 0.631250 0.841667 0.634375 0.833333 0.634375 0.829167 0.632812 0.825000 0.629687 0.820833 0.626563 0.818750 0.620313 0.818750 0.615625 0.827083 0.607812 0.829167 0.600000 0.829167 0.596875 0.827083 0.592187 0.818750 0.587500 0.816667
3 0.740625 0.487500 0.739062 0.493750 0.731250 0.493750 0.729688 0.502083 0.726562 0.502083 0.721875 0.502083 0.721875 0.504167 0.718750 0.508333 0.714063 0.508333 0.714063 0.514583 0.715625 0.518750 0.720313 0.527083 0.725000 0.537500 0.729688 0.543750 0.732812 0.550000 0.737500 0.560417 0.740625 0.568750 0.742188 0.572917 0.745313 0.585417 0.746875 0.589583 0.759375 0.608333 0.760938 0.616667 0.762500 0.620833 0.768750 0.629167 0.773438 0.633333 0.778125 0.635417 0.782813 0.639583 0.787500 0.645833 0.790625 0.654167 0.796875 0.662500 0.801562 0.675000 0.820312 0.729167 0.831250 0.756250 0.845313 0.789583 0.853125 0.804167 0.859375 0.818750 0.867188 0.841667 0.875000 0.860417 0.887500 0.889583 0.896875 0.906250 0.900000 0.916667 0.903125 0.922917 0.906250 0.929167 0.910937 0.937500 0.915625 0.941667 0.920312 0.941667 0.926562 0.937500 0.929688 0.933333 0.929688 0.929167 0.928125 0.922917 0.925000 0.912500 0.920312 0.900000 0.912500 0.883333 0.912500 0.879167 0.895312 0.837500 0.889062 0.822917 0.878125 0.797917 0.875000 0.791667 0.870313 0.785417 0.850000 0.741667 0.814063 0.675000 0.810937 0.668750 0.807813 0.662500 0.803125 0.652083 0.798438 0.639583 0.800000 0.614583 0.800000 0.597917 0.798438 0.591667 0.796875 0.585417 0.795312 0.581250 0.793750 0.577083 0.787500 0.564583 0.775000 0.539583 0.770312 0.531250 0.753125 0.504167 0.748437 0.493750 0.743750 0.487500 0.740625 0.487500
0 0.462500 0.697917 0.451562 0.704167 0.446875 0.708333 0.440625 0.716667 0.439063 0.720833 0.439063 0.735417 0.442188 0.741667 0.443750 0.750000 0.443750 0.756250 0.440625 0.760417 0.440625 0.762500 0.439063 0.764583 0.437500 0.764583 0.434375 0.768750 0.431250 0.770833 0.421875 0.775000 0.421875 0.787500 0.423438 0.793750 0.425000 0.797917 0.426563 0.802083 0.432812 0.814583 0.439063 0.835417 0.446875 0.845833 0.450000 0.847917 0.459375 0.850000 0.471875 0.847917 0.475000 0.845833 0.476562 0.835417 0.473438 0.822917 0.473438 0.810417 0.471875 0.802083 0.468750 0.793750 0.468750 0.783333 0.465625 0.775000 0.465625 0.766667 0.467187 0.758333 0.468750 0.747917 0.470313 0.743750 0.479687 0.731250 0.481250 0.727083 0.481250 0.712500 0.479687 0.706250 0.478125 0.702083 0.475000 0.700000 0.470313 0.697917 0.462500 0.697917
0 0.735938 0.279167 0.721875 0.281250 0.715625 0.283333 0.710938 0.285417 0.706250 0.287500 0.693750 0.295833 0.689063 0.300000 0.675000 0.318750 0.671875 0.325000 0.668750 0.333333 0.664062 0.345833 0.662500 0.352083 0.660937 0.358333 0.659375 0.366667 0.659375 0.400000 0.660937 0.408333 0.662500 0.414583 0.664062 0.420833 0.668750 0.433333 0.673438 0.441667 0.685937 0.458333 0.690625 0.462500 0.696875 0.466667 0.706250 0.472917 0.712500 0.475000 0.720313 0.477083 0.745313 0.477083 0.753125 0.475000 0.757812 0.472917 0.762500 0.470833 0.771875 0.464583 0.776563 0.460417 0.784375 0.450000 0.785937 0.450000 0.792188 0.441667 0.798438 0.431250 0.801562 0.425000 0.803125 0.420833 0.804688 0.416667 0.809375 0.397917 0.810937 0.389583 0.810937 0.358333 0.809375 0.345833 0.807813 0.337500 0.804688 0.327083 0.801562 0.320833 0.792188 0.308333 0.784375 0.300000 0.779687 0.295833 0.775000 0.291667 0.765625 0.285417 0.760938 0.283333 0.756250 0.281250 0.739062 0.279167 0.735938 0.279167
25 0.317188 0.306250 0.309375 0.316667 0.306250 0.318750 0.301563 0.318750 0.287500 0.316667 0.281250 0.325000 0.278125 0.331250 0.270313 0.352083 0.268750 0.360417 0.271875 0.372917 0.270313 0.379167 0.265625 0.379167 0.253125 0.377083 0.246875 0.381250 0.243750 0.385417 0.239063 0.393750 0.235937 0.400000 0.234375 0.406250 0.234375 0.422917 0.235937 0.427083 0.237500 0.431250 0.243750 0.439583 0.248438 0.441667 0.259375 0.445833 0.262500 0.450000 0.264062 0.454167 0.265625 0.460417 0.265625 0.468750 0.267188 0.477083 0.270313 0.481250 0.275000 0.483333 0.279687 0.483333 0.282813 0.485417 0.284375 0.497917 0.282813 0.500000 0.282813 0.510417 0.284375 0.516667 0.285938 0.520833 0.287500 0.525000 0.290625 0.531250 0.293750 0.537500 0.296875 0.541667 0.301563 0.543750 0.314063 0.543750 0.320312 0.541667 0.326562 0.539583 0.337500 0.535417 0.342187 0.533333 0.345313 0.531250 0.348438 0.529167 0.353125 0.525000 0.364063 0.512500 0.368750 0.506250 0.376563 0.493750 0.378125 0.489583 0.379688 0.485417 0.381250 0.479167 0.382812 0.468750 0.384375 0.454167 0.384375 0.433333 0.382812 0.425000 0.381250 0.420833 0.379688 0.416667 0.376563 0.410417 0.367188 0.397917 0.365625 0.393750 0.365625 0.375000 0.364063 0.364583 0.359375 0.354167 0.359375 0.337500 0.357812 0.333333 0.345313 0.316667 0.340625 0.312500 0.335938 0.310417 0.331250 0.308333 0.321875 0.306250 0.317188 0.306250
0 0.468750 0.531250 0.464062 0.533333 0.460938 0.535417 0.456250 0.539583 0.453125 0.543750 0.451562 0.547917 0.451562 0.562500 0.457813 0.579167 0.470313 0.595833 0.476562 0.600000 0.492188 0.610417 0.500000 0.614583 0.510938 0.618750 0.517188 0.620833 0.525000 0.622917 0.537500 0.625000 0.575000 0.625000 0.584375 0.622917 0.592187 0.620833 0.596875 0.618750 0.600000 0.616667 0.604688 0.612500 0.610938 0.604167 0.612500 0.600000 0.612500 0.587500 0.610938 0.581250 0.609375 0.577083 0.603125 0.568750 0.600000 0.566667 0.596875 0.564583 0.592187 0.562500 0.582812 0.560417 0.553125 0.560417 0.545312 0.558333 0.525000 0.552083 0.518750 0.550000 0.514062 0.547917 0.509375 0.545833 0.504687 0.541667 0.490625 0.535417 0.484375 0.533333 0.476562 0.531250 0.468750 0.531250
0 0.423438 0.652083 0.420312 0.654167 0.410938 0.666667 0.401562 0.666667 0.398438 0.668750 0.392188 0.675000 0.389062 0.675000 0.385937 0.677083 0.375000 0.691667 0.373437 0.695833 0.371875 0.702083 0.370312 0.708333 0.370312 0.716667 0.365625 0.727083 0.364063 0.733333 0.364063 0.739583 0.365625 0.752083 0.367188 0.756250 0.370312 0.760417 0.370312 0.764583 0.371875 0.768750 0.373437 0.770833 0.376563 0.772917 0.382812 0.777083 0.389062 0.777083 0.396875 0.772917 0.406250 0.766667 0.410938 0.760417 0.414062 0.760417 0.417187 0.762500 0.421875 0.768750 0.426563 0.770833 0.431250 0.768750 0.434375 0.766667 0.437500 0.762500 0.439063 0.762500 0.440625 0.760417 0.442188 0.756250 0.442188 0.747917 0.435937 0.727083 0.435937 0.720833 0.439063 0.714583 0.446875 0.704167 0.448437 0.700000 0.450000 0.695833 0.450000 0.689583 0.451562 0.683333 0.453125 0.679167 0.450000 0.672917 0.448437 0.666667 0.440625 0.656250 0.432812 0.654167 0.423438 0.652083
0 0.479687 0.620833 0.470313 0.622917 0.465625 0.625000 0.459375 0.629167 0.456250 0.633333 0.454688 0.637500 0.454688 0.652083 0.456250 0.656250 0.457813 0.660417 0.465625 0.670833 0.470313 0.675000 0.473438 0.677083 0.476562 0.679167 0.481250 0.681250 0.489063 0.683333 0.498437 0.683333 0.504687 0.687500 0.512500 0.689583 0.520312 0.691667 0.529687 0.691667 0.539062 0.695833 0.600000 0.695833 0.607812 0.691667 0.610938 0.689583 0.615625 0.683333 0.617188 0.679167 0.617188 0.656250 0.615625 0.652083 0.614062 0.647917 0.609375 0.641667 0.606250 0.639583 0.601562 0.637500 0.595313 0.635417 0.584375 0.633333 0.575000 0.631250 0.562500 0.629167 0.546875 0.627083 0.529687 0.627083 0.514062 0.622917 0.484375 0.620833 0.479687 0.620833
19 0.625000 0.152083 0.609375 0.154167 0.592187 0.156250 0.578125 0.160417 0.564063 0.160417 0.531250 0.166667 0.520312 0.170833 0.509375 0.172917 0.495312 0.175000 0.481250 0.175000 0.467187 0.177083 0.415625 0.185417 0.403125 0.187500 0.392188 0.189583 0.381250 0.191667 0.378125 0.193750 0.375000 0.195833 0.373437 0.197917 0.371875 0.202083 0.371875 0.222917 0.373437 0.239583 0.378125 0.272917 0.379688 0.289583 0.379688 0.308333 0.381250 0.325000 0.382812 0.343750 0.384375 0.354167 0.385937 0.358333 0.390625 0.364583 0.395313 0.366667 0.398438 0.366667 0.412500 0.364583 0.439063 0.360417 0.450000 0.358333 0.451562 0.356250 0.459375 0.356250 0.459375 0.335417 0.456250 0.320833 0.454688 0.306250 0.456250 0.287500 0.460938 0.285417 0.470313 0.283333 0.482812 0.283333 0.495312 0.279167 0.507812 0.279167 0.518750 0.277083 0.550000 0.268750 0.565625 0.266667 0.576562 0.266667 0.579688 0.270833 0.581250 0.281250 0.582812 0.297917 0.582812 0.314583 0.584375 0.327083 0.587500 0.335417 0.593750 0.335417 0.606250 0.333333 0.618750 0.329167 0.646875 0.327083 0.656250 0.325000 0.659375 0.322917 0.664062 0.316667 0.664062 0.291667 0.662500 0.270833 0.660937 0.250000 0.657813 0.214583 0.656250 0.197917 0.654687 0.181250 0.653125 0.168750 0.651563 0.162500 0.648438 0.154167 0.645312 0.152083 0.625000 0.152083
28 0.153125 0.110417 0.135937 0.112500 0.129688 0.114583 0.125000 0.116667 0.112500 0.125000 0.106250 0.131250 0.098437 0.141667 0.095312 0.147917 0.092188 0.154167 0.090625 0.158333 0.089063 0.162500 0.087500 0.168750 0.085938 0.175000 0.084375 0.187500 0.084375 0.204167 0.085938 0.216667 0.087500 0.225000 0.089063 0.231250 0.092188 0.241667 0.095312 0.252083 0.096875 0.256250 0.098437 0.260417 0.109375 0.277083 0.112500 0.281250 0.114062 0.281250 0.118750 0.287500 0.121875 0.289583 0.128125 0.291667 0.132812 0.295833 0.142187 0.306250 0.151562 0.312500 0.159375 0.318750 0.181250 0.331250 0.192188 0.333333 0.196875 0.337500 0.203125 0.337500 0.212500 0.343750 0.220312 0.345833 0.228125 0.347917 0.245312 0.347917 0.251563 0.345833 0.256250 0.343750 0.260937 0.341667 0.270313 0.335417 0.281250 0.320833 0.287500 0.310417 0.292187 0.297917 0.293750 0.291667 0.295312 0.283333 0.295312 0.260417 0.293750 0.252083 0.292187 0.245833 0.285938 0.229167 0.279687 0.218750 0.275000 0.214583 0.275000 0.212500 0.271875 0.208333 0.256250 0.189583 0.242188 0.172917 0.231250 0.162500 0.220312 0.147917 0.220312 0.145833 0.209375 0.131250 0.204687 0.127083 0.200000 0.122917 0.192188 0.116667 0.189062 0.114583 0.182812 0.112500 0.176563 0.110417 0.153125 0.110417
0 0.643750 0.700000 0.631250 0.702083 0.621875 0.706250 0.618750 0.710417 0.610938 0.722917 0.606250 0.725000 0.596875 0.737500 0.593750 0.743750 0.592187 0.747917 0.590625 0.754167 0.590625 0.804167 0.592187 0.816667 0.598437 0.825000 0.601562 0.827083 0.607812 0.827083 0.612500 0.825000 0.615625 0.822917 0.618750 0.818750 0.618750 0.810417 0.621875 0.806250 0.646875 0.806250 0.656250 0.808333 0.670312 0.814583 0.678125 0.814583 0.681250 0.810417 0.682813 0.806250 0.684375 0.800000 0.684375 0.793750 0.682813 0.787500 0.653125 0.747917 0.651563 0.743750 0.650000 0.737500 0.650000 0.731250 0.651563 0.727083 0.654687 0.722917 0.656250 0.722917 0.659375 0.718750 0.660937 0.714583 0.656250 0.702083 0.653125 0.702083 0.651563 0.700000 0.643750 0.700000
0 0.535937 0.700000 0.529687 0.704167 0.529687 0.714583 0.532813 0.725000 0.532813 0.741667 0.531250 0.745833 0.529687 0.750000 0.523438 0.758333 0.515625 0.762500 0.510938 0.768750 0.510938 0.787500 0.512500 0.791667 0.515625 0.795833 0.532813 0.795833 0.535937 0.800000 0.537500 0.800000 0.539062 0.802083 0.540625 0.804167 0.543750 0.808333 0.545312 0.814583 0.545312 0.829167 0.546875 0.831250 0.546875 0.835417 0.550000 0.837500 0.556250 0.839583 0.565625 0.839583 0.573438 0.835417 0.579688 0.827083 0.584375 0.818750 0.584375 0.810417 0.582812 0.793750 0.587500 0.777083 0.587500 0.752083 0.585938 0.743750 0.584375 0.739583 0.582812 0.735417 0.579688 0.729167 0.568750 0.710417 0.564063 0.704167 0.560937 0.702083 0.556250 0.700000 0.535937 0.700000
0 0.512500 0.689583 0.509375 0.691667 0.496875 0.706250 0.490625 0.714583 0.490625 0.716667 0.482812 0.729167 0.471875 0.743750 0.470313 0.750000 0.468750 0.762500 0.468750 0.777083 0.470313 0.791667 0.471875 0.800000 0.473438 0.806250 0.475000 0.812500 0.476562 0.816667 0.479687 0.816667 0.481250 0.818750 0.492188 0.818750 0.495312 0.816667 0.498437 0.814583 0.506250 0.808333 0.510938 0.802083 0.512500 0.797917 0.509375 0.787500 0.509375 0.768750 0.515625 0.760417 0.523438 0.756250 0.529687 0.747917 0.531250 0.743750 0.532813 0.735417 0.531250 0.718750 0.528125 0.704167 0.526563 0.700000 0.525000 0.697917 0.518750 0.691667 0.512500 0.689583
