0 0.725000 0.268750 0.717187 0.270833 0.704688 0.279167 0.700000 0.283333 0.695312 0.287500 0.685937 0.297917 0.684375 0.300000 0.679688 0.308333 0.673438 0.325000 0.671875 0.331250 0.670312 0.337500 0.668750 0.347917 0.667188 0.362500 0.667188 0.368750 0.668750 0.381250 0.670312 0.391667 0.673438 0.402083 0.675000 0.406250 0.676562 0.410417 0.679688 0.416667 0.682813 0.422917 0.693750 0.437500 0.700000 0.443750 0.704688 0.447917 0.707812 0.450000 0.721875 0.456250 0.728125 0.458333 0.754687 0.458333 0.759375 0.456250 0.764062 0.454167 0.771875 0.450000 0.779687 0.443750 0.785937 0.437500 0.803125 0.414583 0.806250 0.408333 0.807813 0.404167 0.809375 0.400000 0.812500 0.389583 0.814063 0.381250 0.814063 0.354167 0.812500 0.345833 0.809375 0.331250 0.803125 0.314583 0.798438 0.306250 0.792188 0.295833 0.782813 0.285417 0.775000 0.279167 0.771875 0.277083 0.768750 0.275000 0.764062 0.272917 0.759375 0.270833 0.753125 0.268750 0.725000 0.268750
5 0.640625 0.414583 0.640625 0.425000 0.642188 0.458333 0.643750 0.483333 0.648438 0.518750 0.648438 0.537500 0.653125 0.589583 0.657813 0.620833 0.657813 0.637500 0.660937 0.650000 0.662500 0.681250 0.667188 0.708333 0.670312 0.739583 0.673438 0.770833 0.675000 0.802083 0.676562 0.818750 0.678125 0.827083 0.679688 0.833333 0.681250 0.837500 0.685937 0.843750 0.693750 0.843750 0.696875 0.839583 0.698438 0.835417 0.698438 0.814583 0.695312 0.789583 0.690625 0.752083 0.684375 0.716667 0.682813 0.704167 0.681250 0.691667 0.673438 0.622917 0.671875 0.608333 0.671875 0.589583 0.675000 0.575000 0.679688 0.564583 0.681250 0.558333 0.682813 0.552083 0.684375 0.543750 0.684375 0.529167 0.682813 0.516667 0.681250 0.506250 0.679688 0.497917 0.676562 0.485417 0.671875 0.466667 0.665625 0.450000 0.657813 0.431250 0.654687 0.425000 0.650000 0.418750 0.648438 0.412500 0.645312 0.410417 0.640625 0.414583
0 0.404687 0.595833 0.418750 0.600000 0.421875 0.604167 0.421875 0.608333 0.417187 0.614583 0.415625 0.620833 0.410938 0.627083 0.414062 0.631250 0.414062 0.643750 0.410938 0.652083 0.414062 0.656250 0.417187 0.656250 0.420312 0.666667 0.420312 0.675000 0.421875 0.679167 0.423438 0.683333 0.426563 0.687500 0.432812 0.687500 0.435937 0.689583 0.437500 0.695833 0.439063 0.700000 0.443750 0.702083 0.451562 0.697917 0.456250 0.704167 0.456250 0.706250 0.454688 0.708333 0.443750 0.720833 0.439063 0.731250 0.431250 0.741667 0.431250 0.775000 0.432812 0.781250 0.439063 0.789583 0.442188 0.791667 0.445312 0.793750 0.451562 0.793750 0.457813 0.791667 0.464062 0.789583 0.467187 0.787500 0.473438 0.781250 0.479687 0.779167 0.482812 0.775000 0.485938 0.772917 0.493750 0.770833 0.506250 0.756250 0.507812 0.754167 0.515625 0.741667 0.517188 0.737500 0.518750 0.729167 0.518750 0.718750 0.517188 0.708333 0.515625 0.704167 0.514062 0.700000 0.506250 0.689583 0.496875 0.683333 0.492188 0.681250 0.471875 0.681250 0.467187 0.683333 0.464062 0.687500 0.462500 0.693750 0.456250 0.704167 0.451562 0.697917 0.451562 0.691667 0.457813 0.681250 0.456250 0.670833 0.457813 0.668750 0.457813 0.660417 0.454688 0.654167 0.454688 0.645833 0.450000 0.639583 0.450000 0.618750 0.456250 0.618750 0.459375 0.620833 0.462500 0.622917 0.471875 0.633333 0.476562 0.635417 0.481250 0.637500 0.492188 0.637500 0.501563 0.639583 0.504687 0.643750 0.509375 0.645833 0.515625 0.647917 0.526563 0.650000 0.535937 0.650000 0.539062 0.652083 0.545312 0.658333 0.556250 0.660417 0.570312 0.670833 0.576562 0.670833 0.579688 0.672917 0.593750 0.689583 0.595313 0.695833 0.609375 0.712500 0.614062 0.710417 0.620313 0.710417 0.620313 0.708333 0.623437 0.706250 0.626563 0.702083 0.628125 0.695833 0.631250 0.693750 0.635938 0.691667 0.639062 0.691667 0.653125 0.693750 0.654687 0.695833 0.657813 0.695833 0.660937 0.702083 0.662500 0.706250 0.664062 0.710417 0.662500 0.729167 0.664062 0.745833 0.659375 0.752083 0.664062 0.760417 0.665625 0.764583 0.667188 0.768750 0.667188 0.779167 0.662500 0.785417 0.657813 0.787500 0.651563 0.785417 0.648438 0.787500 0.643750 0.793750 0.643750 0.797917 0.642188 0.802083 0.632812 0.804167 0.629687 0.800000 0.628125 0.795833 0.629687 0.789583 0.632812 0.785417 0.637500 0.770833 0.645312 0.756250 0.648438 0.750000 0.648438 0.737500 0.646875 0.733333 0.643750 0.729167 0.637500 0.725000 0.634375 0.727083 0.629687 0.731250 0.625000 0.733333 0.621875 0.733333 0.615625 0.729167 0.612500 0.729167 0.607812 0.731250 0.604688 0.745833 0.607812 0.754167 0.607812 0.766667 0.604688 0.770833 0.600000 0.770833 0.596875 0.775000 0.595313 0.779167 0.593750 0.783333 0.595313 0.787500 0.600000 0.797917 0.601562 0.800000 0.606250 0.802083 0.607812 0.808333 0.610938 0.812500 0.623437 0.812500 0.626563 0.814583 0.629687 0.818750 0.629687 0.829167 0.625000 0.835417 0.621875 0.837500 0.618750 0.837500 0.609375 0.847917 0.606250 0.852083 0.606250 0.862500 0.603125 0.866667 0.600000 0.868750 0.595313 0.868750 0.593750 0.879167 0.589063 0.881250 0.584375 0.881250 0.579688 0.879167 0.568750 0.879167 0.564063 0.875000 0.559375 0.875000 0.556250 0.879167 0.551562 0.887500 0.543750 0.885417 0.535937 0.891667 0.529687 0.872917 0.532813 0.868750 0.534375 0.858333 0.539062 0.850000 0.539062 0.839583 0.542188 0.833333 0.542188 0.818750 0.545312 0.810417 0.545312 0.797917 0.542188 0.793750 0.535937 0.789583 0.528125 0.785417 0.520312 0.785417 0.515625 0.789583 0.509375 0.789583 0.506250 0.787500 0.501563 0.781250 0.493750 0.791667 0.496875 0.795833 0.498437 0.800000 0.500000 0.804167 0.500000 0.812500 0.498437 0.831250 0.501563 0.835417 0.504687 0.835417 0.509375 0.841667 0.509375 0.850000 0.514062 0.856250 0.515625 0.866667 0.518750 0.870833 0.523438 0.872917 0.529687 0.872917 0.535937 0.891667 0.529687 0.893750 0.525000 0.902083 0.515625 0.900000 0.512500 0.900000 0.501563 0.902083 0.500000 0.895833 0.496875 0.891667 0.493750 0.889583 0.487500 0.893750 0.482812 0.893750 0.478125 0.897917 0.473438 0.904167 0.468750 0.904167 0.465625 0.902083 0.462500 0.893750 0.462500 0.885417 0.454688 0.875000 0.450000 0.875000 0.446875 0.872917 0.440625 0.862500 0.437500 0.858333 0.434375 0.858333 0.426563 0.860417 0.423438 0.856250 0.421875 0.852083 0.421875 0.839583 0.420312 0.835417 0.415625 0.833333 0.407813 0.827083 0.403125 0.829167 0.400000 0.827083 0.395313 0.820833 0.395313 0.810417 0.392188 0.806250 0.382812 0.804167 0.379688 0.800000 0.379688 0.789583 0.382812 0.783333 0.381250 0.768750 0.373437 0.758333 0.373437 0.752083 0.375000 0.747917 0.379688 0.741667 0.378125 0.729167 0.371875 0.722917 0.370312 0.718750 0.370312 0.714583 0.371875 0.710417 0.376563 0.704167 0.376563 0.689583 0.371875 0.683333 0.370312 0.679167 0.370312 0.672917 0.375000 0.666667 0.376563 0.666667 0.379688 0.662500 0.379688 0.650000 0.384375 0.641667 0.384375 0.637500 0.382812 0.629167 0.384375 0.625000 0.385937 0.622917 0.390625 0.620833 0.392188 0.612500 0.390625 0.610417 0.390625 0.604167 0.392188 0.600000 0.395313 0.595833 0.404687 0.595833
0 0.634375 0.727083 0.629687 0.733333 0.626563 0.733333 0.623437 0.735417 0.614062 0.731250 0.607812 0.733333 0.607812 0.750000 0.610938 0.756250 0.610938 0.766667 0.606250 0.772917 0.601562 0.772917 0.598437 0.777083 0.596875 0.781250 0.596875 0.785417 0.600000 0.789583 0.600000 0.793750 0.601562 0.797917 0.606250 0.800000 0.609375 0.804167 0.610938 0.810417 0.618750 0.810417 0.621875 0.806250 0.628125 0.791667 0.628125 0.787500 0.634375 0.772917 0.645312 0.752083 0.646875 0.747917 0.646875 0.739583 0.637500 0.727083 0.634375 0.727083
0 0.501563 0.785417 0.498437 0.787500 0.496875 0.793750 0.501563 0.800000 0.503125 0.804167 0.503125 0.810417 0.500000 0.818750 0.500000 0.827083 0.501563 0.831250 0.503125 0.833333 0.510938 0.841667 0.510938 0.850000 0.518750 0.868750 0.525000 0.870833 0.531250 0.866667 0.532813 0.856250 0.537500 0.850000 0.537500 0.839583 0.540625 0.831250 0.540625 0.816667 0.543750 0.808333 0.543750 0.802083 0.542188 0.797917 0.535937 0.791667 0.531250 0.789583 0.526563 0.787500 0.521875 0.787500 0.514062 0.793750 0.509375 0.793750 0.504687 0.787500 0.501563 0.785417
0 0.475000 0.683333 0.468750 0.685417 0.465625 0.687500 0.464062 0.689583 0.462500 0.695833 0.454688 0.708333 0.443750 0.722917 0.440625 0.731250 0.434375 0.739583 0.432812 0.743750 0.432812 0.772917 0.434375 0.779167 0.435937 0.783333 0.440625 0.785417 0.445312 0.791667 0.451562 0.791667 0.459375 0.785417 0.464062 0.785417 0.470313 0.781250 0.495312 0.764583 0.500000 0.760417 0.510938 0.745833 0.514062 0.739583 0.515625 0.735417 0.515625 0.712500 0.514062 0.706250 0.512500 0.702083 0.504687 0.691667 0.495312 0.685417 0.490625 0.683333 0.475000 0.683333
0 0.421875 0.608333 0.418750 0.614583 0.414062 0.627083 0.414062 0.631250 0.415625 0.639583 0.414062 0.652083 0.418750 0.654167 0.421875 0.658333 0.421875 0.672917 0.426563 0.679167 0.426563 0.681250 0.429688 0.685417 0.434375 0.685417 0.437500 0.687500 0.439063 0.689583 0.442188 0.700000 0.446875 0.700000 0.451562 0.693750 0.451562 0.687500 0.454688 0.683333 0.456250 0.662500 0.453125 0.656250 0.453125 0.647917 0.448437 0.641667 0.448437 0.618750 0.445312 0.616667 0.442188 0.616667 0.434375 0.612500 0.431250 0.608333 0.428125 0.608333 0.421875 0.608333
28 0.901563 0.066667 0.892188 0.068750 0.887500 0.070833 0.882812 0.072917 0.875000 0.077083 0.871875 0.079167 0.867188 0.083333 0.862500 0.089583 0.853125 0.095833 0.846875 0.102083 0.821875 0.133333 0.803125 0.160417 0.800000 0.164583 0.792188 0.170833 0.782813 0.183333 0.768750 0.204167 0.767188 0.208333 0.765625 0.212500 0.762500 0.222917 0.760938 0.233333 0.760938 0.254167 0.762500 0.266667 0.765625 0.270833 0.773438 0.277083 0.781250 0.283333 0.784375 0.283333 0.790625 0.291667 0.790625 0.293750 0.795312 0.300000 0.796875 0.300000 0.800000 0.304167 0.804688 0.314583 0.809375 0.320833 0.820312 0.320833 0.828125 0.318750 0.834375 0.314583 0.840625 0.314583 0.845313 0.310417 0.850000 0.310417 0.864062 0.300000 0.873437 0.297917 0.878125 0.295833 0.881250 0.293750 0.887500 0.287500 0.892188 0.285417 0.896875 0.285417 0.901563 0.283333 0.906250 0.281250 0.912500 0.275000 0.915625 0.272917 0.932813 0.266667 0.951562 0.254167 0.956250 0.250000 0.962500 0.241667 0.968750 0.231250 0.973437 0.222917 0.979688 0.206250 0.984375 0.187500 0.985938 0.168750 0.985938 0.141667 0.984375 0.131250 0.982812 0.125000 0.981250 0.118750 0.979688 0.114583 0.978125 0.110417 0.971875 0.102083 0.970313 0.095833 0.962500 0.085417 0.957812 0.081250 0.953125 0.077083 0.948438 0.075000 0.940625 0.072917 0.929688 0.068750 0.920312 0.066667 0.901563 0.066667
0 0.520312 0.487500 0.501563 0.493750 0.495312 0.495833 0.487500 0.502083 0.475000 0.506250 0.468750 0.508333 0.465625 0.510417 0.459375 0.518750 0.442188 0.518750 0.437500 0.520833 0.432812 0.527083 0.429688 0.533333 0.428125 0.537500 0.425000 0.547917 0.423438 0.554167 0.423438 0.568750 0.420312 0.579167 0.418750 0.589583 0.420312 0.597917 0.421875 0.602083 0.428125 0.604167 0.435937 0.610417 0.448437 0.616667 0.454688 0.616667 0.459375 0.618750 0.462500 0.620833 0.468750 0.629167 0.473438 0.631250 0.482812 0.635417 0.492188 0.635417 0.501563 0.637500 0.507812 0.643750 0.514062 0.645833 0.525000 0.645833 0.532813 0.647917 0.537500 0.650000 0.545312 0.656250 0.557813 0.660417 0.562500 0.662500 0.565625 0.666667 0.570312 0.668750 0.575000 0.668750 0.579688 0.670833 0.585938 0.681250 0.590625 0.685417 0.603125 0.704167 0.607812 0.708333 0.610938 0.710417 0.615625 0.710417 0.620313 0.708333 0.626563 0.700000 0.626563 0.697917 0.632812 0.689583 0.646875 0.691667 0.650000 0.691667 0.653125 0.689583 0.657813 0.683333 0.659375 0.679167 0.660937 0.675000 0.660937 0.668750 0.659375 0.645833 0.654687 0.637500 0.646875 0.627083 0.639062 0.620833 0.628125 0.606250 0.614062 0.583333 0.610938 0.579167 0.607812 0.577083 0.601562 0.575000 0.600000 0.566667 0.595313 0.558333 0.595313 0.554167 0.593750 0.550000 0.590625 0.543750 0.587500 0.537500 0.575000 0.518750 0.568750 0.510417 0.565625 0.508333 0.559375 0.508333 0.556250 0.506250 0.553125 0.502083 0.550000 0.502083 0.543750 0.495833 0.540625 0.493750 0.532813 0.489583 0.528125 0.487500 0.520312 0.487500
0 0.518750 0.285417 0.515625 0.289583 0.515625 0.295833 0.521875 0.297917 0.515625 0.306250 0.507812 0.304167 0.498437 0.306250 0.493750 0.308333 0.485938 0.314583 0.471875 0.316667 0.467187 0.318750 0.454688 0.327083 0.450000 0.333333 0.450000 0.335417 0.445312 0.341667 0.435937 0.347917 0.429688 0.354167 0.425000 0.360417 0.420312 0.368750 0.415625 0.379167 0.409375 0.395833 0.407813 0.402083 0.406250 0.412500 0.406250 0.435417 0.407813 0.443750 0.409375 0.452083 0.410938 0.458333 0.415625 0.470833 0.445312 0.510417 0.448437 0.512500 0.451562 0.512500 0.453125 0.510417 0.470313 0.506250 0.484375 0.500000 0.492188 0.493750 0.496875 0.491667 0.518750 0.485417 0.523438 0.483333 0.531250 0.479167 0.539062 0.472917 0.548438 0.468750 0.565625 0.462500 0.587500 0.452083 0.595313 0.445833 0.603125 0.443750 0.610938 0.439583 0.618750 0.433333 0.621875 0.433333 0.625000 0.431250 0.626563 0.416667 0.629687 0.408333 0.629687 0.391667 0.628125 0.385417 0.626563 0.381250 0.625000 0.377083 0.620313 0.366667 0.617188 0.360417 0.606250 0.339583 0.598437 0.329167 0.598437 0.327083 0.592187 0.318750 0.590625 0.318750 0.582812 0.308333 0.576562 0.302083 0.571875 0.297917 0.568750 0.295833 0.554688 0.289583 0.542188 0.287500 0.531250 0.285417 0.518750 0.285417
16 0.239063 0.739583 0.243750 0.743750 0.246875 0.743750 0.259375 0.741667 0.264062 0.747917 0.264062 0.754167 0.267188 0.758333 0.276562 0.758333 0.301563 0.754167 0.320312 0.754167 0.323437 0.758333 0.325000 0.764583 0.326562 0.779167 0.331250 0.793750 0.331250 0.802083 0.328125 0.804167 0.309375 0.806250 0.282813 0.806250 0.290625 0.829167 0.295312 0.835417 0.298438 0.841667 0.301563 0.847917 0.303125 0.852083 0.304688 0.856250 0.304688 0.860417 0.301563 0.864583 0.295312 0.864583 0.292187 0.860417 0.290625 0.856250 0.290625 0.852083 0.279687 0.837500 0.278125 0.829167 0.270313 0.818750 0.265625 0.818750 0.264062 0.812500 0.260937 0.808333 0.257812 0.806250 0.253125 0.806250 0.250000 0.804167 0.246875 0.800000 0.243750 0.797917 0.240625 0.795833 0.234375 0.795833 0.226562 0.793750 0.218750 0.783333 0.215625 0.770833 0.220312 0.770833 0.223438 0.781250 0.228125 0.787500 0.231250 0.789583 0.235937 0.789583 0.237500 0.783333 0.237500 0.768750 0.242188 0.762500 0.240625 0.752083 0.237500 0.747917 0.231250 0.747917 0.226562 0.752083 0.223438 0.756250 0.221875 0.760417 0.220312 0.770833 0.215625 0.770833 0.215625 0.766667 0.215625 0.762500 0.218750 0.752083 0.226562 0.741667 0.229687 0.739583 0.239063 0.739583
15 0.231250 0.750000 0.228125 0.752083 0.225000 0.756250 0.223438 0.760417 0.221875 0.766667 0.221875 0.772917 0.225000 0.772917 0.232813 0.768750 0.239063 0.764583 0.237500 0.750000 0.231250 0.750000
15 0.282813 0.575000 0.278125 0.577083 0.265625 0.587500 0.251563 0.595833 0.246875 0.595833 0.239063 0.600000 0.225000 0.608333 0.220312 0.614583 0.212500 0.620833 0.204687 0.627083 0.184375 0.639583 0.162500 0.658333 0.125000 0.685417 0.121875 0.685417 0.118750 0.689583 0.115625 0.691667 0.110937 0.691667 0.106250 0.695833 0.104688 0.700000 0.104688 0.708333 0.101562 0.714583 0.101562 0.720833 0.106250 0.729167 0.106250 0.737500 0.109375 0.743750 0.110937 0.752083 0.112500 0.762500 0.110937 0.775000 0.112500 0.781250 0.118750 0.797917 0.121875 0.804167 0.132812 0.818750 0.135937 0.818750 0.139063 0.816667 0.145313 0.808333 0.150000 0.806250 0.154688 0.806250 0.157812 0.810417 0.164062 0.810417 0.170313 0.802083 0.175000 0.800000 0.182812 0.797917 0.190625 0.791667 0.195312 0.791667 0.206250 0.785417 0.209375 0.783333 0.214062 0.779167 0.215625 0.770833 0.214062 0.766667 0.215625 0.760417 0.217188 0.756250 0.218750 0.752083 0.228125 0.739583 0.234375 0.737500 0.239063 0.737500 0.257812 0.739583 0.264062 0.745833 0.268750 0.745833 0.273438 0.741667 0.282813 0.733333 0.289062 0.731250 0.300000 0.722917 0.304688 0.716667 0.307812 0.716667 0.315625 0.708333 0.317188 0.708333 0.320312 0.700000 0.318750 0.681250 0.317188 0.666667 0.315625 0.660417 0.314063 0.652083 0.307812 0.641667 0.303125 0.629167 0.300000 0.618750 0.296875 0.602083 0.293750 0.591667 0.289062 0.579167 0.285938 0.575000 0.282813 0.575000
17 0.162500 0.089583 0.157812 0.091667 0.154688 0.095833 0.153125 0.102083 0.151562 0.108333 0.146875 0.133333 0.146875 0.141667 0.143750 0.158333 0.139063 0.175000 0.137500 0.183333 0.135937 0.208333 0.134375 0.218750 0.132812 0.227083 0.128125 0.243750 0.128125 0.252083 0.120313 0.285417 0.117188 0.291667 0.118750 0.314583 0.121875 0.316667 0.129688 0.318750 0.139063 0.325000 0.150000 0.329167 0.165625 0.335417 0.178125 0.337500 0.184375 0.339583 0.200000 0.345833 0.204687 0.350000 0.209375 0.350000 0.217188 0.354167 0.225000 0.360417 0.229687 0.360417 0.250000 0.370833 0.260937 0.377083 0.271875 0.383333 0.292187 0.397917 0.300000 0.402083 0.314063 0.408333 0.320312 0.408333 0.325000 0.402083 0.329688 0.389583 0.332813 0.375000 0.334375 0.370833 0.337500 0.366667 0.346875 0.366667 0.350000 0.364583 0.351562 0.360417 0.353125 0.354167 0.357812 0.331250 0.359375 0.322917 0.360938 0.312500 0.362500 0.302083 0.362500 0.287500 0.365625 0.275000 0.367188 0.266667 0.367188 0.254167 0.368750 0.247917 0.368750 0.241667 0.376563 0.222917 0.376563 0.206250 0.371875 0.202083 0.371875 0.195833 0.375000 0.162500 0.375000 0.152083 0.373437 0.147917 0.371875 0.145833 0.368750 0.143750 0.362500 0.139583 0.356250 0.137500 0.340625 0.133333 0.318750 0.127083 0.310937 0.125000 0.303125 0.122917 0.278125 0.118750 0.260937 0.114583 0.253125 0.112500 0.237500 0.106250 0.221875 0.102083 0.195312 0.095833 0.185938 0.093750 0.176563 0.091667 0.162500 0.089583
21 0.368750 0.247917 0.367188 0.254167 0.367188 0.275000 0.365625 0.291667 0.364063 0.306250 0.356250 0.350000 0.356250 0.379167 0.362500 0.385417 0.362500 0.389583 0.360938 0.393750 0.362500 0.397917 0.365625 0.400000 0.373437 0.400000 0.378125 0.395833 0.384375 0.393750 0.385937 0.379167 0.387500 0.364583 0.389062 0.337500 0.390625 0.295833 0.389062 0.247917 0.382812 0.245833 0.368750 0.247917
12 0.435937 0.164583 0.431250 0.166667 0.421875 0.172917 0.417187 0.177083 0.409375 0.187500 0.406250 0.193750 0.401562 0.206250 0.400000 0.218750 0.395313 0.231250 0.393750 0.239583 0.392188 0.252083 0.392188 0.262500 0.393750 0.279167 0.395313 0.285417 0.396875 0.289583 0.398438 0.293750 0.406250 0.308333 0.414062 0.318750 0.418750 0.322917 0.439063 0.337500 0.446875 0.337500 0.454688 0.325000 0.457813 0.322917 0.460938 0.320833 0.465625 0.318750 0.465625 0.316667 0.471875 0.312500 0.479687 0.310417 0.489063 0.310417 0.493750 0.306250 0.501563 0.304167 0.507812 0.293750 0.510938 0.283333 0.512500 0.275000 0.512500 0.239583 0.510938 0.233333 0.509375 0.227083 0.503125 0.210417 0.485938 0.187500 0.478125 0.179167 0.473438 0.177083 0.468750 0.170833 0.460938 0.166667 0.454688 0.164583 0.435937 0.164583
3 0.740625 0.489583 0.739062 0.497917 0.731250 0.497917 0.731250 0.508333 0.728125 0.504167 0.726562 0.502083 0.723437 0.500000 0.720313 0.512500 0.717187 0.508333 0.714063 0.508333 0.714063 0.512500 0.718750 0.525000 0.734375 0.554167 0.740625 0.568750 0.745313 0.585417 0.748437 0.591667 0.757812 0.606250 0.762500 0.620833 0.768750 0.629167 0.773438 0.633333 0.778125 0.635417 0.782813 0.639583 0.787500 0.645833 0.795312 0.660417 0.798438 0.666667 0.800000 0.670833 0.804688 0.689583 0.809375 0.702083 0.821875 0.733333 0.831250 0.756250 0.839063 0.770833 0.859375 0.818750 0.860938 0.822917 0.864062 0.835417 0.868750 0.847917 0.889062 0.893750 0.893750 0.900000 0.898438 0.912500 0.906250 0.925000 0.914062 0.943750 0.917188 0.943750 0.923438 0.939583 0.926562 0.937500 0.928125 0.925000 0.926562 0.918750 0.921875 0.906250 0.906250 0.864583 0.898438 0.845833 0.892188 0.831250 0.881250 0.806250 0.876563 0.795833 0.868750 0.783333 0.859375 0.760417 0.839063 0.720833 0.823438 0.693750 0.821875 0.687500 0.809375 0.666667 0.804688 0.656250 0.798438 0.639583 0.796875 0.633333 0.796875 0.627083 0.800000 0.612500 0.800000 0.600000 0.798438 0.591667 0.792188 0.575000 0.787500 0.564583 0.778125 0.545833 0.759375 0.512500 0.753125 0.502083 0.746875 0.491667 0.743750 0.487500 0.740625 0.489583
9 0.173437 0.416667 0.171875 0.418750 0.168750 0.418750 0.162500 0.427083 0.160938 0.452083 0.159375 0.458333 0.156250 0.468750 0.151562 0.483333 0.146875 0.491667 0.143750 0.506250 0.132812 0.531250 0.121875 0.562500 0.123438 0.568750 0.126562 0.568750 0.134375 0.572917 0.142187 0.577083 0.160938 0.587500 0.178125 0.600000 0.187500 0.602083 0.190625 0.602083 0.198437 0.595833 0.204687 0.593750 0.212500 0.591667 0.231250 0.591667 0.234375 0.587500 0.237500 0.581250 0.243750 0.566667 0.245312 0.562500 0.248438 0.547917 0.257812 0.527083 0.259375 0.522917 0.259375 0.518750 0.262500 0.514583 0.271875 0.485417 0.273438 0.475000 0.273438 0.464583 0.270313 0.460417 0.262500 0.454167 0.253125 0.447917 0.239063 0.441667 0.235937 0.439583 0.229687 0.433333 0.225000 0.431250 0.220312 0.431250 0.207813 0.422917 0.192188 0.422917 0.181250 0.416667 0.173437 0.416667
22 0.706250 0.212500 0.701562 0.218750 0.695312 0.233333 0.681250 0.256250 0.662500 0.291667 0.642188 0.331250 0.640625 0.335417 0.639062 0.339583 0.639062 0.345833 0.646875 0.356250 0.651563 0.360417 0.654687 0.362500 0.657813 0.364583 0.662500 0.364583 0.665625 0.362500 0.667188 0.358333 0.667188 0.350000 0.668750 0.347917 0.668750 0.339583 0.670312 0.331250 0.671875 0.325000 0.676562 0.312500 0.679688 0.306250 0.685937 0.297917 0.685937 0.295833 0.690625 0.289583 0.696875 0.283333 0.701562 0.279167 0.706250 0.275000 0.714063 0.270833 0.717187 0.266667 0.717187 0.264583 0.721875 0.258333 0.729688 0.241667 0.731250 0.237500 0.731250 0.231250 0.720313 0.216667 0.717187 0.214583 0.712500 0.212500 0.706250 0.212500
