27 0.551562 0.108333 0.546875 0.110417 0.542188 0.112500 0.532813 0.118750 0.528125 0.122917 0.514062 0.141667 0.507812 0.156250 0.506250 0.160417 0.504687 0.166667 0.504687 0.172917 0.500000 0.185417 0.498437 0.191667 0.498437 0.214583 0.500000 0.229167 0.501563 0.241667 0.503125 0.252083 0.504687 0.260417 0.506250 0.268750 0.509375 0.279167 0.510938 0.283333 0.512500 0.287500 0.526563 0.306250 0.534375 0.312500 0.539062 0.314583 0.543750 0.316667 0.568750 0.316667 0.573438 0.314583 0.581250 0.310417 0.584375 0.308333 0.593750 0.295833 0.598437 0.287500 0.607812 0.266667 0.609375 0.258333 0.618750 0.237500 0.618750 0.231250 0.623437 0.220833 0.625000 0.214583 0.625000 0.177083 0.621875 0.162500 0.618750 0.152083 0.617188 0.147917 0.614062 0.141667 0.610938 0.135417 0.603125 0.125000 0.598437 0.120833 0.593750 0.116667 0.590625 0.114583 0.582812 0.110417 0.576562 0.108333 0.551562 0.108333
2 0.159375 0.381250 0.157812 0.383333 0.154688 0.383333 0.154688 0.518750 0.157812 0.583333 0.187500 0.583333 0.215625 0.581250 0.223438 0.579167 0.231250 0.568750 0.253125 0.537500 0.254688 0.533333 0.256250 0.527083 0.256250 0.510417 0.253125 0.381250 0.189062 0.383333 0.165625 0.383333 0.159375 0.381250
21 0.248438 0.781250 0.248438 0.785417 0.251563 0.793750 0.253125 0.808333 0.257812 0.827083 0.260937 0.831250 0.278125 0.831250 0.282813 0.825000 0.284375 0.812500 0.284375 0.808333 0.281250 0.804167 0.276562 0.802083 0.265625 0.795833 0.253125 0.783333 0.248438 0.781250
5 0.707812 0.814583 0.704688 0.816667 0.701562 0.822917 0.695312 0.837500 0.681250 0.858333 0.679688 0.862500 0.678125 0.866667 0.676562 0.879167 0.676562 0.897917 0.678125 0.902083 0.681250 0.904167 0.685937 0.904167 0.689063 0.902083 0.695312 0.893750 0.696875 0.887500 0.698438 0.881250 0.700000 0.872917 0.703125 0.854167 0.706250 0.831250 0.706250 0.820833 0.707812 0.818750 0.707812 0.814583
5 0.756250 0.493750 0.753125 0.495833 0.751563 0.500000 0.750000 0.506250 0.748437 0.514583 0.748437 0.522917 0.746875 0.531250 0.734375 0.579167 0.726562 0.616667 0.725000 0.633333 0.720313 0.647917 0.721875 0.662500 0.725000 0.675000 0.725000 0.685417 0.726562 0.687500 0.728125 0.693750 0.728125 0.689583 0.734375 0.672917 0.743750 0.658333 0.756250 0.641667 0.759375 0.635417 0.760938 0.631250 0.762500 0.627083 0.764062 0.618750 0.765625 0.606250 0.767188 0.593750 0.767188 0.543750 0.765625 0.527083 0.762500 0.506250 0.759375 0.493750 0.756250 0.493750
22 0.368750 0.437500 0.365625 0.439583 0.362500 0.443750 0.360938 0.443750 0.359375 0.445833 0.357812 0.450000 0.357812 0.470833 0.360938 0.479167 0.365625 0.483333 0.368750 0.485417 0.387500 0.485417 0.393750 0.483333 0.400000 0.475000 0.401562 0.470833 0.401562 0.458333 0.400000 0.454167 0.396875 0.450000 0.396875 0.447917 0.395313 0.445833 0.389062 0.439583 0.385937 0.437500 0.368750 0.437500
9 0.832812 0.187500 0.828125 0.191667 0.812500 0.210417 0.795312 0.231250 0.782813 0.250000 0.781250 0.252083 0.775000 0.256250 0.770312 0.264583 0.768750 0.270833 0.764062 0.277083 0.760938 0.283333 0.759375 0.291667 0.759375 0.300000 0.760938 0.304167 0.768750 0.314583 0.778125 0.325000 0.785937 0.331250 0.793750 0.341667 0.801562 0.350000 0.806250 0.352083 0.817187 0.364583 0.832812 0.375000 0.837500 0.381250 0.846875 0.381250 0.853125 0.379167 0.868750 0.372917 0.882812 0.366667 0.889062 0.364583 0.893750 0.358333 0.893750 0.356250 0.900000 0.347917 0.906250 0.333333 0.914062 0.322917 0.915625 0.316667 0.926562 0.300000 0.926562 0.293750 0.931250 0.287500 0.932813 0.283333 0.932813 0.277083 0.928125 0.270833 0.921875 0.264583 0.912500 0.258333 0.907813 0.252083 0.903125 0.247917 0.898438 0.245833 0.893750 0.241667 0.873437 0.222917 0.865625 0.212500 0.850000 0.200000 0.845313 0.193750 0.839063 0.187500 0.832812 0.187500
3 0.754687 0.645833 0.751563 0.647917 0.748437 0.652083 0.745313 0.658333 0.742188 0.668750 0.743750 0.693750 0.746875 0.745833 0.750000 0.770833 0.751563 0.795833 0.751563 0.825000 0.753125 0.837500 0.754687 0.843750 0.756250 0.847917 0.759375 0.854167 0.764062 0.856250 0.768750 0.850000 0.770312 0.845833 0.770312 0.808333 0.765625 0.775000 0.764062 0.756250 0.762500 0.737500 0.759375 0.681250 0.757812 0.660417 0.754687 0.645833
3 0.732812 0.450000 0.729688 0.452083 0.723437 0.458333 0.721875 0.460417 0.720313 0.464583 0.718750 0.470833 0.717187 0.477083 0.715625 0.491667 0.715625 0.518750 0.717187 0.529167 0.718750 0.535417 0.720313 0.541667 0.723437 0.552083 0.731250 0.575000 0.735938 0.572917 0.737500 0.568750 0.739062 0.562500 0.740625 0.556250 0.745313 0.535417 0.746875 0.527083 0.748437 0.508333 0.750000 0.500000 0.754687 0.493750 0.759375 0.493750 0.760938 0.489583 0.760938 0.472917 0.759375 0.462500 0.757812 0.454167 0.754687 0.450000 0.746875 0.452083 0.732812 0.450000
0 0.318750 0.545833 0.304688 0.552083 0.296875 0.558333 0.290625 0.558333 0.287500 0.560417 0.284375 0.562500 0.282813 0.564583 0.281250 0.570833 0.276562 0.577083 0.273438 0.577083 0.265625 0.585417 0.262500 0.585417 0.259375 0.587500 0.256250 0.591667 0.256250 0.600000 0.248438 0.610417 0.246875 0.614583 0.248438 0.627083 0.243750 0.633333 0.240625 0.643750 0.242188 0.647917 0.248438 0.656250 0.250000 0.662500 0.246875 0.670833 0.245312 0.687500 0.245312 0.695833 0.246875 0.700000 0.251563 0.702083 0.254688 0.706250 0.256250 0.710417 0.257812 0.714583 0.257812 0.729167 0.259375 0.733333 0.262500 0.737500 0.265625 0.739583 0.271875 0.737500 0.275000 0.741667 0.275000 0.750000 0.276562 0.754167 0.281250 0.760417 0.292187 0.762500 0.298438 0.770833 0.317188 0.772917 0.325000 0.772917 0.329688 0.768750 0.339062 0.768750 0.340625 0.770833 0.351562 0.770833 0.354687 0.768750 0.357812 0.764583 0.357812 0.762500 0.359375 0.760417 0.362500 0.758333 0.367188 0.756250 0.375000 0.756250 0.379688 0.752083 0.381250 0.745833 0.382812 0.743750 0.387500 0.741667 0.390625 0.737500 0.392188 0.731250 0.395313 0.727083 0.403125 0.722917 0.407813 0.716667 0.409375 0.710417 0.409375 0.689583 0.410938 0.681250 0.415625 0.670833 0.415625 0.658333 0.412500 0.652083 0.410938 0.637500 0.407813 0.627083 0.404687 0.622917 0.403125 0.612500 0.403125 0.602083 0.401562 0.597917 0.392188 0.587500 0.389062 0.583333 0.387500 0.577083 0.384375 0.572917 0.376563 0.568750 0.371875 0.562500 0.368750 0.560417 0.365625 0.558333 0.360938 0.558333 0.354687 0.552083 0.346875 0.547917 0.329688 0.545833 0.318750 0.545833
20 0.267188 0.208333 0.262500 0.210417 0.254688 0.214583 0.245312 0.220833 0.239063 0.229167 0.237500 0.233333 0.235937 0.239583 0.235937 0.247917 0.237500 0.250000 0.237500 0.260417 0.239063 0.268750 0.245312 0.293750 0.256250 0.322917 0.260937 0.333333 0.265625 0.341667 0.275000 0.354167 0.278125 0.356250 0.281250 0.358333 0.290625 0.358333 0.295312 0.356250 0.306250 0.350000 0.309375 0.347917 0.312500 0.345833 0.317188 0.341667 0.321875 0.335417 0.325000 0.329167 0.326562 0.318750 0.328125 0.314583 0.326562 0.306250 0.325000 0.300000 0.318750 0.281250 0.315625 0.275000 0.307812 0.247917 0.303125 0.233333 0.298438 0.220833 0.292187 0.212500 0.289062 0.210417 0.284375 0.208333 0.267188 0.208333
0 0.606250 0.550000 0.603125 0.552083 0.600000 0.554167 0.589063 0.562500 0.584375 0.566667 0.579688 0.570833 0.573438 0.577083 0.564063 0.589583 0.557813 0.593750 0.546875 0.608333 0.539062 0.614583 0.526563 0.629167 0.510938 0.650000 0.500000 0.660417 0.482812 0.681250 0.481250 0.683333 0.473438 0.695833 0.470313 0.704167 0.473438 0.712500 0.476562 0.720833 0.481250 0.729167 0.487500 0.739583 0.506250 0.766667 0.510938 0.777083 0.526563 0.800000 0.529687 0.808333 0.537500 0.818750 0.543750 0.829167 0.545312 0.835417 0.551562 0.845833 0.556250 0.847917 0.559375 0.845833 0.564063 0.841667 0.575000 0.831250 0.585938 0.820833 0.590625 0.814583 0.592187 0.814583 0.595313 0.810417 0.606250 0.795833 0.610938 0.789583 0.623437 0.770833 0.629687 0.764583 0.634375 0.760417 0.650000 0.752083 0.653125 0.750000 0.667188 0.737500 0.673438 0.731250 0.678125 0.725000 0.685937 0.712500 0.687500 0.712500 0.693750 0.704167 0.693750 0.697917 0.689063 0.685417 0.681250 0.672917 0.676562 0.660417 0.668750 0.652083 0.667188 0.650000 0.653125 0.627083 0.648438 0.616667 0.640625 0.606250 0.632812 0.591667 0.631250 0.587500 0.629687 0.579167 0.628125 0.575000 0.609375 0.550000 0.606250 0.550000
8 0.390625 0.110417 0.400000 0.112500 0.406250 0.114583 0.414062 0.118750 0.417187 0.120833 0.420312 0.122917 0.425000 0.127083 0.432812 0.135417 0.440625 0.147917 0.445312 0.158333 0.448437 0.172917 0.451562 0.183333 0.454688 0.187500 0.454688 0.193750 0.457813 0.200000 0.459375 0.206250 0.462500 0.220833 0.462500 0.256250 0.460938 0.264583 0.459375 0.270833 0.457813 0.277083 0.453125 0.287500 0.439063 0.306250 0.426563 0.314583 0.421875 0.316667 0.415625 0.318750 0.396875 0.318750 0.390625 0.316667 0.384375 0.314583 0.376563 0.308333 0.371875 0.304167 0.367188 0.300000 0.350000 0.283333 0.340625 0.272917 0.328125 0.256250 0.323437 0.243750 0.320312 0.235417 0.320312 0.218750 0.314063 0.216667 0.310937 0.214583 0.309375 0.212500 0.307812 0.208333 0.306250 0.202083 0.312500 0.202083 0.318750 0.202083 0.317188 0.193750 0.318750 0.187500 0.315625 0.183333 0.315625 0.181250 0.317188 0.185417 0.320312 0.181250 0.325000 0.170833 0.328125 0.160417 0.326562 0.152083 0.323437 0.160417 0.317188 0.177083 0.315625 0.181250 0.315625 0.183333 0.312500 0.187500 0.314063 0.193750 0.312500 0.202083 0.306250 0.202083 0.306250 0.187500 0.307812 0.181250 0.312500 0.170833 0.315625 0.154167 0.320312 0.141667 0.323437 0.137500 0.329688 0.137500 0.332813 0.141667 0.345313 0.127083 0.353125 0.120833 0.356250 0.118750 0.364063 0.114583 0.370312 0.112500 0.378125 0.110417 0.390625 0.110417
14 0.648438 0.279167 0.634375 0.285417 0.631250 0.287500 0.628125 0.289583 0.617188 0.300000 0.609375 0.308333 0.606250 0.312500 0.598437 0.325000 0.593750 0.335417 0.587500 0.352083 0.585938 0.362500 0.585938 0.406250 0.587500 0.416667 0.589063 0.422917 0.590625 0.427083 0.592187 0.431250 0.595313 0.437500 0.598437 0.443750 0.617188 0.468750 0.621875 0.472917 0.628125 0.477083 0.637500 0.483333 0.643750 0.483333 0.650000 0.487500 0.657813 0.489583 0.673438 0.489583 0.684375 0.487500 0.690625 0.485417 0.698438 0.483333 0.701562 0.481250 0.704688 0.477083 0.707812 0.477083 0.720313 0.462500 0.731250 0.447917 0.732812 0.443750 0.734375 0.439583 0.740625 0.420833 0.742188 0.412500 0.742188 0.364583 0.740625 0.354167 0.737500 0.345833 0.731250 0.329167 0.728125 0.322917 0.710938 0.300000 0.706250 0.295833 0.700000 0.289583 0.692187 0.285417 0.687500 0.283333 0.682813 0.281250 0.675000 0.279167 0.648438 0.279167
4 0.873437 0.531250 0.868750 0.533333 0.864062 0.537500 0.859375 0.541667 0.853125 0.547917 0.840625 0.564583 0.835938 0.572917 0.834375 0.577083 0.832812 0.581250 0.831250 0.587500 0.831250 0.618750 0.834375 0.631250 0.834375 0.645833 0.832812 0.654167 0.829688 0.662500 0.823438 0.681250 0.806250 0.727083 0.800000 0.745833 0.785937 0.789583 0.776563 0.820833 0.771875 0.845833 0.767188 0.856250 0.765625 0.862500 0.765625 0.877083 0.771875 0.875000 0.773438 0.870833 0.775000 0.864583 0.778125 0.860417 0.790625 0.829167 0.795312 0.816667 0.806250 0.785417 0.814063 0.758333 0.820312 0.741667 0.832812 0.712500 0.834375 0.708333 0.839063 0.693750 0.845313 0.670833 0.846875 0.666667 0.848437 0.662500 0.860938 0.645833 0.870313 0.639583 0.875000 0.633333 0.879687 0.631250 0.887500 0.620833 0.892188 0.612500 0.898438 0.595833 0.900000 0.587500 0.901563 0.577083 0.901563 0.556250 0.900000 0.547917 0.898438 0.543750 0.896875 0.539583 0.892188 0.533333 0.889062 0.531250 0.873437 0.531250
0 0.706250 0.083333 0.698438 0.085417 0.684375 0.091667 0.675000 0.097917 0.670312 0.102083 0.653125 0.125000 0.650000 0.131250 0.646875 0.139583 0.642188 0.152083 0.640625 0.158333 0.639062 0.164583 0.637500 0.179167 0.637500 0.191667 0.639062 0.210417 0.640625 0.218750 0.642188 0.227083 0.643750 0.231250 0.645312 0.235417 0.648438 0.241667 0.656250 0.254167 0.657813 0.256250 0.664062 0.262500 0.668750 0.266667 0.671875 0.268750 0.675000 0.270833 0.685937 0.277083 0.692187 0.279167 0.718750 0.279167 0.725000 0.277083 0.731250 0.272917 0.740625 0.266667 0.745313 0.262500 0.750000 0.258333 0.765625 0.237500 0.768750 0.231250 0.775000 0.214583 0.778125 0.204167 0.779687 0.195833 0.781250 0.183333 0.781250 0.154167 0.779687 0.145833 0.778125 0.137500 0.776563 0.133333 0.775000 0.129167 0.771875 0.122917 0.767188 0.114583 0.754687 0.097917 0.742188 0.089583 0.737500 0.087500 0.731250 0.085417 0.725000 0.083333 0.706250 0.083333
