3 0.785937 0.414583 0.775000 0.416667 0.765625 0.418750 0.762500 0.420833 0.760938 0.425000 0.760938 0.429167 0.762500 0.458333 0.764062 0.487500 0.765625 0.504167 0.767188 0.522917 0.768750 0.533333 0.770312 0.537500 0.781250 0.552083 0.782813 0.556250 0.784375 0.562500 0.785937 0.627083 0.785937 0.745833 0.787500 0.787500 0.789062 0.806250 0.790625 0.820833 0.795312 0.843750 0.795312 0.856250 0.796875 0.860417 0.800000 0.862500 0.814063 0.860417 0.815625 0.854167 0.815625 0.768750 0.814063 0.745833 0.810937 0.731250 0.806250 0.679167 0.804688 0.660417 0.803125 0.639583 0.801562 0.614583 0.801562 0.562500 0.803125 0.556250 0.807813 0.543750 0.814063 0.533333 0.815625 0.529167 0.817187 0.520833 0.817187 0.512500 0.814063 0.497917 0.809375 0.485417 0.807813 0.479167 0.806250 0.470833 0.806250 0.443750 0.803125 0.433333 0.801562 0.429167 0.796875 0.418750 0.793750 0.416667 0.790625 0.414583 0.785937 0.414583
25 0.475000 0.095833 0.471875 0.097917 0.467187 0.104167 0.454688 0.112500 0.450000 0.118750 0.445312 0.122917 0.439063 0.125000 0.435937 0.127083 0.428125 0.135417 0.420312 0.143750 0.406250 0.160417 0.404687 0.162500 0.396875 0.175000 0.390625 0.179167 0.384375 0.181250 0.381250 0.185417 0.378125 0.185417 0.375000 0.187500 0.367188 0.193750 0.357812 0.202083 0.356250 0.206250 0.350000 0.206250 0.335938 0.216667 0.331250 0.222917 0.312500 0.235417 0.306250 0.243750 0.303125 0.243750 0.290625 0.254167 0.285938 0.258333 0.279687 0.266667 0.275000 0.268750 0.270313 0.275000 0.265625 0.279167 0.270313 0.283333 0.275000 0.285417 0.282813 0.285417 0.290625 0.291667 0.295312 0.293750 0.296875 0.297917 0.296875 0.302083 0.293750 0.310417 0.287500 0.310417 0.284375 0.312500 0.281250 0.316667 0.278125 0.316667 0.273438 0.322917 0.265625 0.329167 0.256250 0.329167 0.250000 0.331250 0.245312 0.337500 0.245312 0.343750 0.234375 0.358333 0.229687 0.360417 0.215625 0.360417 0.209375 0.358333 0.201563 0.352083 0.196875 0.352083 0.193750 0.354167 0.187500 0.362500 0.184375 0.364583 0.179688 0.366667 0.171875 0.368750 0.168750 0.368750 0.164062 0.366667 0.159375 0.360417 0.151562 0.358333 0.146875 0.360417 0.146875 0.368750 0.150000 0.377083 0.162500 0.406250 0.164062 0.414583 0.170313 0.425000 0.170313 0.429167 0.179688 0.452083 0.185938 0.462500 0.187500 0.470833 0.190625 0.475000 0.192188 0.479167 0.193750 0.487500 0.201563 0.502083 0.203125 0.510417 0.210938 0.529167 0.212500 0.533333 0.220312 0.535417 0.231250 0.527083 0.248438 0.518750 0.257812 0.512500 0.265625 0.506250 0.270313 0.502083 0.275000 0.495833 0.279687 0.491667 0.295312 0.481250 0.307812 0.468750 0.318750 0.460417 0.337500 0.447917 0.356250 0.431250 0.362500 0.429167 0.365625 0.427083 0.370312 0.420833 0.378125 0.416667 0.385937 0.408333 0.403125 0.395833 0.406250 0.395833 0.414062 0.385417 0.415625 0.381250 0.421875 0.360417 0.425000 0.354167 0.429688 0.345833 0.431250 0.343750 0.437500 0.337500 0.442188 0.333333 0.446875 0.329167 0.450000 0.327083 0.453125 0.325000 0.457813 0.322917 0.464062 0.320833 0.475000 0.318750 0.490625 0.322917 0.496875 0.322917 0.503125 0.320833 0.507812 0.316667 0.518750 0.306250 0.529687 0.300000 0.537500 0.293750 0.545312 0.287500 0.548438 0.283333 0.550000 0.283333 0.553125 0.275000 0.553125 0.270833 0.550000 0.262500 0.545312 0.254167 0.545312 0.250000 0.537500 0.235417 0.535937 0.229167 0.535937 0.218750 0.529687 0.202083 0.525000 0.195833 0.523438 0.191667 0.523438 0.187500 0.520312 0.183333 0.520312 0.179167 0.515625 0.168750 0.496875 0.129167 0.493750 0.122917 0.490625 0.116667 0.485938 0.110417 0.481250 0.097917 0.475000 0.095833
10 0.639062 0.341667 0.634375 0.343750 0.621875 0.350000 0.617188 0.354167 0.604688 0.360417 0.600000 0.360417 0.592187 0.366667 0.587500 0.368750 0.578125 0.370833 0.551562 0.385417 0.542188 0.391667 0.539062 0.393750 0.537500 0.412500 0.539062 0.420833 0.543750 0.431250 0.545312 0.437500 0.546875 0.443750 0.546875 0.450000 0.548438 0.458333 0.551562 0.462500 0.551562 0.468750 0.556250 0.481250 0.560937 0.487500 0.565625 0.487500 0.582812 0.485417 0.584375 0.481250 0.587500 0.481250 0.596875 0.475000 0.601562 0.468750 0.612500 0.462500 0.618750 0.462500 0.626563 0.456250 0.656250 0.443750 0.668750 0.435417 0.671875 0.433333 0.673438 0.427083 0.671875 0.420833 0.668750 0.412500 0.670312 0.406250 0.673438 0.404167 0.681250 0.402083 0.684375 0.397917 0.682813 0.393750 0.670312 0.383333 0.665625 0.385417 0.662500 0.383333 0.659375 0.379167 0.657813 0.375000 0.651563 0.350000 0.648438 0.341667 0.639062 0.341667
19 0.464062 0.325000 0.456250 0.327083 0.443750 0.335417 0.437500 0.341667 0.428125 0.354167 0.425000 0.360417 0.423438 0.364583 0.421875 0.368750 0.418750 0.379167 0.417187 0.391667 0.417187 0.404167 0.418750 0.406250 0.418750 0.420833 0.420312 0.427083 0.425000 0.439583 0.428125 0.445833 0.434375 0.456250 0.440625 0.460417 0.445312 0.466667 0.448437 0.466667 0.451562 0.470833 0.456250 0.472917 0.460938 0.475000 0.470313 0.477083 0.481250 0.477083 0.489063 0.475000 0.495312 0.472917 0.498437 0.470833 0.501563 0.468750 0.509375 0.462500 0.521875 0.445833 0.525000 0.439583 0.528125 0.431250 0.532813 0.418750 0.532813 0.385417 0.531250 0.379167 0.528125 0.370833 0.523438 0.358333 0.518750 0.350000 0.510938 0.339583 0.506250 0.337500 0.501563 0.331250 0.498437 0.329167 0.487500 0.325000 0.464062 0.325000
15 0.615625 0.112500 0.604688 0.114583 0.598437 0.116667 0.593750 0.118750 0.589063 0.120833 0.579688 0.127083 0.575000 0.131250 0.570312 0.135417 0.556250 0.154167 0.553125 0.160417 0.550000 0.168750 0.545312 0.181250 0.543750 0.187500 0.539062 0.208333 0.539062 0.222917 0.540625 0.231250 0.542188 0.235417 0.543750 0.239583 0.548438 0.245833 0.550000 0.250000 0.551562 0.258333 0.553125 0.262500 0.557813 0.268750 0.559375 0.283333 0.560937 0.287500 0.567187 0.297917 0.573438 0.306250 0.584375 0.314583 0.593750 0.320833 0.598437 0.322917 0.607812 0.325000 0.620313 0.325000 0.631250 0.322917 0.637500 0.320833 0.642188 0.318750 0.645312 0.316667 0.648438 0.314583 0.651563 0.310417 0.654687 0.308333 0.657813 0.308333 0.660937 0.306250 0.667188 0.300000 0.671875 0.293750 0.671875 0.291667 0.684375 0.272917 0.690625 0.262500 0.693750 0.252083 0.695312 0.245833 0.696875 0.237500 0.698438 0.225000 0.698438 0.214583 0.696875 0.202083 0.695312 0.189583 0.693750 0.183333 0.692187 0.177083 0.687500 0.164583 0.681250 0.156250 0.678125 0.147917 0.668750 0.135417 0.664062 0.131250 0.656250 0.125000 0.646875 0.118750 0.642188 0.116667 0.637500 0.114583 0.629687 0.112500 0.615625 0.112500
4 0.368750 0.625000 0.365625 0.627083 0.362500 0.629167 0.356250 0.637500 0.350000 0.654167 0.348438 0.660417 0.346875 0.668750 0.346875 0.687500 0.348438 0.695833 0.350000 0.700000 0.351562 0.704167 0.356250 0.712500 0.362500 0.720833 0.367188 0.729167 0.367188 0.764583 0.365625 0.822917 0.362500 0.847917 0.362500 0.885417 0.360938 0.900000 0.357812 0.910417 0.356250 0.920833 0.354687 0.939583 0.354687 0.952083 0.356250 0.956250 0.373437 0.956250 0.373437 0.954167 0.376563 0.950000 0.376563 0.920833 0.375000 0.858333 0.371875 0.829167 0.373437 0.822917 0.371875 0.787500 0.373437 0.745833 0.375000 0.737500 0.376563 0.733333 0.378125 0.729167 0.389062 0.716667 0.390625 0.714583 0.390625 0.712500 0.393750 0.708333 0.398438 0.695833 0.400000 0.685417 0.400000 0.668750 0.398438 0.658333 0.396875 0.652083 0.392188 0.639583 0.389062 0.633333 0.382812 0.625000 0.368750 0.625000
6 0.756250 0.472917 0.746875 0.475000 0.742188 0.477083 0.739062 0.479167 0.739062 0.541667 0.740625 0.591667 0.742188 0.597917 0.743750 0.604167 0.753125 0.631250 0.754687 0.639583 0.759375 0.668750 0.760938 0.681250 0.762500 0.693750 0.762500 0.731250 0.760938 0.743750 0.759375 0.754167 0.754687 0.775000 0.753125 0.781250 0.748437 0.791667 0.746875 0.800000 0.746875 0.818750 0.748437 0.858333 0.750000 0.862500 0.757812 0.864583 0.795312 0.858333 0.793750 0.845833 0.789062 0.820833 0.787500 0.806250 0.785937 0.789583 0.784375 0.747917 0.784375 0.635417 0.782813 0.562500 0.778125 0.550000 0.770312 0.539583 0.768750 0.535417 0.767188 0.531250 0.765625 0.522917 0.764062 0.508333 0.764062 0.489583 0.762500 0.487500 0.762500 0.475000 0.759375 0.472917 0.756250 0.472917
6 0.842187 0.460417 0.825000 0.462500 0.812500 0.464583 0.809375 0.468750 0.809375 0.475000 0.812500 0.481250 0.817187 0.502083 0.818750 0.510417 0.818750 0.525000 0.817187 0.531250 0.814063 0.537500 0.807813 0.547917 0.806250 0.552083 0.804688 0.558333 0.803125 0.566667 0.803125 0.606250 0.804688 0.635417 0.806250 0.656250 0.807813 0.677083 0.809375 0.695833 0.815625 0.741667 0.817187 0.768750 0.815625 0.858333 0.817187 0.864583 0.826562 0.866667 0.842187 0.868750 0.862500 0.868750 0.885938 0.870833 0.887500 0.870833 0.889062 0.850000 0.895312 0.850000 0.893750 0.845833 0.895312 0.822917 0.890625 0.793750 0.889062 0.777083 0.887500 0.756250 0.887500 0.602083 0.890625 0.535417 0.890625 0.493750 0.889062 0.491667 0.889062 0.485417 0.885938 0.483333 0.860938 0.483333 0.857812 0.479167 0.856250 0.464583 0.853125 0.460417 0.842187 0.460417
0 0.637500 0.610417 0.635938 0.614583 0.635938 0.620833 0.634375 0.627083 0.631250 0.631250 0.631250 0.635417 0.628125 0.641667 0.621875 0.650000 0.614062 0.654167 0.609375 0.656250 0.604688 0.656250 0.601562 0.652083 0.593750 0.647917 0.589063 0.647917 0.578125 0.637500 0.575000 0.637500 0.570312 0.631250 0.565625 0.631250 0.560937 0.633333 0.556250 0.639583 0.556250 0.641667 0.553125 0.645833 0.551562 0.645833 0.548438 0.650000 0.550000 0.658333 0.557813 0.658333 0.565625 0.650000 0.568750 0.647917 0.571875 0.645833 0.576562 0.645833 0.581250 0.652083 0.581250 0.654167 0.587500 0.662500 0.589063 0.666667 0.589063 0.712500 0.587500 0.716667 0.584375 0.722917 0.579688 0.731250 0.573438 0.739583 0.565625 0.745833 0.560937 0.752083 0.560937 0.768750 0.554688 0.779167 0.554688 0.783333 0.556250 0.787500 0.560937 0.793750 0.573438 0.802083 0.578125 0.808333 0.592187 0.818750 0.598437 0.820833 0.612500 0.820833 0.618750 0.822917 0.620313 0.825000 0.623437 0.825000 0.631250 0.822917 0.639062 0.820833 0.646875 0.816667 0.657813 0.810417 0.660937 0.808333 0.664062 0.806250 0.670312 0.800000 0.678125 0.789583 0.689063 0.772917 0.692187 0.764583 0.700000 0.743750 0.701562 0.735417 0.703125 0.718750 0.703125 0.704167 0.701562 0.693750 0.700000 0.685417 0.698438 0.679167 0.696875 0.675000 0.693750 0.668750 0.689063 0.660417 0.678125 0.643750 0.671875 0.635417 0.670312 0.633333 0.654687 0.616667 0.651563 0.614583 0.646875 0.614583 0.642188 0.610417 0.637500 0.610417
0 0.554688 0.568750 0.553125 0.570833 0.550000 0.570833 0.548438 0.575000 0.546875 0.593750 0.546875 0.602083 0.548438 0.606250 0.556250 0.616667 0.568750 0.627083 0.581250 0.641667 0.585938 0.645833 0.589063 0.647917 0.596875 0.652083 0.603125 0.654167 0.607812 0.654167 0.614062 0.652083 0.623437 0.645833 0.626563 0.641667 0.629687 0.635417 0.634375 0.622917 0.635938 0.612500 0.635938 0.604167 0.634375 0.597917 0.629687 0.585417 0.626563 0.579167 0.615625 0.579167 0.614062 0.577083 0.600000 0.577083 0.589063 0.575000 0.568750 0.568750 0.554688 0.568750
0 0.573438 0.647917 0.570312 0.647917 0.567187 0.650000 0.564063 0.654167 0.560937 0.656250 0.557813 0.658333 0.551562 0.660417 0.542188 0.666667 0.537500 0.670833 0.532813 0.675000 0.518750 0.691667 0.518750 0.697917 0.525000 0.702083 0.535937 0.716667 0.540625 0.727083 0.559375 0.745833 0.562500 0.745833 0.570312 0.739583 0.578125 0.729167 0.581250 0.722917 0.584375 0.716667 0.585938 0.712500 0.587500 0.708333 0.587500 0.666667 0.585938 0.662500 0.582812 0.656250 0.576562 0.645833 0.573438 0.647917
0 0.496875 0.687500 0.495312 0.687500 0.493750 0.689583 0.492188 0.693750 0.487500 0.706250 0.485938 0.718750 0.484375 0.735417 0.484375 0.752083 0.496875 0.770833 0.498437 0.772917 0.501563 0.775000 0.504687 0.777083 0.512500 0.779167 0.531250 0.785417 0.545312 0.785417 0.548438 0.783333 0.551562 0.781250 0.553125 0.779167 0.553125 0.777083 0.556250 0.772917 0.557813 0.768750 0.557813 0.756250 0.556250 0.750000 0.537500 0.725000 0.531250 0.714583 0.531250 0.712500 0.526563 0.706250 0.521875 0.702083 0.506250 0.689583 0.500000 0.685417 0.496875 0.687500
0 0.528125 0.595833 0.525000 0.597917 0.521875 0.602083 0.521875 0.604167 0.520312 0.606250 0.496875 0.635417 0.492188 0.643750 0.490625 0.647917 0.485938 0.666667 0.484375 0.675000 0.484375 0.697917 0.485938 0.706250 0.489063 0.700000 0.490625 0.693750 0.493750 0.687500 0.496875 0.683333 0.500000 0.683333 0.509375 0.689583 0.514062 0.693750 0.517188 0.691667 0.521875 0.687500 0.535937 0.670833 0.539062 0.666667 0.542188 0.660417 0.543750 0.656250 0.545312 0.645833 0.546875 0.635417 0.546875 0.620833 0.543750 0.614583 0.540625 0.608333 0.535937 0.600000 0.534375 0.597917 0.531250 0.595833 0.528125 0.595833
0 0.342187 0.587500 0.337500 0.591667 0.329688 0.600000 0.307812 0.629167 0.293750 0.645833 0.270313 0.670833 0.256250 0.689583 0.245312 0.702083 0.225000 0.718750 0.218750 0.725000 0.207813 0.737500 0.200000 0.745833 0.200000 0.750000 0.209375 0.762500 0.228125 0.785417 0.239063 0.797917 0.257812 0.814583 0.276562 0.827083 0.281250 0.833333 0.285938 0.829167 0.289062 0.822917 0.290625 0.818750 0.292187 0.814583 0.293750 0.808333 0.298438 0.775000 0.300000 0.768750 0.303125 0.758333 0.309375 0.743750 0.315625 0.714583 0.317188 0.710417 0.321875 0.702083 0.323437 0.695833 0.325000 0.685417 0.328125 0.675000 0.334375 0.660417 0.337500 0.650000 0.342187 0.629167 0.343750 0.625000 0.346875 0.620833 0.348438 0.616667 0.350000 0.608333 0.351562 0.600000 0.351562 0.591667 0.348438 0.587500 0.342187 0.587500
17 0.148438 0.152083 0.148438 0.162500 0.153125 0.172917 0.157812 0.179167 0.159375 0.183333 0.160938 0.191667 0.168750 0.206250 0.168750 0.212500 0.167187 0.216667 0.164062 0.220833 0.159375 0.235417 0.157812 0.247917 0.154688 0.252083 0.153125 0.256250 0.150000 0.270833 0.150000 0.283333 0.153125 0.327083 0.151562 0.333333 0.153125 0.345833 0.154688 0.350000 0.164062 0.362500 0.168750 0.364583 0.176563 0.364583 0.182812 0.362500 0.185938 0.360417 0.193750 0.347917 0.196875 0.343750 0.201563 0.345833 0.207813 0.352083 0.215625 0.356250 0.229687 0.356250 0.235937 0.352083 0.239063 0.347917 0.240625 0.343750 0.242188 0.339583 0.243750 0.327083 0.256250 0.327083 0.262500 0.325000 0.268750 0.318750 0.271875 0.318750 0.275000 0.316667 0.276562 0.312500 0.289062 0.308333 0.293750 0.304167 0.292187 0.293750 0.289062 0.291667 0.284375 0.289583 0.278125 0.287500 0.270313 0.287500 0.265625 0.285417 0.262500 0.281250 0.262500 0.275000 0.267188 0.268750 0.275000 0.266667 0.282813 0.256250 0.281250 0.245833 0.292187 0.233333 0.293750 0.231250 0.293750 0.229167 0.295312 0.227083 0.301563 0.222917 0.304688 0.222917 0.314063 0.229167 0.317188 0.225000 0.318750 0.225000 0.321875 0.220833 0.325000 0.212500 0.326562 0.210417 0.328125 0.210417 0.331250 0.204167 0.326562 0.197917 0.326562 0.193750 0.325000 0.189583 0.320312 0.183333 0.317188 0.183333 0.309375 0.175000 0.306250 0.172917 0.298438 0.183333 0.298438 0.185417 0.290625 0.193750 0.290625 0.197917 0.295312 0.204167 0.292187 0.208333 0.289062 0.208333 0.268750 0.206250 0.257812 0.210417 0.246875 0.216667 0.240625 0.218750 0.234375 0.218750 0.220312 0.212500 0.217188 0.206250 0.220312 0.200000 0.223438 0.189583 0.217188 0.187500 0.214062 0.189583 0.210938 0.197917 0.204687 0.206250 0.190625 0.206250 0.187500 0.204167 0.181250 0.195833 0.179688 0.193750 0.173437 0.183333 0.168750 0.175000 0.167187 0.168750 0.162500 0.160417 0.156250 0.152083 0.153125 0.150000 0.148438 0.152083
