0 0.437500 0.731250 0.426563 0.733333 0.417187 0.745833 0.412500 0.750000 0.403125 0.756250 0.392188 0.758333 0.385937 0.762500 0.381250 0.762500 0.378125 0.764583 0.378125 0.768750 0.384375 0.779167 0.393750 0.791667 0.403125 0.802083 0.407813 0.806250 0.410938 0.808333 0.425000 0.808333 0.432812 0.806250 0.451562 0.800000 0.459375 0.797917 0.462500 0.795833 0.465625 0.791667 0.468750 0.785417 0.470313 0.781250 0.470313 0.766667 0.468750 0.760417 0.462500 0.743750 0.454688 0.733333 0.451562 0.731250 0.437500 0.731250
8 0.564063 0.762500 0.560937 0.764583 0.556250 0.772917 0.554688 0.781250 0.554688 0.906250 0.556250 0.912500 0.557813 0.916667 0.562500 0.922917 0.575000 0.925000 0.595313 0.927083 0.642188 0.929167 0.650000 0.929167 0.698438 0.927083 0.728125 0.931250 0.746875 0.931250 0.775000 0.929167 0.781250 0.922917 0.787500 0.914583 0.789062 0.908333 0.793750 0.900000 0.801562 0.889583 0.817187 0.889583 0.821875 0.893750 0.845313 0.891667 0.857812 0.891667 0.859375 0.895833 0.864062 0.891667 0.862500 0.887500 0.868750 0.885417 0.871875 0.883333 0.879687 0.872917 0.884375 0.860417 0.885938 0.852083 0.885938 0.843750 0.881250 0.831250 0.875000 0.822917 0.870313 0.820833 0.864062 0.818750 0.843750 0.812500 0.826562 0.808333 0.818750 0.808333 0.812500 0.812500 0.800000 0.812500 0.796875 0.810417 0.793750 0.808333 0.792188 0.806250 0.784375 0.793750 0.782813 0.787500 0.775000 0.779167 0.771875 0.777083 0.765625 0.775000 0.735938 0.772917 0.700000 0.770833 0.676562 0.772917 0.660937 0.770833 0.657813 0.766667 0.621875 0.768750 0.618750 0.768750 0.614062 0.764583 0.584375 0.762500 0.564063 0.762500
0 0.451562 0.597917 0.446875 0.600000 0.443750 0.604167 0.442188 0.608333 0.442188 0.645833 0.440625 0.662500 0.437500 0.672917 0.437500 0.677083 0.437500 0.689583 0.439063 0.704167 0.440625 0.708333 0.443750 0.712500 0.453125 0.718750 0.464062 0.722917 0.467187 0.722917 0.470313 0.720833 0.475000 0.712500 0.479687 0.704167 0.481250 0.697917 0.481250 0.662500 0.479687 0.656250 0.475000 0.641667 0.471875 0.633333 0.465625 0.620833 0.464062 0.610417 0.462500 0.606250 0.460938 0.602083 0.459375 0.600000 0.456250 0.597917 0.451562 0.597917
3 0.859375 0.060417 0.854688 0.062500 0.831250 0.075000 0.809375 0.089583 0.801562 0.093750 0.785937 0.100000 0.778125 0.104167 0.770312 0.110417 0.762500 0.114583 0.746875 0.120833 0.739062 0.127083 0.731250 0.131250 0.703125 0.145833 0.698438 0.147917 0.693750 0.150000 0.685937 0.152083 0.676562 0.154167 0.664062 0.156250 0.645312 0.156250 0.632812 0.158333 0.626563 0.160417 0.621875 0.162500 0.600000 0.177083 0.595313 0.181250 0.590625 0.185417 0.579688 0.202083 0.587500 0.206250 0.582812 0.214583 0.587500 0.218750 0.585938 0.225000 0.596875 0.229167 0.593750 0.233333 0.592187 0.233333 0.592187 0.241667 0.601562 0.239583 0.609375 0.237500 0.615625 0.235417 0.634375 0.227083 0.642188 0.222917 0.645312 0.220833 0.653125 0.214583 0.657813 0.210417 0.670312 0.193750 0.678125 0.185417 0.682813 0.181250 0.687500 0.177083 0.709375 0.162500 0.717187 0.158333 0.725000 0.154167 0.745313 0.145833 0.757812 0.139583 0.765625 0.133333 0.778125 0.127083 0.790625 0.120833 0.803125 0.116667 0.828125 0.102083 0.850000 0.091667 0.854688 0.091667 0.862500 0.087500 0.865625 0.085417 0.868750 0.083333 0.873437 0.079167 0.876563 0.075000 0.876563 0.064583 0.873437 0.060417 0.859375 0.060417
6 0.859375 0.025000 0.876563 0.027083 0.884375 0.029167 0.887500 0.039583 0.887500 0.072917 0.879687 0.075000 0.879687 0.064583 0.875000 0.058333 0.870313 0.056250 0.862500 0.056250 0.857812 0.058333 0.840625 0.066667 0.832812 0.072917 0.825000 0.075000 0.821875 0.077083 0.815625 0.083333 0.787500 0.095833 0.779687 0.100000 0.776563 0.104167 0.771875 0.106250 0.768750 0.106250 0.764062 0.108333 0.760938 0.112500 0.757812 0.114583 0.753125 0.114583 0.737500 0.125000 0.732812 0.125000 0.725000 0.129167 0.717187 0.135417 0.704688 0.139583 0.696875 0.145833 0.689063 0.147917 0.679688 0.150000 0.670312 0.152083 0.650000 0.152083 0.639062 0.154167 0.629687 0.156250 0.623437 0.158333 0.601562 0.172917 0.593750 0.179167 0.585938 0.187500 0.576562 0.200000 0.579688 0.206250 0.582812 0.206250 0.581250 0.214583 0.584375 0.218750 0.582812 0.225000 0.584375 0.229167 0.593750 0.231250 0.590625 0.231250 0.587500 0.235417 0.587500 0.241667 0.596875 0.243750 0.606250 0.241667 0.612500 0.237500 0.618750 0.237500 0.623437 0.233333 0.628125 0.233333 0.632812 0.231250 0.637500 0.227083 0.642188 0.227083 0.650000 0.220833 0.654687 0.214583 0.659375 0.212500 0.671875 0.195833 0.679688 0.187500 0.684375 0.183333 0.695312 0.175000 0.704688 0.168750 0.710938 0.164583 0.723437 0.160417 0.731250 0.154167 0.751563 0.145833 0.771875 0.133333 0.784375 0.129167 0.792188 0.122917 0.796875 0.122917 0.804688 0.116667 0.821875 0.110417 0.834375 0.102083 0.839063 0.100000 0.843750 0.100000 0.848437 0.097917 0.856250 0.091667 0.860938 0.091667 0.864062 0.089583 0.867188 0.087500 0.871875 0.081250 0.878125 0.079167 0.879687 0.075000 0.887500 0.072917 0.890625 0.112500 0.892188 0.131250 0.895312 0.147917 0.896875 0.166667 0.896875 0.191667 0.900000 0.204167 0.901563 0.216667 0.900000 0.239583 0.896875 0.241667 0.887500 0.241667 0.876563 0.243750 0.865625 0.245833 0.857812 0.250000 0.845313 0.252083 0.823438 0.256250 0.800000 0.260417 0.784375 0.262500 0.770312 0.262500 0.756250 0.264583 0.732812 0.270833 0.720313 0.270833 0.709375 0.272917 0.700000 0.275000 0.690625 0.279167 0.681250 0.281250 0.668750 0.281250 0.656250 0.285417 0.639062 0.285417 0.614062 0.291667 0.585938 0.293750 0.571875 0.297917 0.560937 0.300000 0.556250 0.300000 0.553125 0.289583 0.553125 0.264583 0.551562 0.247917 0.546875 0.214583 0.545312 0.195833 0.545312 0.166667 0.543750 0.145833 0.540625 0.129167 0.539062 0.110417 0.540625 0.085417 0.545312 0.072917 0.548438 0.068750 0.551562 0.066667 0.565625 0.064583 0.595313 0.060417 0.615625 0.060417 0.626563 0.058333 0.640625 0.054167 0.656250 0.052083 0.701562 0.047917 0.717187 0.045833 0.739062 0.039583 0.764062 0.039583 0.778125 0.037500 0.803125 0.031250 0.832812 0.029167 0.843750 0.025000 0.859375 0.025000
0 0.715625 0.502083 0.709375 0.504167 0.704688 0.506250 0.695312 0.512500 0.687500 0.522917 0.682813 0.533333 0.668750 0.552083 0.664062 0.564583 0.662500 0.570833 0.660937 0.577083 0.659375 0.589583 0.659375 0.618750 0.660937 0.629167 0.662500 0.635417 0.665625 0.643750 0.670312 0.656250 0.675000 0.664583 0.685937 0.679167 0.690625 0.683333 0.693750 0.685417 0.696875 0.687500 0.704688 0.691667 0.715625 0.695833 0.729688 0.700000 0.740625 0.702083 0.753125 0.702083 0.759375 0.700000 0.764062 0.697917 0.773438 0.691667 0.778125 0.687500 0.782813 0.683333 0.800000 0.660417 0.804688 0.652083 0.807813 0.643750 0.814063 0.627083 0.815625 0.616667 0.815625 0.581250 0.814063 0.572917 0.812500 0.566667 0.810937 0.562500 0.806250 0.552083 0.801562 0.543750 0.796875 0.537500 0.790625 0.531250 0.789062 0.531250 0.785937 0.527083 0.785937 0.522917 0.784375 0.518750 0.778125 0.520833 0.775000 0.520833 0.771875 0.516667 0.764062 0.514583 0.756250 0.508333 0.751563 0.506250 0.745313 0.504167 0.737500 0.502083 0.715625 0.502083
0 0.307812 0.618750 0.301563 0.620833 0.298438 0.622917 0.295312 0.627083 0.293750 0.631250 0.296875 0.639583 0.300000 0.647917 0.303125 0.652083 0.306250 0.660417 0.307812 0.668750 0.309375 0.672917 0.318750 0.691667 0.318750 0.695833 0.323437 0.702083 0.331250 0.718750 0.332813 0.725000 0.335938 0.729167 0.340625 0.727083 0.340625 0.712500 0.343750 0.700000 0.345313 0.687500 0.345313 0.668750 0.342187 0.662500 0.340625 0.647917 0.339062 0.641667 0.337500 0.635417 0.335938 0.631250 0.329688 0.622917 0.326562 0.620833 0.317188 0.618750 0.307812 0.618750
0 0.332813 0.566667 0.329688 0.568750 0.320312 0.581250 0.318750 0.593750 0.318750 0.597917 0.320312 0.602083 0.328125 0.616667 0.346875 0.641667 0.357812 0.641667 0.360938 0.639583 0.367188 0.631250 0.373437 0.627083 0.389062 0.616667 0.392188 0.616667 0.398438 0.612500 0.401562 0.610417 0.403125 0.597917 0.401562 0.591667 0.400000 0.587500 0.395313 0.581250 0.390625 0.579167 0.385937 0.577083 0.378125 0.575000 0.368750 0.572917 0.359375 0.572917 0.348438 0.570833 0.340625 0.566667 0.332813 0.566667
0 0.348438 0.643750 0.342187 0.652083 0.342187 0.656250 0.345313 0.664583 0.346875 0.668750 0.348438 0.670833 0.350000 0.670833 0.357812 0.679167 0.360938 0.679167 0.364063 0.675000 0.378125 0.675000 0.367188 0.658333 0.364063 0.652083 0.362500 0.643750 0.348438 0.643750
0 0.431250 0.591667 0.420312 0.600000 0.404687 0.608333 0.400000 0.614583 0.396875 0.616667 0.382812 0.622917 0.370312 0.631250 0.367188 0.635417 0.365625 0.635417 0.364063 0.637500 0.364063 0.639583 0.362500 0.643750 0.365625 0.650000 0.367188 0.656250 0.371875 0.662500 0.371875 0.664583 0.375000 0.668750 0.382812 0.677083 0.385937 0.679167 0.396875 0.683333 0.406250 0.685417 0.421875 0.687500 0.425000 0.687500 0.429688 0.681250 0.429688 0.679167 0.435937 0.670833 0.437500 0.666667 0.439063 0.660417 0.440625 0.639583 0.440625 0.597917 0.435937 0.591667 0.431250 0.591667
0 0.264062 0.660417 0.260937 0.662500 0.256250 0.668750 0.251563 0.681250 0.248438 0.691667 0.246875 0.700000 0.243750 0.716667 0.242188 0.727083 0.242188 0.739583 0.245312 0.752083 0.245312 0.770833 0.242188 0.781250 0.242188 0.804167 0.245312 0.810417 0.245312 0.818750 0.246875 0.822917 0.251563 0.831250 0.253125 0.837500 0.251563 0.850000 0.251563 0.858333 0.254688 0.864583 0.259375 0.870833 0.273438 0.885417 0.282813 0.891667 0.293750 0.897917 0.310937 0.902083 0.317188 0.902083 0.321875 0.900000 0.325000 0.897917 0.328125 0.895833 0.335938 0.885417 0.346875 0.879167 0.354687 0.872917 0.364063 0.860417 0.365625 0.856250 0.367188 0.850000 0.368750 0.841667 0.368750 0.827083 0.365625 0.818750 0.359375 0.802083 0.334375 0.733333 0.328125 0.722917 0.328125 0.718750 0.326562 0.714583 0.318750 0.697917 0.315625 0.691667 0.310937 0.687500 0.306250 0.685417 0.301563 0.679167 0.290625 0.670833 0.279687 0.664583 0.271875 0.660417 0.264062 0.660417
0 0.410938 0.345833 0.406250 0.347917 0.403125 0.352083 0.401562 0.356250 0.401562 0.364583 0.403125 0.389583 0.392188 0.404167 0.389062 0.410417 0.387500 0.414583 0.387500 0.418750 0.389062 0.422917 0.392188 0.427083 0.395313 0.429167 0.401562 0.425000 0.407813 0.420833 0.415625 0.412500 0.420312 0.410417 0.429688 0.408333 0.432812 0.412500 0.432812 0.414583 0.437500 0.418750 0.440625 0.416667 0.446875 0.408333 0.448437 0.400000 0.448437 0.389583 0.446875 0.383333 0.439063 0.362500 0.435937 0.358333 0.431250 0.354167 0.428125 0.352083 0.425000 0.350000 0.420312 0.347917 0.415625 0.347917 0.414062 0.345833 0.410938 0.345833
0 0.345313 0.354167 0.340625 0.356250 0.335938 0.362500 0.331250 0.375000 0.326562 0.389583 0.326562 0.404167 0.328125 0.414583 0.329688 0.420833 0.334375 0.429167 0.335938 0.431250 0.339062 0.433333 0.350000 0.433333 0.353125 0.431250 0.354687 0.418750 0.357812 0.414583 0.360938 0.412500 0.365625 0.410417 0.373437 0.408333 0.389062 0.408333 0.389062 0.406250 0.392188 0.402083 0.393750 0.397917 0.392188 0.391667 0.389062 0.389583 0.382812 0.385417 0.378125 0.385417 0.373437 0.383333 0.370312 0.381250 0.360938 0.372917 0.354687 0.364583 0.353125 0.358333 0.350000 0.354167 0.345313 0.354167
0 0.376563 0.179167 0.371875 0.185417 0.364063 0.183333 0.356250 0.187500 0.339062 0.187500 0.332813 0.189583 0.325000 0.193750 0.321875 0.195833 0.318750 0.200000 0.318750 0.206250 0.314063 0.212500 0.310937 0.214583 0.307812 0.214583 0.303125 0.218750 0.298438 0.227083 0.296875 0.231250 0.295312 0.239583 0.295312 0.260417 0.290625 0.266667 0.281250 0.272917 0.276562 0.279167 0.275000 0.283333 0.275000 0.297917 0.278125 0.306250 0.278125 0.314583 0.282813 0.322917 0.284375 0.329167 0.285938 0.341667 0.287500 0.345833 0.292187 0.352083 0.300000 0.356250 0.309375 0.356250 0.328125 0.345833 0.339062 0.345833 0.354687 0.347917 0.359375 0.345833 0.367188 0.339583 0.370312 0.333333 0.375000 0.333333 0.379688 0.335417 0.387500 0.335417 0.392188 0.333333 0.401562 0.327083 0.407813 0.325000 0.420312 0.320833 0.440625 0.314583 0.450000 0.312500 0.459375 0.312500 0.462500 0.316667 0.467187 0.318750 0.473438 0.318750 0.478125 0.322917 0.482812 0.325000 0.492188 0.325000 0.496875 0.322917 0.500000 0.318750 0.501563 0.314583 0.503125 0.308333 0.503125 0.302083 0.504687 0.295833 0.506250 0.291667 0.507812 0.287500 0.518750 0.285417 0.521875 0.281250 0.525000 0.268750 0.525000 0.264583 0.523438 0.252083 0.521875 0.247917 0.520312 0.243750 0.515625 0.235417 0.512500 0.233333 0.504687 0.233333 0.498437 0.229167 0.490625 0.227083 0.475000 0.227083 0.462500 0.218750 0.454688 0.218750 0.446875 0.212500 0.434375 0.212500 0.431250 0.210417 0.423438 0.204167 0.418750 0.197917 0.410938 0.193750 0.401562 0.187500 0.396875 0.185417 0.381250 0.179167 0.376563 0.179167
0 0.364063 0.677083 0.359375 0.681250 0.354687 0.685417 0.346875 0.695833 0.343750 0.706250 0.342187 0.716667 0.342187 0.733333 0.345313 0.739583 0.351562 0.752083 0.357812 0.760417 0.362500 0.762500 0.379688 0.762500 0.385937 0.760417 0.396875 0.756250 0.401562 0.754167 0.406250 0.752083 0.409375 0.750000 0.414062 0.745833 0.428125 0.729167 0.434375 0.720833 0.435937 0.714583 0.435937 0.708333 0.428125 0.697917 0.418750 0.687500 0.403125 0.687500 0.395313 0.685417 0.384375 0.679167 0.375000 0.677083 0.364063 0.677083
0 0.150000 0.433333 0.140625 0.435417 0.134375 0.437500 0.128125 0.439583 0.123438 0.441667 0.117188 0.445833 0.107813 0.452083 0.103125 0.456250 0.093750 0.466667 0.090625 0.470833 0.087500 0.477083 0.082812 0.489583 0.081250 0.495833 0.081250 0.516667 0.084375 0.529167 0.089063 0.550000 0.090625 0.556250 0.093750 0.564583 0.100000 0.577083 0.101562 0.585417 0.103125 0.589583 0.112500 0.606250 0.115625 0.616667 0.123438 0.627083 0.126562 0.629167 0.129688 0.631250 0.134375 0.633333 0.145313 0.635417 0.157812 0.635417 0.167187 0.633333 0.178125 0.629167 0.184375 0.625000 0.196875 0.616667 0.201563 0.612500 0.209375 0.604167 0.210938 0.602083 0.223438 0.583333 0.228125 0.575000 0.231250 0.568750 0.232813 0.564583 0.234375 0.558333 0.235937 0.552083 0.235937 0.527083 0.234375 0.518750 0.232813 0.512500 0.231250 0.506250 0.226562 0.493750 0.217188 0.468750 0.210938 0.454167 0.207813 0.450000 0.206250 0.450000 0.201563 0.443750 0.196875 0.439583 0.189062 0.435417 0.181250 0.433333 0.150000 0.433333
13 0.607812 0.354167 0.596875 0.356250 0.590625 0.358333 0.582812 0.362500 0.576562 0.366667 0.567187 0.372917 0.560937 0.379167 0.550000 0.393750 0.545312 0.402083 0.542188 0.408333 0.539062 0.414583 0.535937 0.425000 0.532813 0.441667 0.531250 0.445833 0.528125 0.450000 0.506250 0.450000 0.493750 0.452083 0.489063 0.454167 0.485938 0.456250 0.482812 0.460417 0.482812 0.468750 0.484375 0.472917 0.487500 0.477083 0.495312 0.479167 0.526563 0.479167 0.531250 0.485417 0.532813 0.491667 0.535937 0.506250 0.540625 0.518750 0.543750 0.525000 0.548438 0.533333 0.560937 0.550000 0.567187 0.556250 0.571875 0.560417 0.581250 0.566667 0.585938 0.568750 0.590625 0.570833 0.596875 0.572917 0.606250 0.575000 0.623437 0.575000 0.632812 0.572917 0.643750 0.568750 0.651563 0.564583 0.654687 0.562500 0.657813 0.560417 0.662500 0.556250 0.679688 0.533333 0.687500 0.518750 0.692187 0.506250 0.693750 0.500000 0.695312 0.493750 0.696875 0.485417 0.696875 0.472917 0.698438 0.470833 0.698438 0.460417 0.696875 0.443750 0.695312 0.435417 0.693750 0.429167 0.690625 0.418750 0.689063 0.414583 0.687500 0.410417 0.684375 0.404167 0.679688 0.395833 0.673438 0.385417 0.665625 0.377083 0.659375 0.370833 0.646875 0.362500 0.642188 0.360417 0.637500 0.358333 0.631250 0.356250 0.621875 0.354167 0.607812 0.354167
1 0.645312 0.668750 0.634375 0.670833 0.626563 0.672917 0.621875 0.675000 0.617188 0.681250 0.612500 0.693750 0.610938 0.700000 0.610938 0.710417 0.612500 0.720833 0.617188 0.741667 0.617188 0.752083 0.618750 0.760417 0.621875 0.764583 0.626563 0.760417 0.639062 0.760417 0.660937 0.762500 0.679688 0.766667 0.706250 0.768750 0.740625 0.768750 0.767188 0.770833 0.781250 0.775000 0.826562 0.775000 0.854688 0.779167 0.862500 0.779167 0.875000 0.777083 0.885938 0.772917 0.885938 0.768750 0.884375 0.762500 0.873437 0.735417 0.868750 0.714583 0.865625 0.704167 0.862500 0.695833 0.859375 0.691667 0.850000 0.691667 0.846875 0.689583 0.843750 0.687500 0.835938 0.677083 0.832812 0.675000 0.823438 0.675000 0.796875 0.677083 0.790625 0.679167 0.787500 0.681250 0.771875 0.695833 0.768750 0.697917 0.765625 0.700000 0.760938 0.702083 0.754687 0.704167 0.737500 0.704167 0.726562 0.702083 0.712500 0.697917 0.698438 0.691667 0.695312 0.689583 0.692187 0.687500 0.687500 0.683333 0.682813 0.679167 0.676562 0.670833 0.671875 0.668750 0.645312 0.668750
26 0.817187 0.285417 0.810937 0.287500 0.803125 0.291667 0.800000 0.293750 0.789062 0.304167 0.785937 0.306250 0.782813 0.306250 0.779687 0.310417 0.776563 0.310417 0.771875 0.316667 0.768750 0.316667 0.760938 0.327083 0.753125 0.331250 0.742188 0.345833 0.735938 0.350000 0.728125 0.362500 0.723437 0.375000 0.721875 0.381250 0.720313 0.395833 0.720313 0.402083 0.721875 0.416667 0.725000 0.422917 0.725000 0.431250 0.728125 0.435417 0.728125 0.439583 0.734375 0.450000 0.742188 0.460417 0.750000 0.464583 0.765625 0.466667 0.809375 0.464583 0.823438 0.462500 0.832812 0.460417 0.839063 0.458333 0.846875 0.456250 0.853125 0.447917 0.859375 0.445833 0.862500 0.443750 0.867188 0.439583 0.873437 0.433333 0.882812 0.420833 0.885938 0.414583 0.892188 0.397917 0.893750 0.391667 0.895312 0.383333 0.895312 0.356250 0.893750 0.347917 0.892188 0.341667 0.890625 0.335417 0.885938 0.322917 0.882812 0.316667 0.873437 0.304167 0.867188 0.300000 0.857812 0.293750 0.843750 0.287500 0.837500 0.285417 0.817187 0.285417
