16 0.571875 0.014583 0.567187 0.020833 0.567187 0.027083 0.578125 0.041667 0.587500 0.056250 0.589063 0.062500 0.590625 0.077083 0.592187 0.081250 0.598437 0.089583 0.604688 0.091667 0.607812 0.095833 0.609375 0.100000 0.604688 0.110417 0.603125 0.116667 0.603125 0.125000 0.604688 0.139583 0.606250 0.147917 0.607812 0.154167 0.617188 0.183333 0.618750 0.191667 0.620313 0.206250 0.620313 0.235417 0.618750 0.243750 0.614062 0.260417 0.612500 0.270833 0.612500 0.275000 0.615625 0.297917 0.614062 0.318750 0.614062 0.327083 0.615625 0.329167 0.615625 0.339583 0.617188 0.343750 0.620313 0.345833 0.623437 0.347917 0.640625 0.347917 0.656250 0.354167 0.668750 0.354167 0.675000 0.350000 0.675000 0.327083 0.671875 0.250000 0.671875 0.135417 0.668750 0.079167 0.665625 0.077083 0.660937 0.077083 0.659375 0.079167 0.653125 0.079167 0.648438 0.075000 0.643750 0.075000 0.640625 0.072917 0.632812 0.064583 0.623437 0.058333 0.612500 0.054167 0.609375 0.052083 0.606250 0.047917 0.603125 0.045833 0.600000 0.045833 0.596875 0.043750 0.581250 0.022917 0.575000 0.016667 0.571875 0.014583
19 0.737500 0.058333 0.731250 0.060417 0.723437 0.064583 0.720313 0.066667 0.715625 0.070833 0.706250 0.081250 0.703125 0.085417 0.700000 0.091667 0.695312 0.102083 0.693750 0.106250 0.692187 0.114583 0.689063 0.122917 0.681250 0.137500 0.679688 0.141667 0.675000 0.160417 0.675000 0.235417 0.676562 0.245833 0.679688 0.250000 0.692187 0.258333 0.696875 0.260417 0.718750 0.260417 0.723437 0.258333 0.728125 0.256250 0.731250 0.254167 0.734375 0.252083 0.739062 0.247917 0.750000 0.237500 0.757812 0.229167 0.771875 0.210417 0.787500 0.197917 0.798438 0.183333 0.801562 0.177083 0.803125 0.172917 0.804688 0.168750 0.806250 0.162500 0.807813 0.154167 0.809375 0.145833 0.809375 0.120833 0.806250 0.106250 0.801562 0.093750 0.798438 0.087500 0.787500 0.072917 0.782813 0.068750 0.773438 0.062500 0.768750 0.060417 0.762500 0.058333 0.737500 0.058333
0 0.659375 0.725000 0.646875 0.725000 0.643750 0.727083 0.640625 0.729167 0.637500 0.733333 0.634375 0.735417 0.631250 0.737500 0.625000 0.739583 0.601562 0.739583 0.593750 0.741667 0.589063 0.743750 0.585938 0.745833 0.582812 0.747917 0.578125 0.752083 0.564063 0.768750 0.560937 0.772917 0.557813 0.779167 0.556250 0.783333 0.554688 0.793750 0.556250 0.804167 0.557813 0.808333 0.560937 0.812500 0.564063 0.814583 0.567187 0.816667 0.582812 0.816667 0.590625 0.812500 0.600000 0.812500 0.607812 0.806250 0.614062 0.806250 0.618750 0.804167 0.623437 0.800000 0.628125 0.797917 0.632812 0.795833 0.645312 0.795833 0.650000 0.791667 0.664062 0.791667 0.690625 0.787500 0.701562 0.785417 0.706250 0.783333 0.710938 0.779167 0.715625 0.772917 0.717187 0.768750 0.718750 0.762500 0.718750 0.745833 0.709375 0.733333 0.706250 0.731250 0.703125 0.729167 0.698438 0.727083 0.693750 0.725000 0.676562 0.720833 0.670312 0.718750 0.659375 0.725000
0 0.687500 0.602083 0.679688 0.604167 0.675000 0.610417 0.670312 0.622917 0.668750 0.631250 0.670312 0.641667 0.671875 0.647917 0.676562 0.658333 0.678125 0.668750 0.682813 0.683333 0.690625 0.702083 0.693750 0.708333 0.696875 0.710417 0.700000 0.712500 0.704688 0.714583 0.709375 0.716667 0.721875 0.716667 0.728125 0.714583 0.731250 0.712500 0.735938 0.708333 0.740625 0.704167 0.743750 0.700000 0.745313 0.695833 0.746875 0.691667 0.748437 0.685417 0.750000 0.679167 0.750000 0.672917 0.745313 0.662500 0.729688 0.641667 0.725000 0.633333 0.721875 0.625000 0.714063 0.616667 0.710938 0.612500 0.704688 0.602083 0.687500 0.602083
0 0.307812 0.135417 0.300000 0.137500 0.292187 0.139583 0.285938 0.143750 0.279687 0.143750 0.271875 0.147917 0.264062 0.152083 0.254688 0.158333 0.250000 0.162500 0.245312 0.166667 0.239063 0.172917 0.232813 0.179167 0.212500 0.206250 0.207813 0.214583 0.200000 0.229167 0.196875 0.235417 0.193750 0.241667 0.185938 0.260417 0.184375 0.264583 0.182812 0.268750 0.178125 0.283333 0.167187 0.320833 0.162500 0.339583 0.159375 0.354167 0.159375 0.362500 0.153125 0.385417 0.151562 0.395833 0.150000 0.410417 0.150000 0.452083 0.151562 0.460417 0.153125 0.466667 0.156250 0.477083 0.157812 0.481250 0.159375 0.485417 0.160938 0.487500 0.164062 0.489583 0.171875 0.491667 0.175000 0.491667 0.178125 0.489583 0.181250 0.485417 0.190625 0.470833 0.195312 0.462500 0.201563 0.447917 0.210938 0.422917 0.214062 0.412500 0.218750 0.395833 0.220312 0.389583 0.221875 0.383333 0.223438 0.368750 0.226562 0.362500 0.232813 0.329167 0.235937 0.320833 0.242188 0.302083 0.246875 0.289583 0.250000 0.283333 0.254688 0.275000 0.260937 0.264583 0.268750 0.254167 0.281250 0.239583 0.285938 0.235417 0.298438 0.225000 0.310937 0.218750 0.317188 0.216667 0.325000 0.214583 0.340625 0.212500 0.376563 0.212500 0.382812 0.214583 0.387500 0.216667 0.390625 0.218750 0.401562 0.227083 0.409375 0.235417 0.414062 0.239583 0.418750 0.239583 0.421875 0.237500 0.421875 0.233333 0.423438 0.231250 0.423438 0.216667 0.421875 0.212500 0.418750 0.208333 0.414062 0.204167 0.404687 0.197917 0.398438 0.191667 0.392188 0.185417 0.368750 0.154167 0.364063 0.150000 0.359375 0.145833 0.356250 0.143750 0.353125 0.141667 0.345313 0.137500 0.337500 0.135417 0.307812 0.135417
0 0.393750 0.310417 0.379688 0.312500 0.368750 0.314583 0.354687 0.318750 0.343750 0.322917 0.339062 0.325000 0.334375 0.327083 0.326562 0.331250 0.312500 0.339583 0.293750 0.352083 0.287500 0.358333 0.276562 0.372917 0.268750 0.387500 0.256250 0.404167 0.253125 0.410417 0.248438 0.420833 0.232813 0.456250 0.228125 0.470833 0.226562 0.481250 0.226562 0.502083 0.228125 0.508333 0.229687 0.512500 0.231250 0.514583 0.232813 0.514583 0.235937 0.518750 0.239063 0.520833 0.242188 0.522917 0.264062 0.520833 0.273438 0.520833 0.289062 0.522917 0.293750 0.520833 0.307812 0.510417 0.312500 0.508333 0.332813 0.508333 0.337500 0.506250 0.345313 0.502083 0.351562 0.493750 0.356250 0.491667 0.362500 0.483333 0.367188 0.479167 0.376563 0.472917 0.382812 0.466667 0.390625 0.458333 0.392188 0.456250 0.392188 0.454167 0.395313 0.450000 0.396875 0.445833 0.398438 0.433333 0.400000 0.427083 0.404687 0.414583 0.412500 0.404167 0.415625 0.397917 0.418750 0.391667 0.420312 0.385417 0.420312 0.372917 0.423438 0.364583 0.431250 0.345833 0.432812 0.339583 0.432812 0.331250 0.431250 0.325000 0.426563 0.318750 0.423438 0.316667 0.418750 0.314583 0.410938 0.312500 0.398438 0.310417 0.393750 0.310417
0 0.217188 0.572917 0.206250 0.577083 0.198437 0.575000 0.195312 0.575000 0.193750 0.577083 0.187500 0.579167 0.184375 0.585417 0.179688 0.587500 0.171875 0.587500 0.167187 0.591667 0.157812 0.591667 0.151562 0.595833 0.150000 0.600000 0.151562 0.610417 0.148438 0.614583 0.145313 0.616667 0.142187 0.618750 0.135937 0.618750 0.132812 0.620833 0.131250 0.622917 0.131250 0.625000 0.128125 0.629167 0.125000 0.631250 0.121875 0.631250 0.118750 0.633333 0.117188 0.637500 0.117188 0.650000 0.120313 0.658333 0.117188 0.662500 0.117188 0.677083 0.118750 0.681250 0.121875 0.685417 0.123438 0.689583 0.118750 0.697917 0.117188 0.702083 0.117188 0.710417 0.118750 0.714583 0.120313 0.716667 0.125000 0.718750 0.128125 0.725000 0.131250 0.727083 0.134375 0.722917 0.143750 0.704167 0.145313 0.697917 0.146875 0.697917 0.150000 0.693750 0.154688 0.691667 0.159375 0.685417 0.164062 0.681250 0.167187 0.679167 0.170313 0.677083 0.176563 0.675000 0.182812 0.679167 0.179688 0.683333 0.178125 0.685417 0.179688 0.702083 0.178125 0.708333 0.173437 0.710417 0.171875 0.714583 0.170313 0.720833 0.170313 0.733333 0.171875 0.739583 0.173437 0.747917 0.179688 0.756250 0.185938 0.756250 0.189062 0.760417 0.192188 0.766667 0.182812 0.770833 0.182812 0.775000 0.185938 0.779167 0.189062 0.781250 0.192188 0.783333 0.198437 0.783333 0.201563 0.787500 0.204687 0.789583 0.210938 0.789583 0.217188 0.793750 0.228125 0.793750 0.232813 0.787500 0.235937 0.785417 0.243750 0.791667 0.250000 0.793750 0.253125 0.791667 0.256250 0.789583 0.259375 0.783333 0.260937 0.781250 0.264062 0.779167 0.271875 0.779167 0.275000 0.777083 0.276562 0.772917 0.278125 0.768750 0.279687 0.758333 0.282813 0.754167 0.284375 0.745833 0.285938 0.741667 0.292187 0.733333 0.293750 0.727083 0.293750 0.714583 0.296875 0.706250 0.296875 0.691667 0.295312 0.662500 0.293750 0.656250 0.287500 0.645833 0.287500 0.635417 0.285938 0.631250 0.276562 0.618750 0.270313 0.606250 0.262500 0.595833 0.254688 0.587500 0.251563 0.585417 0.248438 0.583333 0.243750 0.583333 0.235937 0.579167 0.232813 0.575000 0.229687 0.572917 0.217188 0.572917
0 0.446875 0.383333 0.443750 0.387500 0.440625 0.395833 0.431250 0.420833 0.423438 0.435417 0.415625 0.454167 0.404687 0.481250 0.393750 0.508333 0.387500 0.525000 0.384375 0.533333 0.378125 0.554167 0.376563 0.558333 0.373437 0.562500 0.371875 0.570833 0.368750 0.575000 0.367188 0.579167 0.367188 0.583333 0.362500 0.591667 0.359375 0.604167 0.359375 0.612500 0.362500 0.616667 0.364063 0.616667 0.368750 0.622917 0.368750 0.627083 0.379688 0.641667 0.384375 0.643750 0.389062 0.650000 0.401562 0.658333 0.418750 0.666667 0.423438 0.668750 0.431250 0.670833 0.439063 0.670833 0.448437 0.668750 0.457813 0.662500 0.468750 0.660417 0.473438 0.658333 0.478125 0.656250 0.481250 0.654167 0.484375 0.652083 0.492188 0.645833 0.498437 0.639583 0.504687 0.631250 0.510938 0.620833 0.517188 0.610417 0.520312 0.604167 0.525000 0.591667 0.526563 0.585417 0.525000 0.572917 0.526563 0.562500 0.528125 0.558333 0.532813 0.552083 0.534375 0.547917 0.535937 0.539583 0.537500 0.535417 0.542188 0.533333 0.546875 0.539583 0.557813 0.537500 0.559375 0.533333 0.559375 0.514583 0.557813 0.510417 0.554688 0.504167 0.550000 0.497917 0.545312 0.485417 0.543750 0.479167 0.543750 0.470833 0.542188 0.464583 0.540625 0.458333 0.535937 0.445833 0.531250 0.435417 0.523438 0.418750 0.517188 0.410417 0.510938 0.406250 0.501563 0.393750 0.498437 0.391667 0.495312 0.389583 0.490625 0.387500 0.484375 0.385417 0.470313 0.383333 0.457813 0.385417 0.446875 0.383333
0 0.518750 0.662500 0.517188 0.664583 0.512500 0.664583 0.509375 0.666667 0.507812 0.668750 0.506250 0.672917 0.506250 0.720833 0.507812 0.731250 0.509375 0.741667 0.510938 0.747917 0.512500 0.752083 0.518750 0.762500 0.528125 0.775000 0.532813 0.779167 0.535937 0.781250 0.545312 0.781250 0.548438 0.779167 0.551562 0.777083 0.559375 0.766667 0.560937 0.762500 0.562500 0.758333 0.562500 0.745833 0.550000 0.745833 0.545312 0.741667 0.540625 0.735417 0.540625 0.727083 0.543750 0.718750 0.553125 0.697917 0.554688 0.693750 0.551562 0.689583 0.546875 0.687500 0.543750 0.687500 0.539062 0.685417 0.532813 0.679167 0.525000 0.666667 0.521875 0.662500 0.518750 0.662500
0 0.559375 0.564583 0.554688 0.570833 0.551562 0.577083 0.550000 0.583333 0.545312 0.589583 0.540625 0.600000 0.534375 0.616667 0.525000 0.633333 0.521875 0.639583 0.521875 0.643750 0.520312 0.647917 0.521875 0.656250 0.525000 0.666667 0.532813 0.677083 0.539062 0.683333 0.543750 0.685417 0.548438 0.687500 0.554688 0.689583 0.562500 0.689583 0.567187 0.687500 0.571875 0.683333 0.578125 0.675000 0.582812 0.664583 0.584375 0.660417 0.585938 0.656250 0.587500 0.650000 0.587500 0.608333 0.585938 0.600000 0.582812 0.587500 0.581250 0.581250 0.578125 0.575000 0.571875 0.566667 0.565625 0.564583 0.559375 0.564583
0 0.582812 0.508333 0.576562 0.510417 0.571875 0.512500 0.564063 0.516667 0.564063 0.541667 0.565625 0.545833 0.567187 0.550000 0.573438 0.564583 0.578125 0.572917 0.585938 0.583333 0.589063 0.585417 0.595313 0.583333 0.595313 0.568750 0.601562 0.552083 0.607812 0.543750 0.612500 0.539583 0.621875 0.533333 0.626563 0.533333 0.629687 0.535417 0.632812 0.537500 0.637500 0.541667 0.639062 0.545833 0.642188 0.547917 0.643750 0.533333 0.642188 0.527083 0.634375 0.516667 0.629687 0.514583 0.618750 0.514583 0.610938 0.510417 0.596875 0.510417 0.595313 0.508333 0.582812 0.508333
0 0.621875 0.535417 0.609375 0.543750 0.603125 0.552083 0.598437 0.564583 0.596875 0.570833 0.596875 0.595833 0.598437 0.602083 0.603125 0.614583 0.607812 0.618750 0.612500 0.622917 0.617188 0.627083 0.621875 0.629167 0.643750 0.631250 0.660937 0.631250 0.662500 0.629167 0.667188 0.629167 0.668750 0.625000 0.668750 0.620833 0.671875 0.616667 0.675000 0.606250 0.678125 0.593750 0.678125 0.585417 0.673438 0.579167 0.657813 0.566667 0.653125 0.560417 0.646875 0.556250 0.645312 0.552083 0.632812 0.539583 0.629687 0.537500 0.626563 0.535417 0.621875 0.535417
0 0.600000 0.637500 0.596875 0.639583 0.593750 0.641667 0.589063 0.647917 0.581250 0.672917 0.571875 0.685417 0.567187 0.689583 0.556250 0.693750 0.556250 0.695833 0.553125 0.700000 0.545312 0.718750 0.543750 0.722917 0.542188 0.727083 0.542188 0.735417 0.546875 0.741667 0.550000 0.743750 0.564063 0.743750 0.568750 0.739583 0.575000 0.737500 0.585938 0.735417 0.589063 0.731250 0.593750 0.718750 0.598437 0.702083 0.601562 0.689583 0.606250 0.670833 0.607812 0.656250 0.607812 0.647917 0.606250 0.641667 0.603125 0.637500 0.600000 0.637500
0 0.653125 0.645833 0.650000 0.650000 0.650000 0.656250 0.646875 0.666667 0.645312 0.670833 0.643750 0.675000 0.635938 0.693750 0.626563 0.706250 0.618750 0.712500 0.604688 0.720833 0.601562 0.722917 0.600000 0.727083 0.601562 0.731250 0.604688 0.735417 0.607812 0.737500 0.621875 0.737500 0.631250 0.735417 0.634375 0.733333 0.639062 0.729167 0.643750 0.725000 0.651563 0.714583 0.656250 0.712500 0.662500 0.704167 0.667188 0.702083 0.671875 0.697917 0.679688 0.689583 0.681250 0.683333 0.676562 0.666667 0.673438 0.660417 0.670312 0.654167 0.665625 0.647917 0.656250 0.645833 0.653125 0.645833
0 0.612500 0.629167 0.610938 0.635417 0.609375 0.641667 0.609375 0.660417 0.607812 0.670833 0.603125 0.693750 0.596875 0.710417 0.596875 0.718750 0.598437 0.722917 0.603125 0.722917 0.607812 0.716667 0.610938 0.714583 0.614062 0.714583 0.625000 0.706250 0.634375 0.693750 0.640625 0.679167 0.645312 0.666667 0.648438 0.656250 0.650000 0.647917 0.650000 0.633333 0.642188 0.633333 0.640625 0.631250 0.621875 0.631250 0.617188 0.629167 0.612500 0.629167
4 0.179688 0.677083 0.178125 0.679167 0.173437 0.679167 0.170313 0.683333 0.164062 0.685417 0.160938 0.687500 0.150000 0.697917 0.143750 0.706250 0.140625 0.712500 0.139063 0.716667 0.137500 0.720833 0.137500 0.727083 0.135937 0.733333 0.134375 0.737500 0.123438 0.752083 0.109375 0.764583 0.087500 0.781250 0.073438 0.787500 0.059375 0.797917 0.051562 0.800000 0.037500 0.808333 0.012500 0.825000 0.009375 0.825000 0.000000 0.831250 0.000000 0.854167 0.003125 0.852083 0.017188 0.841667 0.020313 0.841667 0.035937 0.829167 0.039062 0.827083 0.062500 0.814583 0.068750 0.810417 0.081250 0.800000 0.100000 0.789583 0.110937 0.781250 0.125000 0.768750 0.135937 0.756250 0.139063 0.754167 0.146875 0.754167 0.151562 0.760417 0.154688 0.762500 0.159375 0.764583 0.165625 0.766667 0.181250 0.766667 0.187500 0.760417 0.184375 0.758333 0.178125 0.758333 0.173437 0.752083 0.171875 0.747917 0.170313 0.743750 0.168750 0.733333 0.168750 0.718750 0.170313 0.714583 0.175000 0.708333 0.176563 0.704167 0.175000 0.683333 0.178125 0.679167 0.184375 0.677083 0.179688 0.677083
3 0.720313 0.360417 0.717187 0.375000 0.714063 0.370833 0.714063 0.368750 0.709375 0.366667 0.707812 0.370833 0.703125 0.375000 0.703125 0.372917 0.698438 0.370833 0.696875 0.385417 0.693750 0.381250 0.693750 0.379167 0.692187 0.377083 0.689063 0.375000 0.689063 0.385417 0.690625 0.393750 0.700000 0.437500 0.703125 0.450000 0.707812 0.468750 0.710938 0.479167 0.717187 0.495833 0.725000 0.506250 0.729688 0.510417 0.731250 0.510417 0.732812 0.512500 0.740625 0.525000 0.745313 0.537500 0.750000 0.556250 0.751563 0.568750 0.753125 0.575000 0.754687 0.581250 0.757812 0.591667 0.764062 0.606250 0.765625 0.612500 0.767188 0.618750 0.770312 0.633333 0.775000 0.664583 0.782813 0.691667 0.785937 0.712500 0.787500 0.718750 0.789062 0.725000 0.796875 0.752083 0.801562 0.766667 0.807813 0.785417 0.815625 0.802083 0.815625 0.806250 0.817187 0.810417 0.825000 0.829167 0.832812 0.833333 0.835938 0.833333 0.839063 0.831250 0.842187 0.829167 0.843750 0.820833 0.842187 0.812500 0.840625 0.804167 0.837500 0.791667 0.832812 0.772917 0.825000 0.750000 0.825000 0.743750 0.815625 0.710417 0.803125 0.670833 0.798438 0.656250 0.793750 0.641667 0.779687 0.604167 0.773438 0.579167 0.765625 0.560417 0.757812 0.535417 0.756250 0.529167 0.754687 0.522917 0.753125 0.514583 0.753125 0.497917 0.754687 0.475000 0.753125 0.468750 0.750000 0.458333 0.745313 0.447917 0.739062 0.425000 0.731250 0.395833 0.729688 0.389583 0.729688 0.383333 0.728125 0.377083 0.725000 0.366667 0.723437 0.362500 0.720313 0.360417
6 0.734375 0.522917 0.732812 0.527083 0.734375 0.539583 0.737500 0.545833 0.745313 0.554167 0.745313 0.550000 0.743750 0.543750 0.740625 0.537500 0.740625 0.531250 0.739062 0.527083 0.734375 0.522917
6 0.757812 0.477083 0.756250 0.481250 0.756250 0.518750 0.757812 0.527083 0.762500 0.537500 0.764062 0.547917 0.771875 0.566667 0.776563 0.581250 0.778125 0.591667 0.787500 0.620833 0.790625 0.625000 0.792188 0.629167 0.796875 0.643750 0.800000 0.658333 0.806250 0.672917 0.810937 0.693750 0.814063 0.697917 0.815625 0.702083 0.823438 0.729167 0.829688 0.758333 0.837500 0.781250 0.839063 0.787500 0.845313 0.816667 0.845313 0.829167 0.842187 0.833333 0.834375 0.837500 0.828125 0.837500 0.820312 0.827083 0.817187 0.816667 0.814063 0.806250 0.804688 0.785417 0.804688 0.779167 0.803125 0.775000 0.798438 0.766667 0.795312 0.754167 0.792188 0.739583 0.789062 0.729167 0.785937 0.725000 0.784375 0.718750 0.781250 0.706250 0.781250 0.697917 0.778125 0.687500 0.776563 0.704167 0.775000 0.716667 0.773438 0.727083 0.771875 0.735417 0.768750 0.741667 0.768750 0.747917 0.760938 0.772917 0.753125 0.791667 0.745313 0.806250 0.740625 0.814583 0.732812 0.825000 0.726562 0.835417 0.725000 0.839583 0.726562 0.862500 0.729688 0.864583 0.740625 0.866667 0.754687 0.868750 0.768750 0.868750 0.781250 0.870833 0.792188 0.875000 0.803125 0.875000 0.814063 0.879167 0.826562 0.881250 0.851562 0.879167 0.853125 0.875000 0.853125 0.870833 0.854688 0.866667 0.875000 0.864583 0.875000 0.797917 0.875000 0.679167 0.875000 0.675000 0.873437 0.672917 0.873437 0.668750 0.875000 0.591667 0.876563 0.570833 0.878125 0.552083 0.881250 0.541667 0.882812 0.527083 0.882812 0.506250 0.878125 0.504167 0.876563 0.485417 0.875000 0.481250 0.851562 0.477083 0.809375 0.477083 0.804688 0.479167 0.800000 0.483333 0.795312 0.485417 0.787500 0.485417 0.779687 0.479167 0.775000 0.477083 0.757812 0.477083
15 0.528125 0.112500 0.521875 0.114583 0.517188 0.116667 0.512500 0.118750 0.509375 0.120833 0.506250 0.122917 0.501563 0.127083 0.496875 0.131250 0.489063 0.141667 0.485938 0.150000 0.471875 0.168750 0.470313 0.172917 0.468750 0.179167 0.467187 0.193750 0.465625 0.208333 0.465625 0.231250 0.467187 0.241667 0.471875 0.260417 0.476562 0.272917 0.481250 0.281250 0.485938 0.289583 0.492188 0.297917 0.500000 0.306250 0.512500 0.314583 0.517188 0.316667 0.521875 0.318750 0.531250 0.320833 0.553125 0.320833 0.559375 0.318750 0.564063 0.316667 0.568750 0.314583 0.579688 0.308333 0.582812 0.306250 0.587500 0.302083 0.595313 0.293750 0.596875 0.291667 0.607812 0.275000 0.609375 0.270833 0.610938 0.266667 0.614062 0.252083 0.615625 0.243750 0.615625 0.200000 0.614062 0.187500 0.612500 0.179167 0.610938 0.172917 0.607812 0.162500 0.604688 0.152083 0.603125 0.147917 0.589063 0.129167 0.582812 0.125000 0.573438 0.118750 0.568750 0.116667 0.564063 0.114583 0.556250 0.112500 0.528125 0.112500
10 0.796875 0.229167 0.793750 0.231250 0.790625 0.233333 0.781250 0.243750 0.776563 0.245833 0.771875 0.252083 0.768750 0.252083 0.764062 0.258333 0.759375 0.260417 0.750000 0.270833 0.742188 0.275000 0.735938 0.281250 0.728125 0.287500 0.723437 0.293750 0.710938 0.302083 0.706250 0.310417 0.706250 0.320833 0.712500 0.335417 0.717187 0.341667 0.718750 0.347917 0.725000 0.356250 0.726562 0.362500 0.729688 0.364583 0.732812 0.368750 0.737500 0.383333 0.742188 0.389583 0.743750 0.397917 0.745313 0.402083 0.753125 0.414583 0.759375 0.431250 0.775000 0.460417 0.779687 0.468750 0.785937 0.477083 0.795312 0.479167 0.798438 0.479167 0.807813 0.472917 0.818750 0.462500 0.826562 0.452083 0.831250 0.452083 0.834375 0.450000 0.846875 0.439583 0.851562 0.435417 0.856250 0.429167 0.860938 0.425000 0.873437 0.416667 0.881250 0.408333 0.885938 0.406250 0.889062 0.402083 0.889062 0.391667 0.887500 0.387500 0.882812 0.381250 0.878125 0.368750 0.875000 0.362500 0.868750 0.354167 0.867188 0.347917 0.860938 0.339583 0.854688 0.325000 0.845313 0.310417 0.842187 0.304167 0.834375 0.283333 0.829688 0.279167 0.826562 0.270833 0.821875 0.262500 0.810937 0.247917 0.806250 0.239583 0.804688 0.231250 0.801562 0.229167 0.796875 0.229167
