0 0.537500 0.660417 0.534375 0.662500 0.529687 0.668750 0.520312 0.675000 0.510938 0.675000 0.507812 0.677083 0.504687 0.681250 0.500000 0.681250 0.496875 0.683333 0.496875 0.702083 0.498437 0.708333 0.500000 0.714583 0.501563 0.718750 0.503125 0.720833 0.506250 0.722917 0.514062 0.720833 0.517188 0.718750 0.520312 0.716667 0.525000 0.710417 0.534375 0.704167 0.542188 0.702083 0.546875 0.700000 0.554688 0.691667 0.557813 0.687500 0.559375 0.681250 0.556250 0.670833 0.551562 0.670833 0.548438 0.668750 0.543750 0.662500 0.540625 0.660417 0.537500 0.660417
0 0.489063 0.527083 0.485938 0.529167 0.482812 0.533333 0.484375 0.537500 0.482812 0.543750 0.481250 0.547917 0.478125 0.552083 0.476562 0.556250 0.476562 0.566667 0.478125 0.570833 0.482812 0.577083 0.485938 0.587500 0.490625 0.579167 0.495312 0.575000 0.500000 0.572917 0.504687 0.570833 0.509375 0.572917 0.515625 0.581250 0.517188 0.587500 0.518750 0.597917 0.523438 0.595833 0.523438 0.585417 0.518750 0.572917 0.518750 0.568750 0.515625 0.560417 0.504687 0.547917 0.500000 0.537500 0.493750 0.529167 0.489063 0.527083
0 0.556250 0.700000 0.546875 0.702083 0.539062 0.704167 0.526563 0.712500 0.521875 0.716667 0.512500 0.729167 0.510938 0.735417 0.512500 0.743750 0.514062 0.747917 0.517188 0.750000 0.526563 0.750000 0.534375 0.760417 0.535937 0.764583 0.537500 0.770833 0.535937 0.816667 0.535937 0.822917 0.537500 0.827083 0.542188 0.829167 0.550000 0.835417 0.556250 0.835417 0.559375 0.829167 0.565625 0.814583 0.567187 0.810417 0.567187 0.806250 0.568750 0.802083 0.573438 0.791667 0.584375 0.777083 0.590625 0.770833 0.593750 0.770833 0.596875 0.775000 0.598437 0.781250 0.600000 0.781250 0.603125 0.783333 0.606250 0.781250 0.609375 0.779167 0.614062 0.772917 0.615625 0.768750 0.615625 0.754167 0.614062 0.750000 0.612500 0.745833 0.607812 0.739583 0.601562 0.733333 0.596875 0.731250 0.590625 0.722917 0.589063 0.712500 0.587500 0.708333 0.585938 0.706250 0.582812 0.704167 0.579688 0.702083 0.570312 0.700000 0.556250 0.700000
0 0.596875 0.660417 0.593750 0.662500 0.589063 0.666667 0.585938 0.670833 0.585938 0.693750 0.590625 0.706250 0.592187 0.722917 0.598437 0.731250 0.603125 0.733333 0.609375 0.729167 0.610938 0.725000 0.612500 0.718750 0.612500 0.700000 0.610938 0.670833 0.607812 0.664583 0.604688 0.660417 0.596875 0.660417
0 0.656250 0.620833 0.648438 0.622917 0.645312 0.625000 0.637500 0.639583 0.635938 0.641667 0.634375 0.641667 0.625000 0.650000 0.615625 0.662500 0.614062 0.668750 0.612500 0.675000 0.612500 0.697917 0.614062 0.700000 0.614062 0.725000 0.617188 0.731250 0.629687 0.750000 0.632812 0.754167 0.639062 0.754167 0.640625 0.756250 0.645312 0.756250 0.657813 0.739583 0.659375 0.735417 0.660937 0.729167 0.660937 0.720833 0.662500 0.716667 0.664062 0.714583 0.667188 0.712500 0.671875 0.710417 0.682813 0.710417 0.692187 0.708333 0.695312 0.706250 0.698438 0.702083 0.700000 0.697917 0.701562 0.693750 0.701562 0.683333 0.700000 0.679167 0.698438 0.677083 0.695312 0.675000 0.692187 0.672917 0.684375 0.670833 0.681250 0.668750 0.679688 0.666667 0.678125 0.662500 0.678125 0.658333 0.679688 0.641667 0.678125 0.637500 0.675000 0.633333 0.675000 0.631250 0.673438 0.629167 0.670312 0.627083 0.667188 0.625000 0.659375 0.620833 0.656250 0.620833
0 0.579688 0.500000 0.576562 0.502083 0.575000 0.506250 0.576562 0.516667 0.579688 0.522917 0.579688 0.545833 0.578125 0.550000 0.568750 0.562500 0.564063 0.564583 0.559375 0.570833 0.556250 0.570833 0.554688 0.568750 0.540625 0.564583 0.531250 0.562500 0.520312 0.564583 0.520312 0.568750 0.523438 0.581250 0.526563 0.589583 0.528125 0.593750 0.529687 0.595833 0.532813 0.597917 0.537500 0.600000 0.543750 0.608333 0.543750 0.610417 0.551562 0.620833 0.557813 0.627083 0.560937 0.629167 0.564063 0.631250 0.570312 0.633333 0.585938 0.633333 0.596875 0.631250 0.600000 0.629167 0.603125 0.627083 0.607812 0.622917 0.612500 0.616667 0.614062 0.612500 0.615625 0.602083 0.615625 0.593750 0.614062 0.589583 0.607812 0.589583 0.604688 0.587500 0.600000 0.581250 0.598437 0.577083 0.596875 0.572917 0.595313 0.564583 0.593750 0.556250 0.592187 0.541667 0.592187 0.522917 0.589063 0.502083 0.585938 0.500000 0.579688 0.500000
0 0.654687 0.485417 0.650000 0.491667 0.646875 0.497917 0.642188 0.512500 0.629687 0.535417 0.623437 0.543750 0.615625 0.543750 0.612500 0.541667 0.607812 0.535417 0.600000 0.535417 0.596875 0.537500 0.595313 0.541667 0.595313 0.554167 0.596875 0.564583 0.598437 0.570833 0.603125 0.583333 0.607812 0.585417 0.614062 0.589583 0.617188 0.593750 0.617188 0.604167 0.618750 0.608333 0.623437 0.614583 0.626563 0.616667 0.629687 0.618750 0.634375 0.620833 0.648438 0.620833 0.660937 0.618750 0.670312 0.616667 0.678125 0.614583 0.682813 0.612500 0.685937 0.610417 0.693750 0.600000 0.695312 0.593750 0.695312 0.587500 0.693750 0.581250 0.692187 0.577083 0.689063 0.572917 0.689063 0.570833 0.687500 0.568750 0.685937 0.568750 0.684375 0.566667 0.684375 0.564583 0.681250 0.560417 0.679688 0.556250 0.678125 0.550000 0.676562 0.543750 0.675000 0.535417 0.673438 0.522917 0.675000 0.510417 0.675000 0.504167 0.673438 0.495833 0.670312 0.491667 0.660937 0.485417 0.654687 0.485417
4 0.439063 0.704167 0.434375 0.706250 0.429688 0.710417 0.423438 0.710417 0.418750 0.714583 0.412500 0.716667 0.401562 0.718750 0.390625 0.725000 0.379688 0.729167 0.373437 0.731250 0.359375 0.735417 0.312500 0.747917 0.310937 0.745833 0.304688 0.747917 0.298438 0.752083 0.293750 0.752083 0.289062 0.750000 0.285938 0.747917 0.281250 0.743750 0.276562 0.737500 0.273438 0.735417 0.270313 0.733333 0.264062 0.731250 0.251563 0.731250 0.246875 0.733333 0.242188 0.735417 0.239063 0.737500 0.234375 0.741667 0.229687 0.745833 0.225000 0.752083 0.221875 0.758333 0.220312 0.762500 0.220312 0.781250 0.221875 0.785417 0.225000 0.791667 0.229687 0.795833 0.232813 0.797917 0.235937 0.800000 0.240625 0.802083 0.250000 0.804167 0.254688 0.804167 0.264062 0.802083 0.268750 0.800000 0.271875 0.797917 0.276562 0.793750 0.284375 0.783333 0.285938 0.777083 0.293750 0.766667 0.298438 0.762500 0.301563 0.760417 0.306250 0.758333 0.314063 0.756250 0.321875 0.756250 0.329688 0.752083 0.340625 0.752083 0.345313 0.747917 0.354687 0.747917 0.364063 0.743750 0.373437 0.741667 0.387500 0.741667 0.401562 0.737500 0.428125 0.737500 0.443750 0.735417 0.446875 0.733333 0.451562 0.727083 0.451562 0.712500 0.450000 0.708333 0.445312 0.704167 0.439063 0.704167
3 0.750000 0.416667 0.748437 0.418750 0.742188 0.418750 0.740625 0.422917 0.739062 0.427083 0.734375 0.445833 0.732812 0.454167 0.731250 0.464583 0.731250 0.495833 0.732812 0.506250 0.734375 0.512500 0.740625 0.529167 0.745313 0.547917 0.746875 0.556250 0.748437 0.568750 0.750000 0.589583 0.751563 0.660417 0.753125 0.775000 0.751563 0.787500 0.753125 0.808333 0.754687 0.814583 0.756250 0.818750 0.765625 0.825000 0.767188 0.825000 0.768750 0.822917 0.770312 0.818750 0.770312 0.766667 0.767188 0.735417 0.765625 0.687500 0.764062 0.625000 0.764062 0.560417 0.765625 0.547917 0.767188 0.539583 0.771875 0.525000 0.775000 0.510417 0.776563 0.502083 0.776563 0.470833 0.775000 0.458333 0.773438 0.452083 0.771875 0.447917 0.768750 0.443750 0.768750 0.439583 0.762500 0.431250 0.756250 0.416667 0.750000 0.416667
17 0.165625 0.245833 0.181250 0.266667 0.192188 0.268750 0.203125 0.270833 0.218750 0.270833 0.228125 0.272917 0.234375 0.275000 0.240625 0.277083 0.245312 0.283333 0.246875 0.287500 0.246875 0.316667 0.251563 0.322917 0.251563 0.331250 0.248438 0.335417 0.246875 0.341667 0.246875 0.370833 0.260937 0.408333 0.262500 0.418750 0.264062 0.425000 0.267188 0.431250 0.271875 0.439583 0.278125 0.447917 0.282813 0.450000 0.289062 0.458333 0.293750 0.460417 0.290625 0.464583 0.287500 0.464583 0.284375 0.464583 0.281250 0.462500 0.278125 0.462500 0.264062 0.464583 0.260937 0.460417 0.250000 0.443750 0.246875 0.441667 0.240625 0.450000 0.237500 0.456250 0.235937 0.462500 0.231250 0.468750 0.231250 0.470833 0.228125 0.475000 0.218750 0.481250 0.214062 0.481250 0.217188 0.470833 0.220312 0.464583 0.228125 0.452083 0.231250 0.445833 0.232813 0.441667 0.231250 0.433333 0.226562 0.431250 0.220312 0.422917 0.210938 0.422917 0.207813 0.420833 0.204687 0.418750 0.201563 0.414583 0.200000 0.414583 0.198437 0.412500 0.196875 0.408333 0.195312 0.400000 0.196875 0.383333 0.193750 0.379167 0.184375 0.372917 0.176563 0.370833 0.170313 0.366667 0.165625 0.364583 0.160938 0.358333 0.157812 0.356250 0.154688 0.354167 0.146875 0.352083 0.128125 0.339583 0.125000 0.339583 0.121875 0.337500 0.120313 0.325000 0.121875 0.320833 0.132812 0.318750 0.140625 0.322917 0.146875 0.322917 0.146875 0.308333 0.148438 0.300000 0.150000 0.295833 0.156250 0.293750 0.159375 0.293750 0.165625 0.291667 0.187500 0.293750 0.192188 0.306250 0.187500 0.308333 0.185938 0.314583 0.190625 0.320833 0.198437 0.325000 0.203125 0.320833 0.201563 0.314583 0.195312 0.306250 0.192188 0.306250 0.187500 0.293750 0.190625 0.291667 0.193750 0.287500 0.192188 0.283333 0.184375 0.272917 0.178125 0.266667 0.173437 0.262500 0.170313 0.260417 0.167187 0.258333 0.164062 0.258333 0.160938 0.256250 0.157812 0.252083 0.157812 0.245833 0.165625 0.245833
16 0.189062 0.127083 0.187500 0.131250 0.185938 0.135417 0.184375 0.141667 0.176563 0.179167 0.175000 0.187500 0.173437 0.206250 0.171875 0.216667 0.168750 0.222917 0.167187 0.231250 0.167187 0.245833 0.179688 0.262500 0.184375 0.264583 0.198437 0.266667 0.217188 0.266667 0.228125 0.268750 0.234375 0.270833 0.239063 0.275000 0.250000 0.279167 0.270313 0.279167 0.273438 0.277083 0.279687 0.270833 0.285938 0.262500 0.292187 0.258333 0.301563 0.252083 0.309375 0.247917 0.320312 0.245833 0.331250 0.243750 0.353125 0.243750 0.362500 0.247917 0.367188 0.245833 0.368750 0.237500 0.368750 0.229167 0.370312 0.227083 0.370312 0.220833 0.368750 0.214583 0.365625 0.208333 0.364063 0.202083 0.362500 0.193750 0.360938 0.170833 0.354687 0.168750 0.342187 0.164583 0.312500 0.158333 0.284375 0.147917 0.253125 0.139583 0.235937 0.137500 0.228125 0.133333 0.220312 0.133333 0.214062 0.129167 0.206250 0.127083 0.198437 0.125000 0.189062 0.127083
0 0.428125 0.079167 0.418750 0.081250 0.412500 0.083333 0.404687 0.087500 0.401562 0.089583 0.396875 0.093750 0.392188 0.097917 0.382812 0.110417 0.376563 0.120833 0.370312 0.137500 0.368750 0.143750 0.367188 0.150000 0.365625 0.158333 0.365625 0.195833 0.367188 0.202083 0.371875 0.218750 0.373437 0.222917 0.375000 0.227083 0.379688 0.235417 0.395313 0.256250 0.403125 0.262500 0.406250 0.264583 0.414062 0.268750 0.418750 0.270833 0.426563 0.272917 0.446875 0.272917 0.453125 0.270833 0.457813 0.268750 0.462500 0.266667 0.475000 0.258333 0.481250 0.252083 0.487500 0.243750 0.490625 0.237500 0.496875 0.220833 0.500000 0.210417 0.501563 0.204167 0.503125 0.197917 0.504687 0.189583 0.504687 0.156250 0.501563 0.141667 0.500000 0.135417 0.498437 0.131250 0.496875 0.127083 0.492188 0.116667 0.479687 0.100000 0.473438 0.093750 0.467187 0.089583 0.457813 0.083333 0.451562 0.081250 0.442188 0.079167 0.428125 0.079167
7 0.887500 0.035417 0.881250 0.037500 0.876563 0.039583 0.871875 0.041667 0.864062 0.045833 0.860938 0.047917 0.857812 0.050000 0.853125 0.054167 0.845313 0.062500 0.831250 0.079167 0.823438 0.091667 0.820312 0.100000 0.812500 0.110417 0.795312 0.131250 0.789062 0.141667 0.787500 0.147917 0.781250 0.156250 0.773438 0.160417 0.765625 0.170833 0.762500 0.177083 0.757812 0.185417 0.756250 0.191667 0.756250 0.197917 0.753125 0.204167 0.751563 0.212500 0.751563 0.235417 0.753125 0.241667 0.754687 0.245833 0.759375 0.252083 0.767188 0.272917 0.768750 0.279167 0.776563 0.287500 0.779687 0.289583 0.782813 0.291667 0.793750 0.295833 0.821875 0.295833 0.832812 0.293750 0.837500 0.291667 0.850000 0.283333 0.860938 0.272917 0.864062 0.272917 0.875000 0.262500 0.878125 0.260417 0.881250 0.260417 0.884375 0.258333 0.901563 0.243750 0.910937 0.241667 0.918750 0.237500 0.921875 0.235417 0.932813 0.227083 0.937500 0.222917 0.942187 0.218750 0.960938 0.193750 0.964063 0.187500 0.967187 0.181250 0.968750 0.177083 0.970313 0.172917 0.971875 0.166667 0.973437 0.160417 0.975000 0.152083 0.976562 0.139583 0.976562 0.129167 0.975000 0.110417 0.978125 0.104167 0.979688 0.095833 0.979688 0.085417 0.978125 0.077083 0.975000 0.066667 0.970313 0.058333 0.968750 0.056250 0.962500 0.050000 0.959375 0.047917 0.954688 0.045833 0.948438 0.043750 0.931250 0.043750 0.923438 0.037500 0.917188 0.035417 0.887500 0.035417
13 0.337500 0.245833 0.326562 0.247917 0.318750 0.250000 0.309375 0.252083 0.304688 0.254167 0.300000 0.256250 0.290625 0.262500 0.285938 0.266667 0.279687 0.272917 0.268750 0.287500 0.265625 0.293750 0.262500 0.300000 0.256250 0.316667 0.254688 0.322917 0.253125 0.329167 0.251563 0.337500 0.250000 0.350000 0.250000 0.366667 0.251563 0.372917 0.253125 0.379167 0.259375 0.402083 0.270313 0.431250 0.273438 0.437500 0.279687 0.445833 0.284375 0.450000 0.289062 0.452083 0.293750 0.458333 0.296875 0.460417 0.300000 0.462500 0.304688 0.464583 0.309375 0.466667 0.315625 0.468750 0.321875 0.470833 0.348438 0.470833 0.356250 0.468750 0.360938 0.466667 0.365625 0.464583 0.375000 0.458333 0.389062 0.445833 0.395313 0.439583 0.403125 0.429167 0.409375 0.418750 0.412500 0.410417 0.417187 0.397917 0.418750 0.391667 0.420312 0.383333 0.421875 0.375000 0.421875 0.354167 0.420312 0.339583 0.418750 0.331250 0.417187 0.325000 0.407813 0.300000 0.404687 0.293750 0.401562 0.287500 0.385937 0.266667 0.381250 0.262500 0.376563 0.258333 0.373437 0.256250 0.370312 0.254167 0.365625 0.252083 0.360938 0.250000 0.353125 0.247917 0.337500 0.245833
19 0.531250 0.108333 0.528125 0.110417 0.525000 0.114583 0.523438 0.118750 0.520312 0.129167 0.518750 0.137500 0.518750 0.145833 0.517188 0.154167 0.507812 0.185417 0.504687 0.206250 0.503125 0.212500 0.500000 0.222917 0.493750 0.237500 0.489063 0.252083 0.489063 0.258333 0.485938 0.264583 0.482812 0.279167 0.482812 0.287500 0.481250 0.293750 0.478125 0.300000 0.476562 0.312500 0.465625 0.347917 0.465625 0.354167 0.460938 0.364583 0.460938 0.370833 0.459375 0.372917 0.459375 0.377083 0.460938 0.381250 0.464062 0.383333 0.475000 0.389583 0.484375 0.393750 0.515625 0.408333 0.520312 0.410417 0.525000 0.412500 0.537500 0.416667 0.546875 0.416667 0.553125 0.412500 0.554688 0.408333 0.556250 0.400000 0.557813 0.387500 0.564063 0.370833 0.564063 0.364583 0.579688 0.310417 0.579688 0.304167 0.581250 0.300000 0.584375 0.295833 0.584375 0.291667 0.587500 0.287500 0.589063 0.281250 0.590625 0.275000 0.592187 0.260417 0.596875 0.241667 0.603125 0.225000 0.604688 0.218750 0.604688 0.212500 0.607812 0.206250 0.607812 0.197917 0.614062 0.181250 0.618750 0.162500 0.618750 0.147917 0.614062 0.141667 0.607812 0.135417 0.595313 0.127083 0.584375 0.120833 0.575000 0.116667 0.560937 0.110417 0.553125 0.108333 0.540625 0.106250 0.531250 0.108333
0 0.507812 0.470833 0.500000 0.475000 0.496875 0.477083 0.493750 0.481250 0.490625 0.487500 0.489063 0.491667 0.487500 0.495833 0.487500 0.510417 0.489063 0.516667 0.490625 0.520833 0.492188 0.525000 0.501563 0.537500 0.507812 0.550000 0.514062 0.558333 0.518750 0.560417 0.529687 0.560417 0.537500 0.562500 0.543750 0.566667 0.554688 0.568750 0.559375 0.568750 0.567187 0.560417 0.571875 0.558333 0.575000 0.554167 0.576562 0.550000 0.578125 0.545833 0.579688 0.533333 0.578125 0.525000 0.576562 0.518750 0.575000 0.512500 0.570312 0.506250 0.570312 0.497917 0.567187 0.493750 0.564063 0.491667 0.551562 0.491667 0.542188 0.485417 0.535937 0.479167 0.532813 0.477083 0.529687 0.475000 0.518750 0.475000 0.514062 0.470833 0.507812 0.470833
4 0.757812 0.331250 0.753125 0.337500 0.748437 0.350000 0.748437 0.377083 0.753125 0.400000 0.754687 0.406250 0.760938 0.422917 0.765625 0.433333 0.770312 0.439583 0.775000 0.452083 0.776563 0.458333 0.778125 0.468750 0.778125 0.485417 0.781250 0.493750 0.782813 0.504167 0.784375 0.525000 0.785937 0.535417 0.790625 0.564583 0.796875 0.593750 0.801562 0.633333 0.806250 0.652083 0.806250 0.668750 0.807813 0.675000 0.809375 0.683333 0.814063 0.689583 0.817187 0.700000 0.821875 0.704167 0.821875 0.689583 0.820312 0.668750 0.815625 0.650000 0.814063 0.637500 0.812500 0.625000 0.812500 0.612500 0.810937 0.597917 0.807813 0.587500 0.806250 0.562500 0.801562 0.527083 0.800000 0.514583 0.796875 0.504167 0.796875 0.493750 0.793750 0.483333 0.792188 0.470833 0.792188 0.454167 0.793750 0.445833 0.798438 0.431250 0.800000 0.422917 0.800000 0.406250 0.798438 0.400000 0.796875 0.393750 0.792188 0.383333 0.790625 0.372917 0.784375 0.358333 0.775000 0.343750 0.764062 0.331250 0.757812 0.331250
5 0.806250 0.672917 0.806250 0.677083 0.804688 0.679167 0.803125 0.685417 0.801562 0.695833 0.798438 0.718750 0.795312 0.741667 0.790625 0.777083 0.789062 0.789583 0.789062 0.810417 0.790625 0.814583 0.796875 0.822917 0.801562 0.822917 0.806250 0.816667 0.807813 0.812500 0.809375 0.804167 0.809375 0.787500 0.812500 0.775000 0.814063 0.758333 0.814063 0.741667 0.817187 0.727083 0.818750 0.710417 0.814063 0.706250 0.814063 0.702083 0.810937 0.695833 0.810937 0.687500 0.809375 0.681250 0.807813 0.677083 0.806250 0.672917
5 0.845313 0.412500 0.843750 0.418750 0.842187 0.433333 0.829688 0.493750 0.826562 0.512500 0.820312 0.554167 0.814063 0.600000 0.814063 0.622917 0.815625 0.637500 0.817187 0.650000 0.820312 0.658333 0.820312 0.664583 0.821875 0.668750 0.821875 0.662500 0.823438 0.660417 0.825000 0.652083 0.825000 0.641667 0.828125 0.631250 0.829688 0.608333 0.831250 0.597917 0.832812 0.591667 0.837500 0.579167 0.843750 0.568750 0.850000 0.560417 0.854688 0.552083 0.859375 0.541667 0.860938 0.533333 0.862500 0.510417 0.862500 0.472917 0.860938 0.452083 0.859375 0.441667 0.857812 0.433333 0.856250 0.425000 0.854688 0.418750 0.851562 0.410417 0.845313 0.412500
6 0.717187 0.414583 0.685937 0.416667 0.682813 0.418750 0.681250 0.458333 0.682813 0.462500 0.696875 0.481250 0.704688 0.493750 0.707812 0.500000 0.710938 0.506250 0.715625 0.518750 0.723437 0.539583 0.728125 0.558333 0.731250 0.572917 0.732812 0.585417 0.734375 0.600000 0.734375 0.647917 0.732812 0.660417 0.731250 0.668750 0.725000 0.693750 0.721875 0.704167 0.720313 0.708333 0.718750 0.712500 0.712500 0.727083 0.709375 0.733333 0.698438 0.754167 0.690625 0.764583 0.687500 0.770833 0.685937 0.775000 0.685937 0.847917 0.685937 0.870833 0.687500 0.875000 0.707812 0.879167 0.742188 0.881250 0.770312 0.881250 0.832812 0.879167 0.857812 0.877083 0.862500 0.868750 0.870313 0.866667 0.873437 0.864583 0.873437 0.841667 0.868750 0.785417 0.865625 0.766667 0.864062 0.743750 0.862500 0.691667 0.862500 0.610417 0.864062 0.543750 0.865625 0.497917 0.868750 0.477083 0.868750 0.433333 0.865625 0.431250 0.860938 0.431250 0.860938 0.445833 0.864062 0.460417 0.864062 0.525000 0.862500 0.537500 0.860938 0.543750 0.859375 0.547917 0.854688 0.556250 0.842187 0.575000 0.839063 0.581250 0.834375 0.593750 0.832812 0.602083 0.831250 0.610417 0.829688 0.622917 0.828125 0.635417 0.826562 0.660417 0.823438 0.672917 0.825000 0.695833 0.825000 0.704167 0.823438 0.708333 0.820312 0.712500 0.818750 0.718750 0.817187 0.735417 0.815625 0.750000 0.815625 0.766667 0.810937 0.793750 0.810937 0.808333 0.809375 0.814583 0.807813 0.818750 0.803125 0.825000 0.798438 0.827083 0.795312 0.825000 0.789062 0.816667 0.787500 0.812500 0.785937 0.804167 0.785937 0.795833 0.787500 0.793750 0.787500 0.783333 0.792188 0.760417 0.793750 0.735417 0.800000 0.702083 0.803125 0.679167 0.804688 0.666667 0.804688 0.660417 0.803125 0.658333 0.801562 0.639583 0.793750 0.600000 0.792188 0.579167 0.790625 0.568750 0.782813 0.531250 0.782813 0.520833 0.781250 0.512500 0.779687 0.510417 0.778125 0.504167 0.776563 0.510417 0.770312 0.535417 0.768750 0.543750 0.767188 0.552083 0.765625 0.566667 0.765625 0.612500 0.767188 0.668750 0.768750 0.720833 0.770312 0.756250 0.773438 0.789583 0.773438 0.808333 0.771875 0.820833 0.765625 0.829167 0.762500 0.829167 0.759375 0.827083 0.756250 0.822917 0.751563 0.810417 0.750000 0.800000 0.750000 0.677083 0.748437 0.604167 0.746875 0.572917 0.745313 0.560417 0.743750 0.550000 0.739062 0.531250 0.735938 0.525000 0.731250 0.506250 0.729688 0.497917 0.729688 0.462500 0.731250 0.452083 0.732812 0.443750 0.740625 0.418750 0.737500 0.414583 0.717187 0.414583
6 0.815625 0.408333 0.814063 0.410417 0.803125 0.410417 0.801562 0.414583 0.801562 0.429167 0.795312 0.452083 0.795312 0.475000 0.800000 0.508333 0.806250 0.541667 0.807813 0.564583 0.809375 0.577083 0.810937 0.585417 0.814063 0.589583 0.814063 0.581250 0.817187 0.568750 0.825000 0.510417 0.828125 0.491667 0.843750 0.414583 0.843750 0.408333 0.815625 0.408333
0 0.300000 0.537500 0.296875 0.539583 0.292187 0.543750 0.284375 0.554167 0.282813 0.560417 0.276562 0.568750 0.271875 0.577083 0.265625 0.593750 0.262500 0.600000 0.253125 0.612500 0.246875 0.622917 0.231250 0.650000 0.226562 0.658333 0.210938 0.689583 0.200000 0.706250 0.192188 0.722917 0.184375 0.733333 0.181250 0.739583 0.179688 0.743750 0.179688 0.750000 0.189062 0.750000 0.196875 0.747917 0.203125 0.745833 0.209375 0.741667 0.221875 0.733333 0.257812 0.710417 0.260937 0.706250 0.278125 0.695833 0.292187 0.689583 0.295312 0.687500 0.300000 0.681250 0.307812 0.679167 0.321875 0.668750 0.326562 0.666667 0.331250 0.666667 0.350000 0.654167 0.354687 0.654167 0.359375 0.652083 0.362500 0.650000 0.364063 0.643750 0.359375 0.633333 0.354687 0.618750 0.351562 0.612500 0.348438 0.606250 0.343750 0.600000 0.340625 0.593750 0.335938 0.579167 0.318750 0.554167 0.309375 0.541667 0.304688 0.537500 0.300000 0.537500
0 0.503125 0.572917 0.498437 0.575000 0.495312 0.577083 0.492188 0.579167 0.487500 0.583333 0.484375 0.587500 0.484375 0.597917 0.482812 0.602083 0.481250 0.606250 0.475000 0.614583 0.470313 0.616667 0.459375 0.616667 0.451562 0.618750 0.448437 0.620833 0.446875 0.625000 0.446875 0.631250 0.443750 0.637500 0.445312 0.643750 0.446875 0.647917 0.448437 0.652083 0.456250 0.664583 0.460938 0.668750 0.465625 0.670833 0.470313 0.672917 0.475000 0.672917 0.485938 0.670833 0.500000 0.677083 0.504687 0.677083 0.510938 0.672917 0.521875 0.670833 0.525000 0.668750 0.528125 0.666667 0.532813 0.660417 0.537500 0.658333 0.545312 0.647917 0.548438 0.641667 0.550000 0.631250 0.548438 0.622917 0.546875 0.618750 0.540625 0.608333 0.537500 0.604167 0.532813 0.604167 0.525000 0.610417 0.521875 0.608333 0.520312 0.606250 0.520312 0.604167 0.517188 0.600000 0.515625 0.595833 0.515625 0.587500 0.514062 0.581250 0.512500 0.577083 0.506250 0.572917 0.503125 0.572917
