0 0.539062 0.762500 0.525000 0.766667 0.509375 0.766667 0.504687 0.768750 0.495312 0.775000 0.487500 0.781250 0.482812 0.785417 0.476562 0.793750 0.475000 0.797917 0.473438 0.802083 0.473438 0.814583 0.475000 0.818750 0.476562 0.822917 0.481250 0.829167 0.484375 0.831250 0.490625 0.833333 0.535937 0.831250 0.554688 0.833333 0.567187 0.831250 0.575000 0.833333 0.582812 0.837500 0.595313 0.837500 0.607812 0.841667 0.621875 0.841667 0.626563 0.839583 0.629687 0.837500 0.632812 0.835417 0.634375 0.833333 0.634375 0.831250 0.637500 0.827083 0.639062 0.822917 0.640625 0.818750 0.640625 0.808333 0.639062 0.802083 0.635938 0.797917 0.635938 0.795833 0.634375 0.793750 0.626563 0.785417 0.623437 0.783333 0.620313 0.781250 0.617188 0.781250 0.610938 0.775000 0.600000 0.768750 0.567187 0.768750 0.554688 0.764583 0.543750 0.762500 0.539062 0.762500
0 0.225000 0.685417 0.217188 0.687500 0.206250 0.691667 0.203125 0.693750 0.200000 0.695833 0.179688 0.714583 0.168750 0.729167 0.167187 0.733333 0.162500 0.752083 0.153125 0.775000 0.151562 0.797917 0.151562 0.812500 0.156250 0.820833 0.156250 0.829167 0.162500 0.837500 0.167187 0.852083 0.170313 0.858333 0.175000 0.866667 0.189062 0.885417 0.195312 0.891667 0.204687 0.897917 0.215625 0.904167 0.246875 0.904167 0.254688 0.902083 0.260937 0.900000 0.268750 0.895833 0.273438 0.891667 0.287500 0.879167 0.300000 0.862500 0.304688 0.852083 0.309375 0.837500 0.315625 0.827083 0.317188 0.822917 0.318750 0.818750 0.320312 0.810417 0.320312 0.775000 0.318750 0.762500 0.315625 0.756250 0.315625 0.747917 0.314063 0.743750 0.312500 0.739583 0.304688 0.720833 0.292187 0.702083 0.287500 0.697917 0.284375 0.695833 0.273438 0.691667 0.267188 0.689583 0.259375 0.687500 0.245312 0.685417 0.225000 0.685417
0 0.603125 0.335417 0.600000 0.337500 0.596875 0.339583 0.593750 0.343750 0.592187 0.343750 0.590625 0.345833 0.590625 0.347917 0.587500 0.354167 0.584375 0.358333 0.582812 0.358333 0.579688 0.362500 0.578125 0.366667 0.576562 0.370833 0.575000 0.377083 0.571875 0.391667 0.567187 0.420833 0.560937 0.441667 0.556250 0.466667 0.551562 0.493750 0.546875 0.529167 0.546875 0.545833 0.548438 0.550000 0.553125 0.558333 0.553125 0.562500 0.554688 0.566667 0.557813 0.570833 0.557813 0.572917 0.559375 0.575000 0.560937 0.575000 0.564063 0.579167 0.571875 0.583333 0.585938 0.585417 0.590625 0.585417 0.601562 0.583333 0.606250 0.579167 0.612500 0.577083 0.617188 0.577083 0.623437 0.575000 0.626563 0.572917 0.639062 0.554167 0.643750 0.547917 0.645312 0.547917 0.648438 0.543750 0.651563 0.537500 0.653125 0.520833 0.654687 0.516667 0.656250 0.512500 0.660937 0.506250 0.659375 0.497917 0.657813 0.493750 0.653125 0.485417 0.651563 0.479167 0.651563 0.475000 0.653125 0.468750 0.657813 0.462500 0.662500 0.450000 0.662500 0.422917 0.657813 0.404167 0.657813 0.393750 0.653125 0.372917 0.650000 0.362500 0.646875 0.356250 0.634375 0.339583 0.631250 0.337500 0.626563 0.335417 0.603125 0.335417
4 0.400000 0.383333 0.379688 0.391667 0.359375 0.397917 0.350000 0.397917 0.340625 0.402083 0.329688 0.404167 0.307812 0.406250 0.287500 0.412500 0.276562 0.414583 0.270313 0.414583 0.264062 0.412500 0.254688 0.402083 0.245312 0.395833 0.235937 0.393750 0.228125 0.393750 0.218750 0.395833 0.212500 0.397917 0.207813 0.400000 0.198437 0.406250 0.190625 0.416667 0.185938 0.425000 0.184375 0.429167 0.184375 0.443750 0.195312 0.458333 0.198437 0.460417 0.203125 0.462500 0.209375 0.464583 0.231250 0.464583 0.239063 0.462500 0.243750 0.460417 0.246875 0.458333 0.250000 0.456250 0.256250 0.450000 0.257812 0.447917 0.262500 0.437500 0.270313 0.427083 0.273438 0.425000 0.278125 0.422917 0.285938 0.420833 0.295312 0.418750 0.337500 0.412500 0.370312 0.412500 0.398438 0.408333 0.401562 0.408333 0.410938 0.410417 0.415625 0.406250 0.418750 0.402083 0.418750 0.391667 0.417187 0.387500 0.414062 0.383333 0.410938 0.383333 0.400000 0.383333
0 0.279687 0.216667 0.275000 0.218750 0.271875 0.220833 0.268750 0.222917 0.262500 0.229167 0.254688 0.237500 0.246875 0.250000 0.242188 0.256250 0.240625 0.256250 0.234375 0.264583 0.228125 0.268750 0.221875 0.275000 0.214062 0.285417 0.200000 0.297917 0.187500 0.314583 0.179688 0.322917 0.164062 0.337500 0.154688 0.350000 0.139063 0.364583 0.137500 0.366667 0.137500 0.368750 0.134375 0.372917 0.134375 0.377083 0.139063 0.383333 0.145313 0.389583 0.160938 0.389583 0.175000 0.383333 0.190625 0.379167 0.206250 0.377083 0.214062 0.372917 0.223438 0.372917 0.232813 0.368750 0.242188 0.366667 0.254688 0.366667 0.257812 0.362500 0.264062 0.360417 0.276562 0.360417 0.282813 0.356250 0.306250 0.356250 0.314063 0.354167 0.323437 0.352083 0.329688 0.347917 0.329688 0.341667 0.328125 0.333333 0.325000 0.318750 0.323437 0.312500 0.321875 0.306250 0.314063 0.277083 0.310937 0.268750 0.303125 0.252083 0.298438 0.235417 0.295312 0.229167 0.285938 0.216667 0.279687 0.216667
7 0.693750 0.062500 0.685937 0.064583 0.679688 0.066667 0.671875 0.070833 0.662500 0.077083 0.657813 0.081250 0.640625 0.104167 0.637500 0.110417 0.634375 0.116667 0.629687 0.129167 0.628125 0.135417 0.628125 0.141667 0.626563 0.147917 0.623437 0.154167 0.621875 0.160417 0.620313 0.168750 0.620313 0.195833 0.621875 0.231250 0.620313 0.239583 0.618750 0.247917 0.615625 0.260417 0.612500 0.266667 0.612500 0.270833 0.614062 0.272917 0.614062 0.279167 0.615625 0.283333 0.620313 0.291667 0.626563 0.300000 0.629687 0.302083 0.640625 0.306250 0.650000 0.308333 0.662500 0.308333 0.664062 0.306250 0.678125 0.306250 0.685937 0.304167 0.689063 0.302083 0.692187 0.300000 0.707812 0.285417 0.718750 0.272917 0.734375 0.252083 0.739062 0.250000 0.745313 0.243750 0.754687 0.231250 0.757812 0.225000 0.768750 0.195833 0.770312 0.189583 0.771875 0.183333 0.773438 0.172917 0.773438 0.147917 0.771875 0.133333 0.770312 0.122917 0.767188 0.114583 0.762500 0.102083 0.745313 0.079167 0.740625 0.075000 0.731250 0.068750 0.726562 0.068750 0.721875 0.064583 0.714063 0.062500 0.693750 0.062500
10 0.551562 0.122917 0.545312 0.125000 0.537500 0.131250 0.532813 0.131250 0.528125 0.133333 0.525000 0.135417 0.521875 0.137500 0.517188 0.141667 0.512500 0.145833 0.501563 0.160417 0.498437 0.166667 0.495312 0.172917 0.493750 0.177083 0.490625 0.187500 0.489063 0.195833 0.487500 0.206250 0.487500 0.231250 0.489063 0.241667 0.492188 0.252083 0.493750 0.264583 0.493750 0.281250 0.495312 0.287500 0.496875 0.293750 0.498437 0.297917 0.507812 0.312500 0.507812 0.314583 0.510938 0.318750 0.512500 0.318750 0.517188 0.325000 0.520312 0.327083 0.523438 0.329167 0.531250 0.333333 0.535937 0.335417 0.556250 0.335417 0.560937 0.333333 0.565625 0.331250 0.575000 0.325000 0.579688 0.320833 0.585938 0.314583 0.590625 0.308333 0.593750 0.302083 0.596875 0.295833 0.598437 0.285417 0.601562 0.279167 0.607812 0.268750 0.612500 0.258333 0.614062 0.254167 0.615625 0.247917 0.617188 0.239583 0.618750 0.227083 0.618750 0.195833 0.617188 0.187500 0.615625 0.181250 0.614062 0.177083 0.609375 0.166667 0.606250 0.160417 0.600000 0.152083 0.598437 0.152083 0.593750 0.145833 0.589063 0.137500 0.589063 0.135417 0.585938 0.131250 0.581250 0.127083 0.578125 0.125000 0.575000 0.122917 0.551562 0.122917
12 0.450000 0.370833 0.443750 0.372917 0.431250 0.381250 0.426563 0.385417 0.421875 0.391667 0.421875 0.400000 0.420312 0.404167 0.417187 0.408333 0.409375 0.416667 0.406250 0.422917 0.404687 0.427083 0.403125 0.431250 0.400000 0.447917 0.395313 0.458333 0.393750 0.466667 0.393750 0.475000 0.395313 0.477083 0.395313 0.487500 0.398438 0.500000 0.400000 0.506250 0.404687 0.516667 0.407813 0.522917 0.420312 0.539583 0.426563 0.545833 0.429688 0.547917 0.432812 0.550000 0.443750 0.556250 0.450000 0.558333 0.464062 0.558333 0.470313 0.556250 0.489063 0.545833 0.493750 0.545833 0.507812 0.539583 0.510938 0.537500 0.520312 0.525000 0.525000 0.516667 0.528125 0.510417 0.532813 0.497917 0.534375 0.489583 0.535937 0.481250 0.535937 0.445833 0.534375 0.437500 0.532813 0.431250 0.531250 0.425000 0.526563 0.412500 0.523438 0.406250 0.509375 0.387500 0.504687 0.383333 0.492188 0.375000 0.487500 0.372917 0.482812 0.370833 0.450000 0.370833
3 0.679688 0.425000 0.679688 0.429167 0.682813 0.435417 0.695312 0.454167 0.698438 0.460417 0.706250 0.477083 0.709375 0.485417 0.714063 0.497917 0.717187 0.508333 0.718750 0.514583 0.720313 0.520833 0.720313 0.568750 0.715625 0.589583 0.712500 0.595833 0.710938 0.606250 0.709375 0.616667 0.709375 0.643750 0.710938 0.658333 0.715625 0.700000 0.717187 0.712500 0.721875 0.747917 0.729688 0.795833 0.731250 0.808333 0.732812 0.822917 0.734375 0.837500 0.734375 0.891667 0.735938 0.893750 0.735938 0.910417 0.742188 0.908333 0.742188 0.839583 0.740625 0.820833 0.735938 0.797917 0.735938 0.785417 0.732812 0.762500 0.726562 0.727083 0.725000 0.714583 0.718750 0.662500 0.717187 0.647917 0.717187 0.616667 0.718750 0.606250 0.721875 0.595833 0.726562 0.560417 0.728125 0.545833 0.729688 0.531250 0.729688 0.516667 0.728125 0.510417 0.723437 0.493750 0.721875 0.489583 0.720313 0.485417 0.710938 0.464583 0.706250 0.456250 0.695312 0.437500 0.687500 0.427083 0.684375 0.425000 0.679688 0.425000
6 0.665625 0.470833 0.657813 0.475000 0.657813 0.485417 0.662500 0.495833 0.664062 0.502083 0.664062 0.506250 0.662500 0.510417 0.659375 0.514583 0.657813 0.518750 0.656250 0.525000 0.654687 0.535417 0.654687 0.610417 0.656250 0.616667 0.657813 0.620833 0.667188 0.637500 0.671875 0.647917 0.678125 0.664583 0.681250 0.675000 0.687500 0.700000 0.689063 0.708333 0.690625 0.718750 0.690625 0.739583 0.692187 0.741667 0.692187 0.760417 0.690625 0.762500 0.690625 0.783333 0.689063 0.795833 0.685937 0.810417 0.681250 0.829167 0.671875 0.856250 0.671875 0.860417 0.675000 0.860417 0.676562 0.862500 0.682813 0.864583 0.698438 0.866667 0.725000 0.868750 0.728125 0.868750 0.731250 0.866667 0.731250 0.833333 0.729688 0.818750 0.728125 0.802083 0.723437 0.766667 0.718750 0.743750 0.712500 0.693750 0.707812 0.650000 0.706250 0.631250 0.707812 0.610417 0.710938 0.593750 0.717187 0.568750 0.718750 0.552083 0.718750 0.531250 0.717187 0.520833 0.710938 0.495833 0.709375 0.491667 0.707812 0.487500 0.703125 0.477083 0.700000 0.472917 0.692187 0.470833 0.665625 0.470833
6 0.748437 0.468750 0.723437 0.470833 0.721875 0.479167 0.721875 0.483333 0.725000 0.493750 0.731250 0.510417 0.732812 0.516667 0.732812 0.533333 0.731250 0.545833 0.729688 0.556250 0.725000 0.577083 0.725000 0.589583 0.720313 0.612500 0.720313 0.652083 0.721875 0.668750 0.723437 0.683333 0.726562 0.708333 0.728125 0.720833 0.731250 0.731250 0.735938 0.766667 0.742188 0.816667 0.743750 0.833333 0.743750 0.856250 0.746875 0.870833 0.757812 0.872917 0.773438 0.872917 0.776563 0.868750 0.778125 0.858333 0.781250 0.854167 0.793750 0.854167 0.798438 0.852083 0.801562 0.847917 0.801562 0.800000 0.798438 0.756250 0.796875 0.700000 0.795312 0.631250 0.795312 0.556250 0.798438 0.545833 0.798438 0.535417 0.801562 0.525000 0.801562 0.495833 0.798438 0.491667 0.792188 0.489583 0.792188 0.470833 0.789062 0.468750 0.778125 0.468750 0.754687 0.468750 0.748437 0.468750
0 0.501563 0.602083 0.495312 0.604167 0.490625 0.606250 0.485938 0.608333 0.476562 0.614583 0.470313 0.622917 0.468750 0.627083 0.468750 0.641667 0.470313 0.647917 0.476562 0.656250 0.479687 0.658333 0.484375 0.660417 0.489063 0.662500 0.495312 0.662500 0.501563 0.666667 0.514062 0.666667 0.521875 0.670833 0.535937 0.670833 0.540625 0.672917 0.548438 0.679167 0.554688 0.679167 0.560937 0.681250 0.571875 0.689583 0.590625 0.700000 0.595313 0.702083 0.600000 0.704167 0.617188 0.704167 0.620313 0.702083 0.623437 0.700000 0.628125 0.693750 0.629687 0.689583 0.631250 0.685417 0.631250 0.670833 0.629687 0.666667 0.626563 0.660417 0.620313 0.652083 0.612500 0.643750 0.604688 0.635417 0.600000 0.631250 0.596875 0.629167 0.592187 0.627083 0.587500 0.627083 0.575000 0.620833 0.567187 0.614583 0.556250 0.614583 0.551562 0.612500 0.546875 0.608333 0.542188 0.606250 0.531250 0.604167 0.521875 0.602083 0.501563 0.602083
0 0.476562 0.689583 0.467187 0.693750 0.448437 0.702083 0.443750 0.704167 0.435937 0.714583 0.434375 0.718750 0.434375 0.733333 0.435937 0.737500 0.437500 0.741667 0.442188 0.750000 0.443750 0.752083 0.446875 0.754167 0.450000 0.756250 0.478125 0.756250 0.495312 0.752083 0.498437 0.752083 0.528125 0.754167 0.534375 0.758333 0.542188 0.760417 0.559375 0.764583 0.571875 0.766667 0.589063 0.766667 0.592187 0.764583 0.598437 0.756250 0.600000 0.752083 0.600000 0.737500 0.595313 0.725000 0.589063 0.716667 0.575000 0.704167 0.571875 0.702083 0.568750 0.700000 0.564063 0.697917 0.551562 0.695833 0.539062 0.689583 0.521875 0.691667 0.518750 0.691667 0.512500 0.687500 0.476562 0.689583
