0 0.464062 0.716667 0.459375 0.718750 0.451562 0.722917 0.448437 0.725000 0.445312 0.727083 0.440625 0.733333 0.435937 0.741667 0.434375 0.745833 0.432812 0.756250 0.432812 0.785417 0.434375 0.814583 0.435937 0.822917 0.439063 0.827083 0.442188 0.825000 0.446875 0.816667 0.450000 0.806250 0.456250 0.797917 0.457813 0.793750 0.459375 0.783333 0.468750 0.758333 0.473438 0.752083 0.481250 0.735417 0.484375 0.725000 0.475000 0.725000 0.468750 0.716667 0.464062 0.716667
0 0.228125 0.612500 0.225000 0.614583 0.215625 0.620833 0.210938 0.622917 0.206250 0.625000 0.193750 0.625000 0.185938 0.627083 0.181250 0.629167 0.176563 0.631250 0.167187 0.637500 0.162500 0.643750 0.148438 0.664583 0.145313 0.670833 0.143750 0.675000 0.142187 0.679167 0.142187 0.685417 0.137500 0.695833 0.135937 0.704167 0.135937 0.741667 0.137500 0.750000 0.140625 0.764583 0.142187 0.772917 0.145313 0.777083 0.145313 0.779167 0.151562 0.783333 0.160938 0.795833 0.165625 0.806250 0.167187 0.810417 0.167187 0.814583 0.168750 0.818750 0.160938 0.829167 0.159375 0.833333 0.160938 0.839583 0.164062 0.841667 0.167187 0.841667 0.170313 0.843750 0.175000 0.847917 0.179688 0.854167 0.184375 0.858333 0.187500 0.860417 0.195312 0.864583 0.207813 0.868750 0.215625 0.875000 0.221875 0.877083 0.250000 0.877083 0.254688 0.875000 0.259375 0.872917 0.262500 0.870833 0.268750 0.862500 0.282813 0.841667 0.285938 0.835417 0.287500 0.831250 0.287500 0.820833 0.281250 0.787500 0.276562 0.764583 0.271875 0.750000 0.271875 0.741667 0.267188 0.729167 0.265625 0.722917 0.262500 0.700000 0.259375 0.685417 0.254688 0.664583 0.248438 0.637500 0.245312 0.627083 0.242188 0.618750 0.239063 0.618750 0.234375 0.614583 0.228125 0.612500
10 0.178125 0.412500 0.170313 0.414583 0.164062 0.416667 0.159375 0.418750 0.154688 0.420833 0.145313 0.427083 0.140625 0.431250 0.131250 0.445833 0.126562 0.452083 0.120313 0.454167 0.112500 0.454167 0.103125 0.460417 0.095312 0.470833 0.090625 0.483333 0.089063 0.491667 0.089063 0.502083 0.090625 0.512500 0.095312 0.525000 0.103125 0.535417 0.112500 0.541667 0.118750 0.541667 0.125000 0.543750 0.128125 0.547917 0.129688 0.556250 0.137500 0.566667 0.143750 0.572917 0.148438 0.577083 0.157812 0.583333 0.162500 0.585417 0.168750 0.587500 0.178125 0.589583 0.189062 0.589583 0.200000 0.587500 0.207813 0.585417 0.218750 0.581250 0.223438 0.577083 0.228125 0.575000 0.250000 0.575000 0.256250 0.572917 0.264062 0.568750 0.267188 0.564583 0.270313 0.564583 0.284375 0.545833 0.287500 0.539583 0.292187 0.527083 0.293750 0.520833 0.295312 0.508333 0.295312 0.497917 0.293750 0.495833 0.293750 0.483333 0.290625 0.472917 0.285938 0.462500 0.275000 0.447917 0.270313 0.443750 0.265625 0.439583 0.260937 0.437500 0.251563 0.433333 0.245312 0.431250 0.239063 0.429167 0.232813 0.429167 0.226562 0.427083 0.220312 0.425000 0.200000 0.414583 0.190625 0.412500 0.178125 0.412500
1 0.762500 0.143750 0.762500 0.160417 0.760938 0.166667 0.756250 0.172917 0.748437 0.179167 0.739062 0.189583 0.735938 0.195833 0.726562 0.204167 0.717187 0.214583 0.712500 0.222917 0.710938 0.225000 0.706250 0.227083 0.692187 0.245833 0.682813 0.256250 0.673438 0.264583 0.664062 0.277083 0.654687 0.285417 0.643750 0.297917 0.629687 0.316667 0.621875 0.325000 0.615625 0.331250 0.609375 0.337500 0.604688 0.341667 0.592187 0.350000 0.582812 0.362500 0.582812 0.366667 0.587500 0.364583 0.590625 0.366667 0.593750 0.370833 0.593750 0.383333 0.595313 0.393750 0.596875 0.397917 0.607812 0.420833 0.610938 0.427083 0.614062 0.433333 0.618750 0.437500 0.623437 0.439583 0.629687 0.431250 0.650000 0.402083 0.673438 0.377083 0.681250 0.368750 0.687500 0.364583 0.701562 0.345833 0.721875 0.322917 0.729688 0.314583 0.751563 0.293750 0.762500 0.279167 0.770312 0.270833 0.776563 0.266667 0.790625 0.252083 0.800000 0.239583 0.807813 0.231250 0.810937 0.229167 0.820312 0.225000 0.818750 0.220833 0.815625 0.214583 0.812500 0.208333 0.787500 0.175000 0.781250 0.162500 0.773438 0.152083 0.773438 0.150000 0.767188 0.141667 0.762500 0.143750
0 0.509375 0.612500 0.504687 0.614583 0.498437 0.618750 0.495312 0.622917 0.496875 0.631250 0.495312 0.637500 0.493750 0.641667 0.490625 0.647917 0.487500 0.654167 0.476562 0.670833 0.470313 0.683333 0.467187 0.689583 0.467187 0.695833 0.465625 0.697917 0.465625 0.702083 0.467187 0.708333 0.468750 0.714583 0.471875 0.720833 0.475000 0.722917 0.481250 0.722917 0.487500 0.716667 0.495312 0.704167 0.496875 0.702083 0.498437 0.702083 0.501563 0.697917 0.506250 0.695833 0.514062 0.685417 0.520312 0.681250 0.525000 0.675000 0.528125 0.666667 0.537500 0.652083 0.540625 0.645833 0.542188 0.641667 0.540625 0.635417 0.535937 0.629167 0.534375 0.629167 0.528125 0.620833 0.515625 0.612500 0.509375 0.612500
9 0.345313 0.247917 0.342187 0.250000 0.337500 0.254167 0.331250 0.260417 0.323437 0.270833 0.320312 0.272917 0.314063 0.272917 0.310937 0.279167 0.314063 0.283333 0.314063 0.287500 0.310937 0.291667 0.309375 0.291667 0.307812 0.293750 0.296875 0.310417 0.293750 0.320833 0.295312 0.325000 0.298438 0.331250 0.315625 0.356250 0.320312 0.366667 0.328125 0.375000 0.334375 0.379167 0.340625 0.387500 0.364063 0.422917 0.371875 0.433333 0.378125 0.439583 0.395313 0.441667 0.400000 0.441667 0.404687 0.437500 0.407813 0.433333 0.417187 0.416667 0.423438 0.408333 0.445312 0.381250 0.446875 0.377083 0.442188 0.370833 0.432812 0.360417 0.417187 0.335417 0.378125 0.283333 0.367188 0.272917 0.350000 0.250000 0.345313 0.247917
9 0.345313 0.247917 0.342187 0.250000 0.337500 0.254167 0.331250 0.260417 0.323437 0.270833 0.314063 0.272917 0.310937 0.279167 0.314063 0.283333 0.314063 0.287500 0.310937 0.291667 0.309375 0.291667 0.307812 0.293750 0.298438 0.308333 0.295312 0.314583 0.295312 0.322917 0.296875 0.327083 0.298438 0.331250 0.315625 0.356250 0.318750 0.364583 0.323437 0.370833 0.329688 0.377083 0.335938 0.381250 0.339062 0.385417 0.360938 0.418750 0.371875 0.433333 0.378125 0.439583 0.398438 0.441667 0.401562 0.439583 0.407813 0.433333 0.414062 0.420833 0.429688 0.402083 0.432812 0.397917 0.445312 0.381250 0.445312 0.375000 0.442188 0.370833 0.431250 0.358333 0.417187 0.335417 0.376563 0.281250 0.364063 0.268750 0.350000 0.250000 0.345313 0.247917
8 0.593750 0.081250 0.584375 0.083333 0.578125 0.085417 0.565625 0.093750 0.560937 0.097917 0.553125 0.106250 0.551562 0.108333 0.546875 0.116667 0.543750 0.122917 0.537500 0.137500 0.535937 0.147917 0.534375 0.152083 0.531250 0.158333 0.523438 0.168750 0.520312 0.175000 0.518750 0.179167 0.517188 0.183333 0.517188 0.197917 0.525000 0.195833 0.528125 0.206250 0.528125 0.235417 0.529687 0.241667 0.532813 0.252083 0.537500 0.262500 0.553125 0.283333 0.557813 0.287500 0.568750 0.293750 0.581250 0.295833 0.589063 0.295833 0.598437 0.293750 0.603125 0.291667 0.607812 0.289583 0.617188 0.283333 0.620313 0.279167 0.621875 0.279167 0.623437 0.277083 0.626563 0.272917 0.629687 0.264583 0.645312 0.243750 0.653125 0.231250 0.657813 0.222917 0.660937 0.216667 0.664062 0.206250 0.664062 0.197917 0.667188 0.189583 0.668750 0.181250 0.668750 0.158333 0.667188 0.143750 0.665625 0.137500 0.660937 0.125000 0.657813 0.118750 0.653125 0.112500 0.640625 0.097917 0.635938 0.093750 0.623437 0.085417 0.618750 0.083333 0.609375 0.081250 0.593750 0.081250
0 0.523438 0.681250 0.520312 0.683333 0.517188 0.685417 0.512500 0.689583 0.507812 0.695833 0.506250 0.700000 0.504687 0.712500 0.503125 0.729167 0.503125 0.768750 0.504687 0.797917 0.510938 0.804167 0.510938 0.802083 0.517188 0.791667 0.521875 0.779167 0.540625 0.731250 0.542188 0.727083 0.543750 0.718750 0.546875 0.714583 0.548438 0.708333 0.548438 0.700000 0.545312 0.695833 0.540625 0.691667 0.534375 0.685417 0.531250 0.683333 0.528125 0.681250 0.523438 0.681250
16 0.657813 0.581250 0.646875 0.595833 0.635938 0.606250 0.631250 0.610417 0.628125 0.610417 0.610938 0.608333 0.607812 0.610417 0.603125 0.614583 0.595313 0.625000 0.593750 0.629167 0.593750 0.647917 0.595313 0.656250 0.598437 0.660417 0.598437 0.668750 0.595313 0.675000 0.595313 0.716667 0.600000 0.722917 0.601562 0.727083 0.603125 0.741667 0.601562 0.758333 0.603125 0.766667 0.606250 0.772917 0.606250 0.791667 0.609375 0.800000 0.609375 0.804167 0.612500 0.804167 0.614062 0.806250 0.621875 0.806250 0.628125 0.804167 0.629687 0.802083 0.634375 0.804167 0.634375 0.808333 0.631250 0.812500 0.631250 0.816667 0.625000 0.825000 0.621875 0.827083 0.614062 0.829167 0.612500 0.839583 0.610938 0.843750 0.606250 0.852083 0.607812 0.860417 0.615625 0.868750 0.617188 0.875000 0.620313 0.875000 0.621875 0.877083 0.625000 0.877083 0.637500 0.875000 0.640625 0.870833 0.640625 0.860417 0.642188 0.856250 0.648438 0.847917 0.646875 0.839583 0.642188 0.837500 0.639062 0.833333 0.639062 0.827083 0.640625 0.820833 0.645312 0.812500 0.648438 0.814583 0.651563 0.827083 0.654687 0.831250 0.664062 0.831250 0.667188 0.827083 0.667188 0.791667 0.665625 0.747917 0.670312 0.729167 0.673438 0.720833 0.676562 0.716667 0.687500 0.718750 0.693750 0.718750 0.700000 0.716667 0.709375 0.704167 0.709375 0.687500 0.707812 0.683333 0.704688 0.677083 0.696875 0.668750 0.689063 0.662500 0.685937 0.660417 0.679688 0.658333 0.657813 0.660417 0.653125 0.660417 0.640625 0.658333 0.637500 0.654167 0.637500 0.647917 0.637500 0.625000 0.637500 0.618750 0.651563 0.597917 0.654687 0.593750 0.657813 0.593750 0.660937 0.589583 0.660937 0.583333 0.657813 0.581250
6 0.785937 0.410417 0.790625 0.412500 0.796875 0.420833 0.809375 0.429167 0.820312 0.433333 0.832812 0.433333 0.834375 0.435417 0.845313 0.435417 0.856250 0.433333 0.868750 0.427083 0.876563 0.427083 0.881250 0.433333 0.884375 0.433333 0.885938 0.454167 0.884375 0.475000 0.879687 0.514583 0.879687 0.535417 0.878125 0.554167 0.876563 0.570833 0.856250 0.564583 0.856250 0.537500 0.854688 0.531250 0.853125 0.525000 0.851562 0.520833 0.848437 0.514583 0.842187 0.506250 0.839063 0.504167 0.834375 0.502083 0.828125 0.502083 0.818750 0.508333 0.806250 0.525000 0.804688 0.529167 0.803125 0.533333 0.798438 0.552083 0.798438 0.579167 0.803125 0.591667 0.814063 0.606250 0.815625 0.610417 0.817187 0.618750 0.817187 0.645833 0.815625 0.662500 0.814063 0.675000 0.812500 0.689583 0.809375 0.700000 0.807813 0.720833 0.806250 0.731250 0.804688 0.741667 0.796875 0.783333 0.793750 0.791667 0.792188 0.800000 0.792188 0.818750 0.793750 0.822917 0.798438 0.829167 0.809375 0.829167 0.814063 0.822917 0.815625 0.818750 0.817187 0.785417 0.817187 0.745833 0.818750 0.727083 0.820312 0.706250 0.823438 0.689583 0.825000 0.668750 0.826562 0.647917 0.826562 0.618750 0.828125 0.612500 0.831250 0.608333 0.831250 0.606250 0.832812 0.604167 0.837500 0.602083 0.848437 0.587500 0.851562 0.581250 0.853125 0.577083 0.854688 0.572917 0.856250 0.564583 0.876563 0.570833 0.873437 0.585417 0.871875 0.606250 0.870313 0.625000 0.868750 0.652083 0.868750 0.785417 0.870313 0.822917 0.873437 0.854167 0.873437 0.864583 0.870313 0.868750 0.864062 0.868750 0.860938 0.872917 0.857812 0.875000 0.839063 0.877083 0.754687 0.877083 0.731250 0.875000 0.712500 0.870833 0.693750 0.870833 0.692187 0.868750 0.687500 0.868750 0.685937 0.864583 0.685937 0.845833 0.689063 0.808333 0.689063 0.750000 0.692187 0.722917 0.695312 0.720833 0.701562 0.718750 0.704688 0.716667 0.709375 0.710417 0.710938 0.706250 0.712500 0.702083 0.712500 0.687500 0.710938 0.683333 0.706250 0.677083 0.706250 0.675000 0.703125 0.670833 0.692187 0.658333 0.692187 0.514583 0.698438 0.510417 0.706250 0.508333 0.712500 0.506250 0.726562 0.504167 0.740625 0.497917 0.748437 0.495833 0.756250 0.493750 0.765625 0.491667 0.775000 0.491667 0.784375 0.489583 0.793750 0.487500 0.801562 0.485417 0.806250 0.483333 0.809375 0.481250 0.812500 0.477083 0.812500 0.470833 0.810937 0.462500 0.809375 0.458333 0.806250 0.452083 0.798438 0.441667 0.793750 0.441667 0.775000 0.450000 0.762500 0.458333 0.757812 0.458333 0.750000 0.464583 0.740625 0.466667 0.735938 0.468750 0.721875 0.477083 0.712500 0.481250 0.703125 0.485417 0.696875 0.487500 0.693750 0.462500 0.698438 0.458333 0.703125 0.456250 0.728125 0.447917 0.732812 0.445833 0.737500 0.443750 0.740625 0.441667 0.743750 0.439583 0.753125 0.427083 0.754687 0.422917 0.754687 0.412500 0.757812 0.410417 0.785937 0.410417
6 0.695312 0.412500 0.696875 0.427083 0.700000 0.427083 0.704688 0.422917 0.709375 0.422917 0.720313 0.414583 0.725000 0.412500 0.718750 0.412500 0.717187 0.410417 0.695312 0.412500
0 0.390625 0.512500 0.384375 0.518750 0.371875 0.535417 0.370312 0.541667 0.364063 0.550000 0.362500 0.556250 0.357812 0.562500 0.348438 0.575000 0.331250 0.602083 0.325000 0.614583 0.318750 0.625000 0.312500 0.633333 0.303125 0.645833 0.298438 0.652083 0.296875 0.652083 0.292187 0.658333 0.285938 0.668750 0.279687 0.679167 0.275000 0.687500 0.273438 0.691667 0.273438 0.697917 0.276562 0.704167 0.295312 0.729167 0.309375 0.741667 0.318750 0.752083 0.331250 0.768750 0.345313 0.783333 0.348438 0.787500 0.348438 0.789583 0.350000 0.791667 0.364063 0.808333 0.371875 0.816667 0.378125 0.820833 0.381250 0.820833 0.384375 0.818750 0.390625 0.812500 0.406250 0.791667 0.414062 0.777083 0.417187 0.770833 0.418750 0.764583 0.421875 0.758333 0.435937 0.739583 0.437500 0.733333 0.450000 0.716667 0.451562 0.710417 0.454688 0.704167 0.462500 0.695833 0.464062 0.693750 0.465625 0.689583 0.468750 0.679167 0.475000 0.670833 0.478125 0.662500 0.484375 0.654167 0.489063 0.645833 0.492188 0.639583 0.493750 0.635417 0.493750 0.629167 0.490625 0.620833 0.487500 0.616667 0.478125 0.606250 0.467187 0.595833 0.437500 0.560417 0.425000 0.541667 0.421875 0.537500 0.415625 0.533333 0.407813 0.520833 0.403125 0.516667 0.398438 0.512500 0.390625 0.512500
4 0.825000 0.506250 0.821875 0.508333 0.815625 0.514583 0.809375 0.522917 0.803125 0.539583 0.800000 0.554167 0.800000 0.577083 0.801562 0.583333 0.803125 0.587500 0.806250 0.593750 0.809375 0.597917 0.810937 0.597917 0.814063 0.602083 0.817187 0.608333 0.818750 0.614583 0.818750 0.647917 0.815625 0.677083 0.814063 0.691667 0.807813 0.735417 0.806250 0.743750 0.804688 0.752083 0.801562 0.760417 0.800000 0.768750 0.793750 0.804167 0.793750 0.818750 0.795312 0.822917 0.796875 0.825000 0.800000 0.827083 0.807813 0.827083 0.810937 0.825000 0.812500 0.820833 0.814063 0.816667 0.814063 0.775000 0.815625 0.745833 0.817187 0.722917 0.818750 0.704167 0.821875 0.685417 0.823438 0.664583 0.825000 0.643750 0.825000 0.616667 0.826562 0.612500 0.828125 0.608333 0.834375 0.600000 0.840625 0.595833 0.845313 0.589583 0.850000 0.581250 0.851562 0.577083 0.853125 0.570833 0.854688 0.562500 0.854688 0.541667 0.853125 0.533333 0.851562 0.527083 0.850000 0.522917 0.848437 0.518750 0.845313 0.514583 0.845313 0.512500 0.843750 0.510417 0.840625 0.508333 0.837500 0.506250 0.825000 0.506250
0 0.898438 0.212500 0.882812 0.214583 0.875000 0.216667 0.868750 0.218750 0.862500 0.220833 0.842187 0.231250 0.839063 0.233333 0.834375 0.237500 0.829688 0.241667 0.823438 0.250000 0.820312 0.250000 0.806250 0.270833 0.801562 0.277083 0.796875 0.277083 0.787500 0.283333 0.782813 0.287500 0.775000 0.297917 0.771875 0.304167 0.768750 0.310417 0.764062 0.322917 0.762500 0.343750 0.764062 0.358333 0.765625 0.366667 0.770312 0.379167 0.773438 0.385417 0.778125 0.393750 0.787500 0.406250 0.798438 0.416667 0.806250 0.422917 0.809375 0.425000 0.814063 0.427083 0.820312 0.429167 0.831250 0.431250 0.846875 0.431250 0.856250 0.429167 0.867188 0.425000 0.876563 0.418750 0.889062 0.400000 0.892188 0.393750 0.892188 0.389583 0.898438 0.381250 0.903125 0.379167 0.907813 0.375000 0.912500 0.368750 0.915625 0.362500 0.917188 0.358333 0.918750 0.354167 0.920312 0.345833 0.921875 0.335417 0.921875 0.310417 0.920312 0.293750 0.918750 0.285417 0.917188 0.279167 0.912500 0.266667 0.909375 0.260417 0.903125 0.252083 0.896875 0.245833 0.892188 0.241667 0.887500 0.237500 0.878125 0.233333 0.875000 0.229167 0.879687 0.225000 0.882812 0.222917 0.890625 0.220833 0.903125 0.218750 0.909375 0.216667 0.912500 0.214583 0.907813 0.214583 0.906250 0.212500 0.898438 0.212500
24 0.493750 0.016667 0.492188 0.018750 0.484375 0.018750 0.459375 0.025000 0.451562 0.029167 0.443750 0.029167 0.429688 0.033333 0.415625 0.039583 0.400000 0.050000 0.382812 0.047917 0.365625 0.050000 0.348438 0.052083 0.332813 0.054167 0.323437 0.058333 0.303125 0.060417 0.293750 0.064583 0.264062 0.070833 0.242188 0.075000 0.210938 0.079167 0.200000 0.081250 0.192188 0.085417 0.184375 0.085417 0.162500 0.093750 0.146875 0.093750 0.114062 0.091667 0.106250 0.093750 0.103125 0.095833 0.101562 0.100000 0.103125 0.116667 0.106250 0.127083 0.107813 0.152083 0.110937 0.175000 0.112500 0.185417 0.114062 0.195833 0.118750 0.214583 0.126562 0.262500 0.128125 0.281250 0.129688 0.291667 0.131250 0.297917 0.132812 0.304167 0.134375 0.308333 0.146875 0.310417 0.148438 0.308333 0.151562 0.308333 0.153125 0.304167 0.154688 0.300000 0.157812 0.287500 0.162500 0.275000 0.167187 0.266667 0.176563 0.254167 0.184375 0.245833 0.193750 0.239583 0.207813 0.233333 0.218750 0.231250 0.228125 0.231250 0.239063 0.233333 0.243750 0.235417 0.248438 0.237500 0.257812 0.243750 0.262500 0.247917 0.279687 0.270833 0.282813 0.272917 0.295312 0.272917 0.306250 0.270833 0.312500 0.268750 0.317188 0.266667 0.321875 0.264583 0.325000 0.262500 0.329688 0.258333 0.339062 0.247917 0.342187 0.245833 0.350000 0.245833 0.360938 0.258333 0.371875 0.258333 0.373437 0.256250 0.400000 0.254167 0.434375 0.245833 0.457813 0.241667 0.481250 0.237500 0.493750 0.235417 0.506250 0.235417 0.518750 0.233333 0.526563 0.229167 0.528125 0.225000 0.528125 0.214583 0.525000 0.204167 0.517188 0.204167 0.514062 0.200000 0.512500 0.193750 0.512500 0.189583 0.514062 0.187500 0.514062 0.181250 0.515625 0.175000 0.518750 0.170833 0.518750 0.154167 0.515625 0.139583 0.515625 0.125000 0.510938 0.102083 0.509375 0.077083 0.504687 0.052083 0.504687 0.039583 0.503125 0.029167 0.501563 0.020833 0.500000 0.016667 0.493750 0.016667
3 0.793750 0.443750 0.785937 0.447917 0.776563 0.454167 0.737500 0.470833 0.725000 0.479167 0.720313 0.481250 0.700000 0.489583 0.678125 0.495833 0.673438 0.500000 0.668750 0.502083 0.656250 0.506250 0.645312 0.508333 0.634375 0.512500 0.623437 0.516667 0.618750 0.520833 0.601562 0.527083 0.582812 0.533333 0.573438 0.533333 0.570312 0.531250 0.567187 0.527083 0.564063 0.525000 0.557813 0.522917 0.551562 0.522917 0.543750 0.525000 0.526563 0.531250 0.515625 0.537500 0.509375 0.539583 0.503125 0.539583 0.475000 0.550000 0.470313 0.552083 0.465625 0.554167 0.457813 0.564583 0.460938 0.568750 0.460938 0.579167 0.464062 0.585417 0.467187 0.589583 0.475000 0.597917 0.481250 0.602083 0.496875 0.600000 0.507812 0.597917 0.517188 0.595833 0.525000 0.593750 0.550000 0.585417 0.554688 0.583333 0.557813 0.581250 0.560937 0.579167 0.565625 0.575000 0.573438 0.564583 0.576562 0.554167 0.579688 0.550000 0.584375 0.545833 0.589063 0.543750 0.600000 0.541667 0.610938 0.535417 0.617188 0.533333 0.643750 0.527083 0.650000 0.522917 0.656250 0.522917 0.662500 0.518750 0.668750 0.516667 0.689063 0.512500 0.695312 0.508333 0.701562 0.506250 0.715625 0.502083 0.737500 0.495833 0.745313 0.493750 0.753125 0.491667 0.762500 0.489583 0.781250 0.487500 0.790625 0.485417 0.796875 0.483333 0.803125 0.481250 0.807813 0.479167 0.810937 0.475000 0.809375 0.464583 0.804688 0.452083 0.798438 0.443750 0.793750 0.443750
5 0.734375 0.412500 0.729688 0.414583 0.717187 0.422917 0.700000 0.431250 0.690625 0.433333 0.685937 0.435417 0.668750 0.445833 0.651563 0.454167 0.642188 0.456250 0.628125 0.464583 0.614062 0.468750 0.585938 0.483333 0.565625 0.483333 0.554688 0.479167 0.543750 0.477083 0.540625 0.477083 0.532813 0.479167 0.528125 0.481250 0.520312 0.485417 0.509375 0.491667 0.506250 0.493750 0.503125 0.495833 0.490625 0.506250 0.479687 0.516667 0.473438 0.522917 0.456250 0.543750 0.454688 0.547917 0.456250 0.552083 0.464062 0.552083 0.482812 0.545833 0.489063 0.541667 0.514062 0.535417 0.525000 0.531250 0.546875 0.522917 0.567187 0.514583 0.571875 0.512500 0.576562 0.508333 0.590625 0.504167 0.604688 0.495833 0.609375 0.493750 0.614062 0.493750 0.623437 0.487500 0.685937 0.462500 0.690625 0.460417 0.700000 0.454167 0.729688 0.443750 0.737500 0.439583 0.742188 0.437500 0.748437 0.431250 0.750000 0.429167 0.751563 0.425000 0.750000 0.412500 0.734375 0.412500
0 0.493750 0.712500 0.487500 0.720833 0.484375 0.727083 0.484375 0.731250 0.482812 0.735417 0.475000 0.747917 0.470313 0.758333 0.465625 0.768750 0.464062 0.772917 0.462500 0.777083 0.456250 0.797917 0.459375 0.802083 0.462500 0.804167 0.471875 0.806250 0.490625 0.806250 0.498437 0.804167 0.503125 0.797917 0.503125 0.768750 0.501563 0.745833 0.500000 0.737500 0.496875 0.731250 0.495312 0.725000 0.493750 0.712500
12 0.215625 0.235417 0.206250 0.237500 0.201563 0.239583 0.196875 0.241667 0.187500 0.247917 0.182812 0.252083 0.167187 0.272917 0.164062 0.279167 0.160938 0.285417 0.157812 0.295833 0.156250 0.302083 0.154688 0.308333 0.153125 0.318750 0.153125 0.341667 0.154688 0.354167 0.156250 0.360417 0.157812 0.366667 0.159375 0.370833 0.160938 0.375000 0.164062 0.381250 0.168750 0.389583 0.176563 0.400000 0.181250 0.404167 0.185938 0.408333 0.192188 0.410417 0.198437 0.410417 0.204687 0.412500 0.210938 0.416667 0.217188 0.418750 0.231250 0.418750 0.240625 0.412500 0.245312 0.410417 0.254688 0.410417 0.270313 0.414583 0.279687 0.414583 0.285938 0.412500 0.290625 0.410417 0.293750 0.408333 0.296875 0.406250 0.303125 0.400000 0.307812 0.391667 0.312500 0.379167 0.314063 0.372917 0.314063 0.362500 0.312500 0.358333 0.295312 0.333333 0.292187 0.327083 0.290625 0.322917 0.290625 0.318750 0.293750 0.314583 0.293750 0.308333 0.292187 0.304167 0.287500 0.297917 0.285938 0.293750 0.285938 0.289583 0.284375 0.285417 0.282813 0.281250 0.276562 0.270833 0.262500 0.252083 0.257812 0.247917 0.253125 0.243750 0.245312 0.239583 0.240625 0.237500 0.232813 0.235417 0.215625 0.235417
