0 0.501563 0.816667 0.493750 0.825000 0.484375 0.839583 0.487500 0.845833 0.492188 0.856250 0.493750 0.860417 0.493750 0.864583 0.495312 0.868750 0.496875 0.872917 0.504687 0.885417 0.514062 0.897917 0.517188 0.900000 0.521875 0.900000 0.525000 0.895833 0.526563 0.889583 0.528125 0.881250 0.528125 0.860417 0.525000 0.839583 0.525000 0.822917 0.512500 0.822917 0.506250 0.816667 0.501563 0.816667
3 0.842187 0.339583 0.839063 0.343750 0.835938 0.352083 0.831250 0.364583 0.825000 0.387500 0.818750 0.422917 0.817187 0.433333 0.815625 0.445833 0.815625 0.468750 0.817187 0.477083 0.818750 0.481250 0.820312 0.485417 0.829688 0.497917 0.831250 0.502083 0.832812 0.506250 0.832812 0.554167 0.829688 0.572917 0.829688 0.591667 0.826562 0.608333 0.825000 0.647917 0.823438 0.662500 0.821875 0.677083 0.818750 0.704167 0.815625 0.731250 0.814063 0.743750 0.809375 0.766667 0.806250 0.797917 0.806250 0.812500 0.809375 0.816667 0.820312 0.822917 0.825000 0.825000 0.837500 0.822917 0.839063 0.818750 0.839063 0.797917 0.835938 0.762500 0.835938 0.714583 0.837500 0.675000 0.839063 0.641667 0.843750 0.585417 0.843750 0.541667 0.845313 0.504167 0.846875 0.500000 0.853125 0.491667 0.854688 0.491667 0.859375 0.485417 0.860938 0.481250 0.862500 0.475000 0.864062 0.462500 0.865625 0.445833 0.867188 0.429167 0.868750 0.404167 0.868750 0.350000 0.867188 0.345833 0.862500 0.339583 0.859375 0.339583 0.856250 0.343750 0.853125 0.339583 0.845313 0.341667 0.842187 0.339583
0 0.634375 0.666667 0.625000 0.670833 0.614062 0.677083 0.609375 0.681250 0.604688 0.685417 0.598437 0.691667 0.596875 0.693750 0.592187 0.700000 0.587500 0.708333 0.585938 0.714583 0.582812 0.727083 0.581250 0.735417 0.581250 0.743750 0.582812 0.752083 0.596875 0.770833 0.600000 0.772917 0.603125 0.775000 0.607812 0.777083 0.628125 0.777083 0.634375 0.772917 0.637500 0.770833 0.639062 0.768750 0.640625 0.764583 0.642188 0.758333 0.643750 0.750000 0.645312 0.739583 0.648438 0.712500 0.650000 0.697917 0.650000 0.683333 0.646875 0.675000 0.643750 0.670833 0.637500 0.666667 0.634375 0.666667
0 0.518750 0.660417 0.514062 0.666667 0.510938 0.672917 0.507812 0.679167 0.506250 0.683333 0.506250 0.697917 0.509375 0.708333 0.512500 0.712500 0.517188 0.716667 0.520312 0.718750 0.528125 0.722917 0.539062 0.725000 0.543750 0.729167 0.548438 0.729167 0.556250 0.733333 0.567187 0.741667 0.571875 0.741667 0.575000 0.739583 0.578125 0.737500 0.581250 0.729167 0.584375 0.712500 0.585938 0.708333 0.592187 0.700000 0.595313 0.693750 0.596875 0.689583 0.595313 0.681250 0.593750 0.677083 0.592187 0.672917 0.589063 0.666667 0.585938 0.662500 0.545312 0.660417 0.518750 0.660417
0 0.481250 0.777083 0.478125 0.781250 0.478125 0.810417 0.479687 0.820833 0.481250 0.829167 0.482812 0.833333 0.485938 0.835417 0.489063 0.831250 0.495312 0.820833 0.501563 0.814583 0.506250 0.814583 0.510938 0.820833 0.520312 0.820833 0.525000 0.825000 0.525000 0.806250 0.523438 0.802083 0.521875 0.797917 0.517188 0.791667 0.507812 0.785417 0.496875 0.779167 0.492188 0.777083 0.481250 0.777083
1 0.170313 0.770833 0.167187 0.775000 0.165625 0.779167 0.164062 0.785417 0.162500 0.793750 0.160938 0.804167 0.160938 0.816667 0.159375 0.822917 0.156250 0.827083 0.154688 0.833333 0.153125 0.841667 0.151562 0.852083 0.150000 0.864583 0.150000 0.883333 0.164062 0.883333 0.173437 0.870833 0.178125 0.866667 0.185938 0.866667 0.193750 0.870833 0.203125 0.872917 0.212500 0.875000 0.225000 0.877083 0.253125 0.877083 0.264062 0.879167 0.273438 0.881250 0.290625 0.885417 0.298438 0.887500 0.304688 0.891667 0.310937 0.893750 0.323437 0.895833 0.334375 0.895833 0.343750 0.897917 0.353125 0.900000 0.360938 0.902083 0.387500 0.914583 0.393750 0.916667 0.406250 0.912500 0.403125 0.908333 0.401562 0.902083 0.407813 0.893750 0.410938 0.887500 0.415625 0.875000 0.418750 0.864583 0.420312 0.858333 0.420312 0.852083 0.425000 0.839583 0.426563 0.831250 0.426563 0.825000 0.423438 0.820833 0.420312 0.818750 0.403125 0.820833 0.392188 0.816667 0.379688 0.816667 0.368750 0.814583 0.357812 0.810417 0.301563 0.800000 0.278125 0.795833 0.264062 0.795833 0.254688 0.793750 0.221875 0.783333 0.212500 0.781250 0.200000 0.781250 0.185938 0.779167 0.181250 0.777083 0.173437 0.770833 0.170313 0.770833
4 0.762500 0.379167 0.754687 0.381250 0.746875 0.385417 0.740625 0.391667 0.739062 0.393750 0.728125 0.410417 0.726562 0.414583 0.725000 0.418750 0.720313 0.437500 0.718750 0.445833 0.717187 0.454167 0.715625 0.470833 0.717187 0.489583 0.718750 0.495833 0.720313 0.502083 0.721875 0.506250 0.725000 0.512500 0.729688 0.520833 0.742188 0.537500 0.745313 0.543750 0.746875 0.550000 0.746875 0.587500 0.743750 0.597917 0.742188 0.618750 0.739062 0.654167 0.737500 0.675000 0.735938 0.695833 0.734375 0.729167 0.732812 0.770833 0.732812 0.820833 0.734375 0.850000 0.735938 0.868750 0.737500 0.875000 0.740625 0.879167 0.754687 0.877083 0.756250 0.872917 0.757812 0.850000 0.759375 0.816667 0.760938 0.764583 0.759375 0.622917 0.759375 0.547917 0.762500 0.537500 0.775000 0.520833 0.782813 0.506250 0.789062 0.489583 0.790625 0.481250 0.793750 0.464583 0.793750 0.422917 0.790625 0.408333 0.789062 0.402083 0.785937 0.395833 0.778125 0.385417 0.773438 0.381250 0.765625 0.379167 0.762500 0.379167
0 0.871875 0.156250 0.871875 0.162500 0.873437 0.168750 0.878125 0.179167 0.879687 0.187500 0.879687 0.216667 0.878125 0.225000 0.875000 0.235417 0.871875 0.243750 0.867188 0.256250 0.860938 0.264583 0.859375 0.268750 0.859375 0.272917 0.860938 0.277083 0.862500 0.281250 0.867188 0.289583 0.871875 0.302083 0.873437 0.312500 0.873437 0.352083 0.875000 0.356250 0.881250 0.358333 0.885938 0.356250 0.892188 0.352083 0.895312 0.350000 0.896875 0.347917 0.898438 0.343750 0.898438 0.310417 0.900000 0.289583 0.906250 0.260417 0.907813 0.243750 0.907813 0.235417 0.906250 0.220833 0.904687 0.212500 0.903125 0.204167 0.901563 0.200000 0.898438 0.193750 0.887500 0.175000 0.876563 0.160417 0.875000 0.160417 0.871875 0.156250
0 0.750000 0.104167 0.732812 0.106250 0.714063 0.108333 0.701562 0.110417 0.692187 0.112500 0.684375 0.114583 0.676562 0.116667 0.670312 0.118750 0.664062 0.120833 0.639062 0.131250 0.634375 0.133333 0.626563 0.137500 0.617188 0.143750 0.601562 0.154167 0.596875 0.166667 0.600000 0.168750 0.603125 0.168750 0.606250 0.170833 0.610938 0.175000 0.615625 0.179167 0.625000 0.191667 0.628125 0.197917 0.631250 0.204167 0.632812 0.210417 0.635938 0.214583 0.643750 0.214583 0.653125 0.212500 0.667188 0.208333 0.700000 0.195833 0.707812 0.193750 0.717187 0.191667 0.726562 0.189583 0.732812 0.191667 0.735938 0.189583 0.742188 0.181250 0.751563 0.164583 0.753125 0.162500 0.759375 0.154167 0.765625 0.147917 0.771875 0.141667 0.776563 0.137500 0.789062 0.129167 0.793750 0.127083 0.800000 0.125000 0.807813 0.122917 0.832812 0.120833 0.829688 0.120833 0.826562 0.116667 0.821875 0.114583 0.812500 0.110417 0.806250 0.108333 0.795312 0.106250 0.775000 0.104167 0.750000 0.104167
0 0.517188 0.718750 0.515625 0.729167 0.518750 0.737500 0.525000 0.754167 0.531250 0.768750 0.540625 0.781250 0.545312 0.783333 0.560937 0.800000 0.565625 0.802083 0.570312 0.808333 0.575000 0.812500 0.584375 0.810417 0.584375 0.808333 0.587500 0.804167 0.589063 0.800000 0.590625 0.795833 0.592187 0.787500 0.593750 0.772917 0.592187 0.768750 0.589063 0.764583 0.589063 0.762500 0.587500 0.760417 0.581250 0.754167 0.568750 0.743750 0.556250 0.735417 0.548438 0.731250 0.543750 0.731250 0.539062 0.727083 0.532813 0.727083 0.517188 0.718750
16 0.615625 0.358333 0.615625 0.362500 0.610938 0.368750 0.609375 0.372917 0.609375 0.383333 0.610938 0.389583 0.612500 0.393750 0.614062 0.397917 0.617188 0.404167 0.625000 0.414583 0.623437 0.420833 0.618750 0.420833 0.609375 0.418750 0.576562 0.412500 0.565625 0.410417 0.559375 0.406250 0.557813 0.402083 0.557813 0.391667 0.556250 0.387500 0.537500 0.385417 0.531250 0.385417 0.529687 0.389583 0.528125 0.397917 0.523438 0.404167 0.523438 0.408333 0.525000 0.412500 0.528125 0.416667 0.528125 0.429167 0.532813 0.431250 0.537500 0.429167 0.545312 0.431250 0.556250 0.437500 0.543750 0.441667 0.534375 0.441667 0.525000 0.443750 0.521875 0.447917 0.521875 0.452083 0.523438 0.462500 0.525000 0.466667 0.529687 0.472917 0.532813 0.472917 0.542188 0.472917 0.539062 0.477083 0.534375 0.479167 0.523438 0.479167 0.512500 0.483333 0.512500 0.493750 0.510938 0.495833 0.512500 0.506250 0.526563 0.506250 0.553125 0.504167 0.564063 0.506250 0.570312 0.508333 0.581250 0.512500 0.601562 0.522917 0.606250 0.525000 0.609375 0.522917 0.610938 0.518750 0.610938 0.512500 0.612500 0.508333 0.617188 0.502083 0.625000 0.495833 0.631250 0.495833 0.634375 0.500000 0.639062 0.506250 0.642188 0.508333 0.648438 0.510417 0.653125 0.510417 0.657813 0.506250 0.668750 0.491667 0.673438 0.479167 0.675000 0.477083 0.678125 0.475000 0.682813 0.472917 0.687500 0.466667 0.692187 0.454167 0.693750 0.445833 0.695312 0.437500 0.695312 0.414583 0.693750 0.408333 0.692187 0.404167 0.690625 0.400000 0.689063 0.397917 0.685937 0.395833 0.682813 0.393750 0.671875 0.393750 0.667188 0.395833 0.660937 0.404167 0.660937 0.408333 0.659375 0.412500 0.656250 0.416667 0.651563 0.410417 0.651563 0.408333 0.645312 0.400000 0.643750 0.400000 0.635938 0.389583 0.634375 0.385417 0.632812 0.381250 0.632812 0.372917 0.631250 0.366667 0.628125 0.362500 0.628125 0.360417 0.626563 0.358333 0.623437 0.356250 0.615625 0.358333
26 0.812500 0.125000 0.801562 0.127083 0.790625 0.131250 0.785937 0.133333 0.782813 0.137500 0.776563 0.139583 0.773438 0.141667 0.768750 0.145833 0.764062 0.150000 0.746875 0.172917 0.743750 0.181250 0.729688 0.200000 0.714063 0.222917 0.710938 0.229167 0.704688 0.243750 0.700000 0.256250 0.698438 0.262500 0.698438 0.281250 0.701562 0.295833 0.703125 0.302083 0.704688 0.306250 0.706250 0.310417 0.709375 0.316667 0.717187 0.327083 0.720313 0.329167 0.725000 0.329167 0.729688 0.333333 0.739062 0.335417 0.765625 0.335417 0.770312 0.333333 0.778125 0.329167 0.792188 0.316667 0.795312 0.314583 0.798438 0.312500 0.814063 0.306250 0.817187 0.304167 0.823438 0.297917 0.832812 0.295833 0.835938 0.293750 0.840625 0.289583 0.860938 0.262500 0.864062 0.256250 0.867188 0.250000 0.870313 0.241667 0.875000 0.229167 0.876563 0.222917 0.878125 0.210417 0.878125 0.193750 0.876563 0.181250 0.873437 0.172917 0.868750 0.160417 0.865625 0.154167 0.854688 0.139583 0.850000 0.135417 0.840625 0.129167 0.834375 0.127083 0.826562 0.125000 0.812500 0.125000
12 0.442188 0.362500 0.432812 0.364583 0.426563 0.366667 0.418750 0.370833 0.414062 0.375000 0.403125 0.385417 0.395313 0.397917 0.392188 0.404167 0.390625 0.408333 0.389062 0.412500 0.387500 0.418750 0.385937 0.429167 0.385937 0.456250 0.387500 0.464583 0.389062 0.470833 0.390625 0.477083 0.392188 0.481250 0.395313 0.487500 0.403125 0.502083 0.409375 0.508333 0.414062 0.512500 0.425000 0.518750 0.429688 0.520833 0.434375 0.522917 0.454688 0.522917 0.460938 0.520833 0.467187 0.518750 0.471875 0.516667 0.481250 0.510417 0.485938 0.506250 0.493750 0.495833 0.496875 0.489583 0.500000 0.483333 0.501563 0.479167 0.503125 0.475000 0.504687 0.466667 0.506250 0.452083 0.506250 0.439583 0.504687 0.425000 0.503125 0.416667 0.501563 0.410417 0.500000 0.406250 0.496875 0.400000 0.493750 0.393750 0.489063 0.385417 0.482812 0.379167 0.478125 0.375000 0.473438 0.370833 0.465625 0.366667 0.460938 0.364583 0.451562 0.362500 0.442188 0.362500
18 0.568750 0.164583 0.562500 0.166667 0.557813 0.168750 0.545312 0.177083 0.539062 0.183333 0.531250 0.193750 0.528125 0.200000 0.525000 0.208333 0.521875 0.220833 0.517188 0.227083 0.517188 0.283333 0.518750 0.297917 0.520312 0.304167 0.521875 0.308333 0.525000 0.314583 0.531250 0.325000 0.539062 0.335417 0.548438 0.341667 0.553125 0.343750 0.557813 0.345833 0.575000 0.345833 0.589063 0.339583 0.592187 0.337500 0.595313 0.335417 0.601562 0.329167 0.612500 0.314583 0.617188 0.306250 0.621875 0.295833 0.629687 0.277083 0.631250 0.270833 0.632812 0.264583 0.634375 0.256250 0.634375 0.225000 0.632812 0.216667 0.629687 0.206250 0.628125 0.202083 0.623437 0.193750 0.612500 0.179167 0.607812 0.175000 0.604688 0.172917 0.601562 0.170833 0.587500 0.164583 0.568750 0.164583
6 0.696875 0.410417 0.696875 0.443750 0.695312 0.452083 0.693750 0.458333 0.690625 0.464583 0.689063 0.470833 0.689063 0.489583 0.690625 0.527083 0.692187 0.558333 0.693750 0.585417 0.698438 0.627083 0.700000 0.652083 0.700000 0.695833 0.701562 0.729167 0.703125 0.756250 0.704688 0.783333 0.706250 0.808333 0.707812 0.831250 0.709375 0.852083 0.710938 0.854167 0.710938 0.860417 0.714063 0.862500 0.720313 0.862500 0.721875 0.860417 0.729688 0.860417 0.732812 0.854167 0.731250 0.741667 0.732812 0.712500 0.734375 0.687500 0.735938 0.664583 0.737500 0.645833 0.740625 0.627083 0.742188 0.608333 0.743750 0.589583 0.743750 0.547917 0.742188 0.543750 0.740625 0.539583 0.728125 0.522917 0.725000 0.516667 0.721875 0.510417 0.717187 0.497917 0.715625 0.491667 0.714063 0.481250 0.714063 0.458333 0.715625 0.447917 0.717187 0.439583 0.720313 0.427083 0.725000 0.414583 0.726562 0.408333 0.723437 0.408333 0.696875 0.410417
6 0.806250 0.397917 0.792188 0.402083 0.792188 0.408333 0.793750 0.416667 0.796875 0.429167 0.796875 0.460417 0.795312 0.470833 0.793750 0.479167 0.792188 0.485417 0.790625 0.491667 0.785937 0.504167 0.782813 0.510417 0.779687 0.516667 0.771875 0.527083 0.765625 0.537500 0.764062 0.541667 0.762500 0.545833 0.764062 0.712500 0.764062 0.718750 0.762500 0.802083 0.759375 0.843750 0.759375 0.854167 0.762500 0.858333 0.767188 0.858333 0.810937 0.854167 0.828125 0.854167 0.867188 0.856250 0.873437 0.854167 0.876563 0.850000 0.876563 0.785417 0.875000 0.764583 0.871875 0.743750 0.870313 0.718750 0.868750 0.695833 0.867188 0.662500 0.865625 0.631250 0.864062 0.595833 0.862500 0.560417 0.862500 0.514583 0.860938 0.512500 0.860938 0.491667 0.856250 0.491667 0.848437 0.502083 0.846875 0.506250 0.846875 0.566667 0.840625 0.650000 0.839063 0.683333 0.840625 0.785417 0.840625 0.822917 0.837500 0.827083 0.821875 0.827083 0.810937 0.820833 0.807813 0.816667 0.806250 0.816667 0.804688 0.791667 0.806250 0.777083 0.807813 0.762500 0.809375 0.750000 0.814063 0.725000 0.815625 0.712500 0.820312 0.672917 0.821875 0.658333 0.823438 0.643750 0.825000 0.602083 0.829688 0.562500 0.831250 0.539583 0.831250 0.512500 0.829688 0.504167 0.828125 0.500000 0.818750 0.487500 0.817187 0.483333 0.815625 0.479167 0.814063 0.472917 0.814063 0.437500 0.815625 0.427083 0.820312 0.408333 0.820312 0.397917 0.806250 0.397917
0 0.226562 0.135417 0.218750 0.137500 0.203125 0.147917 0.193750 0.152083 0.190625 0.152083 0.189062 0.160417 0.181250 0.170833 0.178125 0.177083 0.176563 0.181250 0.175000 0.185417 0.175000 0.193750 0.173437 0.200000 0.167187 0.208333 0.164062 0.210417 0.157812 0.212500 0.154688 0.214583 0.151562 0.218750 0.146875 0.233333 0.145313 0.239583 0.143750 0.256250 0.140625 0.264583 0.139063 0.272917 0.137500 0.285417 0.135937 0.300000 0.134375 0.325000 0.134375 0.335417 0.135937 0.343750 0.140625 0.356250 0.148438 0.366667 0.153125 0.370833 0.157812 0.375000 0.160938 0.377083 0.164062 0.379167 0.168750 0.381250 0.173437 0.383333 0.179688 0.385417 0.193750 0.387500 0.200000 0.387500 0.207813 0.381250 0.210938 0.377083 0.210938 0.375000 0.214062 0.370833 0.240625 0.337500 0.256250 0.314583 0.267188 0.295833 0.282813 0.275000 0.295312 0.256250 0.301563 0.243750 0.315625 0.225000 0.318750 0.218750 0.320312 0.214583 0.318750 0.208333 0.315625 0.200000 0.315625 0.189583 0.314063 0.183333 0.310937 0.179167 0.309375 0.179167 0.304688 0.172917 0.293750 0.162500 0.289062 0.158333 0.285938 0.156250 0.279687 0.154167 0.276562 0.152083 0.270313 0.145833 0.267188 0.143750 0.264062 0.141667 0.256250 0.137500 0.246875 0.135417 0.226562 0.135417
0 0.510938 0.562500 0.503125 0.564583 0.492188 0.568750 0.482812 0.575000 0.478125 0.579167 0.473438 0.585417 0.457813 0.610417 0.439063 0.635417 0.432812 0.645833 0.431250 0.652083 0.426563 0.658333 0.423438 0.668750 0.417187 0.697917 0.415625 0.708333 0.415625 0.727083 0.417187 0.731250 0.421875 0.737500 0.425000 0.739583 0.428125 0.741667 0.442188 0.741667 0.445312 0.739583 0.457813 0.722917 0.462500 0.714583 0.465625 0.704167 0.470313 0.697917 0.473438 0.687500 0.476562 0.681250 0.479687 0.675000 0.484375 0.666667 0.489063 0.658333 0.510938 0.629167 0.523438 0.616667 0.526563 0.612500 0.534375 0.600000 0.535937 0.595833 0.537500 0.585417 0.537500 0.581250 0.535937 0.575000 0.529687 0.566667 0.525000 0.564583 0.518750 0.562500 0.510938 0.562500
0 0.242188 0.508333 0.231250 0.510417 0.228125 0.512500 0.225000 0.514583 0.215625 0.525000 0.210938 0.529167 0.200000 0.535417 0.195312 0.541667 0.192188 0.547917 0.182812 0.572917 0.176563 0.583333 0.175000 0.587500 0.173437 0.616667 0.173437 0.622917 0.176563 0.629167 0.176563 0.639583 0.178125 0.643750 0.182812 0.650000 0.184375 0.660417 0.192188 0.677083 0.200000 0.689583 0.209375 0.702083 0.217188 0.710417 0.231250 0.718750 0.235937 0.720833 0.243750 0.722917 0.253125 0.722917 0.271875 0.720833 0.279687 0.718750 0.287500 0.714583 0.290625 0.712500 0.293750 0.710417 0.298438 0.704167 0.306250 0.700000 0.310937 0.695833 0.315625 0.689583 0.323437 0.677083 0.326562 0.666667 0.332813 0.656250 0.335938 0.647917 0.339062 0.641667 0.340625 0.633333 0.340625 0.595833 0.339062 0.583333 0.337500 0.575000 0.335938 0.568750 0.334375 0.564583 0.328125 0.550000 0.321875 0.537500 0.318750 0.533333 0.312500 0.525000 0.304688 0.522917 0.296875 0.516667 0.292187 0.514583 0.285938 0.512500 0.279687 0.510417 0.267188 0.508333 0.242188 0.508333
0 0.490625 0.683333 0.484375 0.689583 0.476562 0.697917 0.464062 0.714583 0.456250 0.729167 0.434375 0.756250 0.431250 0.760417 0.431250 0.772917 0.432812 0.777083 0.439063 0.785417 0.443750 0.785417 0.450000 0.781250 0.459375 0.772917 0.467187 0.772917 0.473438 0.777083 0.478125 0.777083 0.495312 0.775000 0.498437 0.770833 0.500000 0.764583 0.501563 0.756250 0.501563 0.745833 0.504687 0.735417 0.504687 0.722917 0.506250 0.706250 0.506250 0.702083 0.503125 0.695833 0.493750 0.683333 0.490625 0.683333
0 0.460938 0.775000 0.453125 0.779167 0.446875 0.785417 0.440625 0.787500 0.437500 0.791667 0.435937 0.797917 0.437500 0.802083 0.440625 0.806250 0.442188 0.812500 0.451562 0.827083 0.453125 0.833333 0.456250 0.839583 0.464062 0.850000 0.465625 0.856250 0.467187 0.858333 0.470313 0.860417 0.473438 0.862500 0.490625 0.868750 0.493750 0.870833 0.493750 0.866667 0.489063 0.854167 0.484375 0.847917 0.482812 0.841667 0.479687 0.831250 0.478125 0.825000 0.476562 0.818750 0.476562 0.800000 0.475000 0.783333 0.470313 0.777083 0.467187 0.775000 0.460938 0.775000
0 0.526563 0.770833 0.523438 0.772917 0.520312 0.775000 0.517188 0.779167 0.512500 0.781250 0.512500 0.787500 0.515625 0.789583 0.520312 0.791667 0.523438 0.795833 0.525000 0.800000 0.526563 0.804167 0.526563 0.820833 0.528125 0.825000 0.537500 0.835417 0.542188 0.839583 0.545312 0.841667 0.550000 0.841667 0.551562 0.839583 0.565625 0.837500 0.571875 0.835417 0.578125 0.833333 0.589063 0.829167 0.592187 0.827083 0.598437 0.818750 0.600000 0.814583 0.600000 0.797917 0.598437 0.791667 0.595313 0.785417 0.592187 0.789583 0.590625 0.800000 0.587500 0.806250 0.581250 0.814583 0.576562 0.814583 0.573438 0.812500 0.570312 0.810417 0.550000 0.789583 0.540625 0.783333 0.532813 0.772917 0.529687 0.770833 0.526563 0.770833
