26 0.282813 0.277083 0.276562 0.281250 0.262500 0.281250 0.257812 0.283333 0.251563 0.289583 0.248438 0.291667 0.242188 0.293750 0.237500 0.293750 0.232813 0.291667 0.228125 0.285417 0.225000 0.283333 0.212500 0.283333 0.207813 0.285417 0.204687 0.289583 0.201563 0.291667 0.198437 0.291667 0.192188 0.287500 0.179688 0.287500 0.171875 0.289583 0.165625 0.293750 0.162500 0.297917 0.162500 0.300000 0.157812 0.306250 0.154688 0.308333 0.151562 0.308333 0.142187 0.306250 0.139063 0.308333 0.135937 0.310417 0.128125 0.320833 0.126562 0.325000 0.123438 0.335417 0.121875 0.341667 0.121875 0.347917 0.131250 0.360417 0.135937 0.364583 0.150000 0.362500 0.157812 0.375000 0.162500 0.381250 0.165625 0.381250 0.170313 0.387500 0.170313 0.393750 0.176563 0.395833 0.182812 0.404167 0.190625 0.408333 0.195312 0.414583 0.198437 0.416667 0.201563 0.418750 0.220312 0.427083 0.228125 0.427083 0.240625 0.443750 0.250000 0.450000 0.257812 0.450000 0.264062 0.443750 0.267188 0.439583 0.273438 0.429167 0.276562 0.422917 0.278125 0.418750 0.279687 0.412500 0.279687 0.400000 0.275000 0.393750 0.270313 0.389583 0.265625 0.385417 0.262500 0.383333 0.256250 0.381250 0.253125 0.379167 0.253125 0.372917 0.253125 0.368750 0.257812 0.362500 0.260937 0.360417 0.264062 0.358333 0.267188 0.358333 0.270313 0.356250 0.278125 0.347917 0.281250 0.347917 0.284375 0.345833 0.292187 0.335417 0.295312 0.329167 0.296875 0.325000 0.296875 0.295833 0.295312 0.285417 0.293750 0.281250 0.290625 0.279167 0.285938 0.277083 0.282813 0.277083
12 0.200000 0.468750 0.193750 0.470833 0.190625 0.475000 0.187500 0.475000 0.181250 0.481250 0.170313 0.495833 0.164062 0.508333 0.160938 0.514583 0.156250 0.529167 0.154688 0.535417 0.153125 0.541667 0.153125 0.566667 0.154688 0.570833 0.160938 0.579167 0.167187 0.585417 0.178125 0.595833 0.187500 0.602083 0.200000 0.616667 0.206250 0.622917 0.210938 0.627083 0.220312 0.633333 0.225000 0.637500 0.234375 0.650000 0.235937 0.654167 0.237500 0.660417 0.237500 0.666667 0.239063 0.670833 0.240625 0.672917 0.243750 0.675000 0.246875 0.677083 0.256250 0.677083 0.259375 0.675000 0.262500 0.672917 0.268750 0.666667 0.287500 0.641667 0.293750 0.629167 0.303125 0.610417 0.309375 0.595833 0.310937 0.591667 0.317188 0.572917 0.318750 0.558333 0.320312 0.537500 0.320312 0.525000 0.318750 0.518750 0.314063 0.512500 0.306250 0.512500 0.298438 0.516667 0.293750 0.516667 0.287500 0.514583 0.282813 0.512500 0.275000 0.506250 0.267188 0.504167 0.256250 0.495833 0.248438 0.491667 0.232813 0.485417 0.209375 0.470833 0.204687 0.468750 0.200000 0.468750
22 0.832812 0.412500 0.829688 0.414583 0.829688 0.435417 0.828125 0.437500 0.826562 0.470833 0.825000 0.508333 0.825000 0.583333 0.826562 0.587500 0.829688 0.589583 0.835938 0.591667 0.842187 0.593750 0.850000 0.593750 0.853125 0.591667 0.854688 0.587500 0.854688 0.575000 0.860938 0.566667 0.862500 0.560417 0.862500 0.527083 0.859375 0.485417 0.857812 0.439583 0.857812 0.431250 0.859375 0.429167 0.859375 0.418750 0.857812 0.414583 0.853125 0.414583 0.851562 0.412500 0.832812 0.412500
21 0.596875 0.718750 0.589063 0.720833 0.581250 0.722917 0.575000 0.725000 0.560937 0.731250 0.553125 0.735417 0.550000 0.737500 0.546875 0.739583 0.543750 0.743750 0.539062 0.745833 0.537500 0.747917 0.537500 0.750000 0.534375 0.754167 0.532813 0.762500 0.532813 0.772917 0.537500 0.797917 0.539062 0.804167 0.542188 0.810417 0.551562 0.822917 0.554688 0.825000 0.557813 0.827083 0.578125 0.827083 0.585938 0.825000 0.592187 0.820833 0.612500 0.816667 0.618750 0.814583 0.625000 0.812500 0.629687 0.810417 0.632812 0.808333 0.635938 0.806250 0.642188 0.797917 0.645312 0.791667 0.646875 0.787500 0.648438 0.779167 0.648438 0.766667 0.646875 0.752083 0.645312 0.743750 0.643750 0.737500 0.642188 0.733333 0.640625 0.729167 0.639062 0.727083 0.632812 0.720833 0.628125 0.718750 0.596875 0.718750
21 0.781250 0.747917 0.771875 0.750000 0.765625 0.752083 0.760938 0.754167 0.751563 0.760417 0.740625 0.762500 0.721875 0.770833 0.715625 0.775000 0.714063 0.781250 0.714063 0.795833 0.715625 0.843750 0.717187 0.852083 0.721875 0.862500 0.725000 0.868750 0.728125 0.872917 0.732812 0.877083 0.735938 0.879167 0.739062 0.881250 0.745313 0.883333 0.834375 0.883333 0.839063 0.881250 0.842187 0.879167 0.845313 0.877083 0.853125 0.866667 0.857812 0.854167 0.856250 0.775000 0.857812 0.766667 0.856250 0.756250 0.853125 0.754167 0.846875 0.754167 0.845313 0.752083 0.837500 0.750000 0.814063 0.747917 0.806250 0.750000 0.781250 0.747917
14 0.743750 0.193750 0.750000 0.195833 0.759375 0.202083 0.765625 0.206250 0.773438 0.212500 0.779687 0.218750 0.785937 0.225000 0.793750 0.233333 0.801562 0.241667 0.834375 0.285417 0.839063 0.293750 0.843750 0.302083 0.846875 0.308333 0.851562 0.316667 0.853125 0.322917 0.856250 0.331250 0.857812 0.339583 0.857812 0.350000 0.843750 0.368750 0.817187 0.400000 0.789062 0.437500 0.785937 0.439583 0.778125 0.439583 0.771875 0.445833 0.768750 0.447917 0.762500 0.447917 0.757812 0.445833 0.754687 0.443750 0.740625 0.431250 0.732812 0.422917 0.723437 0.412500 0.707812 0.393750 0.682813 0.360417 0.673438 0.345833 0.668750 0.337500 0.665625 0.331250 0.662500 0.325000 0.660937 0.318750 0.660937 0.310417 0.662500 0.306250 0.665625 0.302083 0.668750 0.293750 0.667188 0.289583 0.662500 0.270833 0.676562 0.264583 0.698438 0.241667 0.695312 0.237500 0.690625 0.239583 0.685937 0.243750 0.678125 0.254167 0.676562 0.258333 0.676562 0.264583 0.662500 0.270833 0.662500 0.250000 0.664062 0.245833 0.667188 0.239583 0.675000 0.229167 0.679688 0.225000 0.684375 0.220833 0.687500 0.218750 0.695312 0.216667 0.704688 0.218750 0.707812 0.222917 0.714063 0.220833 0.731250 0.195833 0.734375 0.193750 0.743750 0.193750
23 0.728125 0.479167 0.726562 0.483333 0.723437 0.491667 0.718750 0.506250 0.712500 0.516667 0.712500 0.520833 0.707812 0.529167 0.703125 0.535417 0.700000 0.541667 0.695312 0.552083 0.690625 0.566667 0.685937 0.572917 0.682813 0.583333 0.673438 0.600000 0.670312 0.610417 0.665625 0.616667 0.664062 0.620833 0.665625 0.625000 0.667188 0.618750 0.671875 0.612500 0.681250 0.612500 0.685937 0.616667 0.704688 0.616667 0.706250 0.614583 0.709375 0.614583 0.710938 0.610417 0.710938 0.606250 0.714063 0.595833 0.728125 0.558333 0.732812 0.543750 0.732812 0.537500 0.737500 0.529167 0.739062 0.525000 0.750000 0.491667 0.746875 0.487500 0.734375 0.479167 0.728125 0.479167
13 0.801562 0.608333 0.764062 0.614583 0.742188 0.616667 0.707812 0.616667 0.690625 0.618750 0.687500 0.618750 0.682813 0.614583 0.671875 0.614583 0.667188 0.620833 0.665625 0.627083 0.665625 0.675000 0.670312 0.706250 0.671875 0.714583 0.673438 0.722917 0.678125 0.741667 0.682813 0.758333 0.684375 0.762500 0.690625 0.775000 0.696875 0.783333 0.701562 0.785417 0.704688 0.785417 0.710938 0.781250 0.712500 0.775000 0.715625 0.770833 0.718750 0.768750 0.723437 0.766667 0.732812 0.764583 0.742188 0.758333 0.751563 0.756250 0.759375 0.750000 0.773438 0.743750 0.803125 0.731250 0.818750 0.725000 0.829688 0.722917 0.834375 0.720833 0.843750 0.714583 0.845313 0.710417 0.846875 0.706250 0.848437 0.700000 0.848437 0.670833 0.846875 0.660417 0.845313 0.652083 0.843750 0.645833 0.840625 0.635417 0.839063 0.631250 0.834375 0.620833 0.826562 0.610417 0.823438 0.608333 0.801562 0.608333
13 0.409375 0.522917 0.404687 0.525000 0.401562 0.527083 0.396875 0.533333 0.395313 0.533333 0.392188 0.537500 0.392188 0.539583 0.387500 0.543750 0.378125 0.560417 0.375000 0.564583 0.373437 0.564583 0.368750 0.570833 0.364063 0.579167 0.364063 0.583333 0.350000 0.602083 0.332813 0.620833 0.296875 0.668750 0.279687 0.689583 0.276562 0.691667 0.273438 0.693750 0.268750 0.695833 0.268750 0.702083 0.270313 0.706250 0.278125 0.716667 0.290625 0.731250 0.300000 0.741667 0.310937 0.754167 0.325000 0.768750 0.331250 0.775000 0.337500 0.781250 0.348438 0.791667 0.357812 0.800000 0.371875 0.812500 0.381250 0.818750 0.384375 0.818750 0.387500 0.820833 0.390625 0.818750 0.392188 0.814583 0.390625 0.806250 0.393750 0.797917 0.407813 0.760417 0.418750 0.737500 0.423438 0.725000 0.423438 0.720833 0.431250 0.704167 0.439063 0.683333 0.439063 0.679167 0.442188 0.672917 0.448437 0.662500 0.454688 0.645833 0.464062 0.627083 0.471875 0.616667 0.475000 0.610417 0.476562 0.606250 0.478125 0.602083 0.478125 0.589583 0.476562 0.583333 0.473438 0.577083 0.468750 0.568750 0.460938 0.558333 0.454688 0.552083 0.435937 0.535417 0.417187 0.522917 0.409375 0.522917
13 0.204687 0.627083 0.201563 0.629167 0.195312 0.637500 0.190625 0.647917 0.178125 0.664583 0.171875 0.675000 0.168750 0.683333 0.160938 0.695833 0.145313 0.718750 0.139063 0.729167 0.129688 0.747917 0.126562 0.756250 0.129688 0.756250 0.132812 0.758333 0.140625 0.766667 0.157812 0.779167 0.178125 0.791667 0.192188 0.802083 0.203125 0.812500 0.206250 0.812500 0.209375 0.816667 0.212500 0.816667 0.226562 0.827083 0.246875 0.845833 0.250000 0.847917 0.257812 0.850000 0.264062 0.847917 0.267188 0.843750 0.268750 0.843750 0.270313 0.841667 0.276562 0.831250 0.292187 0.806250 0.298438 0.795833 0.307812 0.777083 0.310937 0.770833 0.310937 0.766667 0.312500 0.762500 0.301563 0.747917 0.290625 0.737500 0.289062 0.735417 0.285938 0.729167 0.253125 0.687500 0.246875 0.681250 0.242188 0.679167 0.234375 0.668750 0.232813 0.660417 0.226562 0.650000 0.226562 0.647917 0.225000 0.645833 0.220312 0.643750 0.218750 0.641667 0.215625 0.635417 0.207813 0.627083 0.204687 0.627083
17 0.637500 0.454167 0.634375 0.456250 0.632812 0.458333 0.621875 0.475000 0.621875 0.483333 0.625000 0.487500 0.625000 0.495833 0.623437 0.500000 0.610938 0.516667 0.604688 0.529167 0.600000 0.531250 0.593750 0.539583 0.585938 0.550000 0.581250 0.558333 0.576562 0.568750 0.571875 0.575000 0.567187 0.564583 0.565625 0.558333 0.564063 0.550000 0.564063 0.541667 0.557813 0.516667 0.556250 0.512500 0.551562 0.506250 0.548438 0.508333 0.546875 0.527083 0.548438 0.533333 0.553125 0.543750 0.551562 0.564583 0.548438 0.566667 0.545312 0.566667 0.532813 0.575000 0.526563 0.583333 0.525000 0.587500 0.525000 0.595833 0.518750 0.602083 0.512500 0.600000 0.503125 0.593750 0.493750 0.591667 0.489063 0.587500 0.485938 0.583333 0.482812 0.577083 0.481250 0.570833 0.478125 0.564583 0.475000 0.562500 0.470313 0.564583 0.470313 0.568750 0.476562 0.577083 0.478125 0.581250 0.479687 0.585417 0.479687 0.591667 0.478125 0.602083 0.479687 0.610417 0.484375 0.616667 0.485938 0.620833 0.489063 0.631250 0.487500 0.660417 0.479687 0.666667 0.476562 0.670833 0.473438 0.677083 0.471875 0.683333 0.471875 0.695833 0.470313 0.700000 0.467187 0.704167 0.462500 0.708333 0.457813 0.710417 0.451562 0.718750 0.446875 0.720833 0.443750 0.725000 0.445312 0.731250 0.450000 0.731250 0.457813 0.725000 0.465625 0.716667 0.475000 0.710417 0.478125 0.710417 0.481250 0.712500 0.485938 0.718750 0.485938 0.725000 0.484375 0.731250 0.475000 0.745833 0.470313 0.756250 0.465625 0.768750 0.467187 0.779167 0.475000 0.779167 0.478125 0.783333 0.481250 0.785417 0.485938 0.785417 0.489063 0.781250 0.492188 0.775000 0.496875 0.760417 0.503125 0.752083 0.506250 0.743750 0.512500 0.733333 0.515625 0.729167 0.520312 0.727083 0.525000 0.722917 0.531250 0.714583 0.534375 0.708333 0.534375 0.706250 0.535937 0.704167 0.537500 0.704167 0.540625 0.700000 0.540625 0.695833 0.543750 0.691667 0.546875 0.691667 0.557813 0.695833 0.565625 0.695833 0.568750 0.693750 0.575000 0.685417 0.576562 0.681250 0.576562 0.664583 0.573438 0.652083 0.575000 0.647917 0.579688 0.641667 0.587500 0.637500 0.590625 0.633333 0.589063 0.616667 0.589063 0.606250 0.596875 0.593750 0.607812 0.579167 0.610938 0.572917 0.614062 0.564583 0.614062 0.560417 0.610938 0.554167 0.606250 0.552083 0.606250 0.543750 0.607812 0.539583 0.612500 0.531250 0.634375 0.502083 0.639062 0.502083 0.642188 0.506250 0.646875 0.504167 0.646875 0.502083 0.650000 0.495833 0.653125 0.491667 0.657813 0.487500 0.659375 0.487500 0.660937 0.479167 0.654687 0.470833 0.653125 0.460417 0.645312 0.460417 0.637500 0.454167
18 0.437500 0.166667 0.300000 0.168750 0.296875 0.172917 0.295312 0.183333 0.295312 0.216667 0.296875 0.272917 0.300000 0.287500 0.300000 0.325000 0.298438 0.331250 0.296875 0.335417 0.293750 0.339583 0.292187 0.343750 0.290625 0.352083 0.289062 0.379167 0.284375 0.402083 0.282813 0.420833 0.282813 0.447917 0.285938 0.452083 0.290625 0.454167 0.307812 0.454167 0.314063 0.458333 0.315625 0.464583 0.317188 0.466667 0.320312 0.468750 0.325000 0.470833 0.342187 0.470833 0.362500 0.466667 0.382812 0.464583 0.393750 0.464583 0.423438 0.468750 0.440625 0.468750 0.443750 0.466667 0.445312 0.464583 0.445312 0.462500 0.448437 0.458333 0.453125 0.456250 0.460938 0.454167 0.471875 0.454167 0.478125 0.452083 0.481250 0.450000 0.484375 0.445833 0.484375 0.425000 0.482812 0.422917 0.481250 0.375000 0.479687 0.352083 0.478125 0.331250 0.475000 0.310417 0.473438 0.289583 0.473438 0.264583 0.470313 0.241667 0.470313 0.216667 0.468750 0.193750 0.467187 0.181250 0.465625 0.175000 0.462500 0.170833 0.459375 0.168750 0.442188 0.166667 0.437500 0.166667
22 0.535937 0.858333 0.534375 0.860417 0.523438 0.860417 0.514062 0.864583 0.493750 0.866667 0.492188 0.872917 0.493750 0.897917 0.501563 0.897917 0.504687 0.902083 0.504687 0.906250 0.507812 0.910417 0.517188 0.914583 0.525000 0.914583 0.546875 0.912500 0.570312 0.908333 0.596875 0.906250 0.625000 0.906250 0.628125 0.902083 0.628125 0.885417 0.626563 0.872917 0.625000 0.866667 0.620313 0.860417 0.545312 0.858333 0.535937 0.858333
23 0.814063 0.158333 0.809375 0.160417 0.806250 0.162500 0.801562 0.166667 0.795312 0.175000 0.795312 0.183333 0.796875 0.187500 0.801562 0.197917 0.812500 0.225000 0.820312 0.239583 0.828125 0.258333 0.829688 0.262500 0.829688 0.266667 0.835938 0.279167 0.837500 0.287500 0.839063 0.291667 0.850000 0.312500 0.853125 0.316667 0.857812 0.312500 0.860938 0.312500 0.871875 0.302083 0.875000 0.302083 0.878125 0.300000 0.879687 0.291667 0.875000 0.279167 0.868750 0.264583 0.864062 0.258333 0.864062 0.254167 0.856250 0.239583 0.848437 0.216667 0.839063 0.197917 0.826562 0.166667 0.826562 0.162500 0.823438 0.158333 0.814063 0.158333
