14 0.825000 0.172917 0.817187 0.175000 0.815625 0.177083 0.812500 0.177083 0.810937 0.187500 0.810937 0.191667 0.814063 0.262500 0.814063 0.281250 0.812500 0.308333 0.814063 0.375000 0.817187 0.379167 0.843750 0.379167 0.851562 0.377083 0.857812 0.375000 0.862500 0.372917 0.881250 0.360417 0.896875 0.339583 0.900000 0.333333 0.903125 0.327083 0.910937 0.308333 0.912500 0.302083 0.914062 0.291667 0.914062 0.266667 0.912500 0.250000 0.910937 0.239583 0.909375 0.233333 0.904687 0.218750 0.901563 0.212500 0.896875 0.204167 0.895312 0.202083 0.884375 0.189583 0.873437 0.181250 0.870313 0.179167 0.867188 0.177083 0.856250 0.172917 0.825000 0.172917
16 0.484375 0.379167 0.482812 0.387500 0.482812 0.395833 0.478125 0.402083 0.478125 0.410417 0.482812 0.412500 0.484375 0.414583 0.484375 0.416667 0.484375 0.422917 0.482812 0.433333 0.481250 0.437500 0.478125 0.441667 0.476562 0.450000 0.475000 0.454167 0.471875 0.460417 0.468750 0.464583 0.465625 0.466667 0.457813 0.466667 0.453125 0.472917 0.448437 0.481250 0.443750 0.493750 0.443750 0.500000 0.439063 0.506250 0.435937 0.508333 0.432812 0.506250 0.428125 0.500000 0.423438 0.491667 0.421875 0.487500 0.420312 0.483333 0.420312 0.450000 0.417187 0.445833 0.409375 0.447917 0.407813 0.452083 0.404687 0.483333 0.401562 0.479167 0.398438 0.468750 0.395313 0.464583 0.395313 0.462500 0.387500 0.460417 0.381250 0.464583 0.378125 0.466667 0.376563 0.477083 0.379688 0.485417 0.382812 0.495833 0.385937 0.500000 0.387500 0.504167 0.390625 0.514583 0.392188 0.520833 0.392188 0.525000 0.389062 0.529167 0.385937 0.529167 0.379688 0.537500 0.379688 0.543750 0.385937 0.556250 0.382812 0.560417 0.371875 0.562500 0.362500 0.562500 0.360938 0.560417 0.353125 0.560417 0.354687 0.566667 0.357812 0.568750 0.365625 0.570833 0.368750 0.575000 0.368750 0.583333 0.365625 0.593750 0.364063 0.606250 0.362500 0.606250 0.354687 0.614583 0.343750 0.620833 0.339062 0.627083 0.340625 0.633333 0.345313 0.633333 0.356250 0.627083 0.359375 0.622917 0.362500 0.620833 0.367188 0.618750 0.373437 0.618750 0.381250 0.625000 0.389062 0.625000 0.393750 0.627083 0.406250 0.641667 0.407813 0.643750 0.414062 0.654167 0.415625 0.660417 0.420312 0.675000 0.423438 0.691667 0.426563 0.700000 0.432812 0.700000 0.434375 0.700000 0.435937 0.687500 0.434375 0.679167 0.429688 0.664583 0.426563 0.647917 0.428125 0.639583 0.435937 0.639583 0.445312 0.652083 0.448437 0.658333 0.453125 0.668750 0.457813 0.683333 0.464062 0.693750 0.464062 0.695833 0.470313 0.700000 0.478125 0.695833 0.479687 0.689583 0.476562 0.681250 0.476562 0.662500 0.465625 0.647917 0.460938 0.641667 0.453125 0.622917 0.446875 0.606250 0.443750 0.600000 0.445312 0.595833 0.464062 0.593750 0.468750 0.591667 0.471875 0.589583 0.475000 0.585417 0.478125 0.579167 0.478125 0.562500 0.476562 0.558333 0.468750 0.547917 0.464062 0.543750 0.462500 0.543750 0.460938 0.541667 0.459375 0.537500 0.460938 0.533333 0.467187 0.510417 0.470313 0.500000 0.473438 0.489583 0.479687 0.475000 0.490625 0.433333 0.492188 0.429167 0.496875 0.422917 0.504687 0.425000 0.509375 0.422917 0.510938 0.414583 0.510938 0.408333 0.512500 0.402083 0.515625 0.397917 0.515625 0.393750 0.512500 0.389583 0.510938 0.389583 0.506250 0.383333 0.504687 0.377083 0.500000 0.377083 0.489063 0.377083 0.484375 0.379167
10 0.412500 0.758333 0.406250 0.760417 0.401562 0.762500 0.398438 0.764583 0.395313 0.766667 0.390625 0.770833 0.378125 0.787500 0.373437 0.795833 0.365625 0.812500 0.348438 0.835417 0.340625 0.850000 0.339062 0.854167 0.334375 0.872917 0.332813 0.883333 0.332813 0.914583 0.334375 0.922917 0.335938 0.929167 0.337500 0.935417 0.342187 0.943750 0.342187 0.956250 0.340625 0.977083 0.342187 0.983333 0.343750 0.987500 0.345313 0.991667 0.348438 0.997917 0.400000 0.997917 0.410938 0.989583 0.420312 0.987500 0.425000 0.985417 0.428125 0.983333 0.432812 0.979167 0.437500 0.975000 0.451562 0.956250 0.456250 0.945833 0.462500 0.929167 0.464062 0.922917 0.465625 0.914583 0.470313 0.883333 0.470313 0.870833 0.471875 0.862500 0.475000 0.856250 0.476562 0.839583 0.476562 0.820833 0.475000 0.810417 0.473438 0.804167 0.470313 0.795833 0.465625 0.783333 0.454688 0.768750 0.450000 0.764583 0.446875 0.762500 0.443750 0.760417 0.437500 0.758333 0.412500 0.758333
1 0.825000 0.497917 0.814063 0.502083 0.814063 0.518750 0.818750 0.545833 0.820312 0.562500 0.825000 0.610417 0.825000 0.645833 0.823438 0.650000 0.818750 0.656250 0.809375 0.658333 0.807813 0.668750 0.806250 0.689583 0.806250 0.741667 0.804688 0.760417 0.803125 0.766667 0.796875 0.787500 0.795312 0.793750 0.790625 0.800000 0.792188 0.806250 0.795312 0.808333 0.806250 0.812500 0.817187 0.820833 0.825000 0.825000 0.831250 0.827083 0.856250 0.835417 0.867188 0.833333 0.868750 0.829167 0.868750 0.816667 0.871875 0.806250 0.873437 0.791667 0.875000 0.770833 0.875000 0.735417 0.876563 0.718750 0.878125 0.702083 0.881250 0.689583 0.882812 0.660417 0.884375 0.602083 0.882812 0.568750 0.884375 0.539583 0.884375 0.533333 0.882812 0.518750 0.881250 0.514583 0.879687 0.512500 0.876563 0.510417 0.860938 0.500000 0.854688 0.497917 0.825000 0.497917
7 0.320312 0.066667 0.317188 0.068750 0.309375 0.075000 0.304688 0.079167 0.296875 0.089583 0.293750 0.095833 0.289062 0.108333 0.287500 0.116667 0.285938 0.141667 0.282813 0.150000 0.282813 0.177083 0.287500 0.191667 0.290625 0.200000 0.295312 0.212500 0.298438 0.218750 0.303125 0.227083 0.326562 0.258333 0.331250 0.260417 0.339062 0.268750 0.348438 0.281250 0.356250 0.289583 0.364063 0.293750 0.368750 0.295833 0.373437 0.297917 0.382812 0.300000 0.403125 0.300000 0.407813 0.297917 0.410938 0.293750 0.417187 0.291667 0.420312 0.289583 0.429688 0.279167 0.432812 0.275000 0.435937 0.266667 0.440625 0.254167 0.440625 0.212500 0.439063 0.206250 0.437500 0.202083 0.431250 0.191667 0.429688 0.187500 0.421875 0.164583 0.420312 0.158333 0.418750 0.145833 0.415625 0.135417 0.412500 0.125000 0.410938 0.120833 0.409375 0.116667 0.406250 0.110417 0.403125 0.104167 0.390625 0.087500 0.379688 0.077083 0.376563 0.075000 0.365625 0.070833 0.353125 0.070833 0.345313 0.066667 0.320312 0.066667
1 0.551562 0.231250 0.543750 0.239583 0.535937 0.243750 0.517188 0.254167 0.490625 0.266667 0.468750 0.281250 0.460938 0.285417 0.453125 0.287500 0.445312 0.293750 0.429688 0.300000 0.414062 0.310417 0.385937 0.325000 0.373437 0.329167 0.365625 0.335417 0.353125 0.341667 0.334375 0.350000 0.326562 0.352083 0.326562 0.362500 0.328125 0.370833 0.332813 0.389583 0.337500 0.400000 0.340625 0.410417 0.346875 0.441667 0.348438 0.450000 0.350000 0.454167 0.354687 0.456250 0.357812 0.454167 0.359375 0.452083 0.364063 0.443750 0.367188 0.435417 0.370312 0.429167 0.373437 0.425000 0.381250 0.425000 0.400000 0.416667 0.423438 0.404167 0.428125 0.402083 0.432812 0.395833 0.439063 0.391667 0.442188 0.385417 0.445312 0.383333 0.457813 0.381250 0.464062 0.379167 0.468750 0.377083 0.476562 0.368750 0.481250 0.366667 0.485938 0.364583 0.492188 0.364583 0.498437 0.362500 0.504687 0.358333 0.515625 0.350000 0.520312 0.350000 0.528125 0.345833 0.543750 0.335417 0.567187 0.327083 0.571875 0.325000 0.581250 0.318750 0.578125 0.314583 0.571875 0.314583 0.568750 0.310417 0.568750 0.302083 0.570312 0.275000 0.565625 0.250000 0.564063 0.243750 0.560937 0.235417 0.557813 0.231250 0.551562 0.231250
15 0.551562 0.375000 0.550000 0.381250 0.548438 0.395833 0.546875 0.402083 0.543750 0.412500 0.540625 0.422917 0.528125 0.458333 0.525000 0.468750 0.523438 0.479167 0.509375 0.520833 0.503125 0.547917 0.495312 0.566667 0.489063 0.585417 0.487500 0.591667 0.487500 0.597917 0.485938 0.600000 0.485938 0.604167 0.489063 0.608333 0.493750 0.610417 0.504687 0.616667 0.517188 0.620833 0.546875 0.637500 0.550000 0.639583 0.553125 0.643750 0.556250 0.645833 0.559375 0.647917 0.567187 0.652083 0.573438 0.652083 0.575000 0.647917 0.578125 0.639583 0.584375 0.616667 0.589063 0.593750 0.596875 0.566667 0.600000 0.556250 0.604688 0.541667 0.610938 0.527083 0.615625 0.512500 0.617188 0.506250 0.618750 0.493750 0.626563 0.475000 0.631250 0.452083 0.634375 0.441667 0.642188 0.422917 0.642188 0.416667 0.637500 0.412500 0.629687 0.408333 0.617188 0.402083 0.609375 0.397917 0.589063 0.387500 0.564063 0.375000 0.559375 0.372917 0.551562 0.375000
19 0.228125 0.120833 0.221875 0.122917 0.214062 0.129167 0.203125 0.133333 0.192188 0.135417 0.181250 0.139583 0.176563 0.141667 0.167187 0.147917 0.160938 0.147917 0.145313 0.154167 0.134375 0.158333 0.129688 0.160417 0.125000 0.162500 0.121875 0.164583 0.115625 0.172917 0.115625 0.183333 0.118750 0.195833 0.123438 0.214583 0.128125 0.225000 0.132812 0.243750 0.137500 0.275000 0.142187 0.293750 0.145313 0.304167 0.150000 0.312500 0.151562 0.316667 0.156250 0.333333 0.156250 0.339583 0.164062 0.362500 0.165625 0.368750 0.165625 0.375000 0.181250 0.429167 0.182812 0.435417 0.184375 0.447917 0.185938 0.454167 0.189062 0.460417 0.190625 0.466667 0.192188 0.472917 0.195312 0.495833 0.200000 0.508333 0.201563 0.527083 0.203125 0.533333 0.206250 0.537500 0.209375 0.539583 0.217188 0.539583 0.221875 0.537500 0.234375 0.529167 0.239063 0.527083 0.250000 0.522917 0.260937 0.520833 0.271875 0.516667 0.287500 0.510417 0.306250 0.500000 0.315625 0.497917 0.320312 0.495833 0.325000 0.493750 0.328125 0.491667 0.331250 0.487500 0.332813 0.483333 0.332813 0.472917 0.323437 0.439583 0.317188 0.406250 0.310937 0.383333 0.298438 0.343750 0.287500 0.300000 0.285938 0.285417 0.284375 0.279167 0.281250 0.272917 0.281250 0.266667 0.279687 0.260417 0.257812 0.179167 0.254688 0.158333 0.251563 0.143750 0.250000 0.137500 0.246875 0.127083 0.245312 0.122917 0.228125 0.120833
9 0.751563 0.745833 0.743750 0.747917 0.737500 0.752083 0.728125 0.752083 0.723437 0.754167 0.718750 0.756250 0.715625 0.760417 0.710938 0.760417 0.706250 0.764583 0.701562 0.764583 0.695312 0.768750 0.685937 0.775000 0.678125 0.785417 0.678125 0.797917 0.679688 0.806250 0.681250 0.816667 0.684375 0.822917 0.684375 0.829167 0.690625 0.845833 0.695312 0.864583 0.703125 0.900000 0.715625 0.943750 0.725000 0.975000 0.726562 0.979167 0.728125 0.983333 0.734375 0.991667 0.742188 0.997917 0.760938 0.997917 0.764062 0.993750 0.770312 0.991667 0.775000 0.991667 0.790625 0.985417 0.814063 0.975000 0.817187 0.970833 0.817187 0.964583 0.810937 0.939583 0.803125 0.912500 0.798438 0.902083 0.792188 0.879167 0.787500 0.862500 0.782813 0.843750 0.781250 0.835417 0.781250 0.827083 0.776563 0.812500 0.771875 0.781250 0.770312 0.775000 0.768750 0.770833 0.767188 0.766667 0.760938 0.760417 0.759375 0.758333 0.756250 0.747917 0.751563 0.745833
1 0.250000 0.572917 0.245312 0.575000 0.242188 0.579167 0.239063 0.579167 0.223438 0.591667 0.209375 0.600000 0.204687 0.600000 0.200000 0.604167 0.196875 0.610417 0.193750 0.612500 0.187500 0.614583 0.178125 0.614583 0.176563 0.616667 0.167187 0.616667 0.164062 0.618750 0.164062 0.633333 0.165625 0.641667 0.167187 0.645833 0.176563 0.656250 0.179688 0.660417 0.181250 0.664583 0.185938 0.679167 0.189062 0.689583 0.192188 0.700000 0.192188 0.706250 0.200000 0.735417 0.206250 0.758333 0.214062 0.779167 0.221875 0.806250 0.242188 0.883333 0.240625 0.908333 0.240625 0.927083 0.242188 0.931250 0.248438 0.931250 0.262500 0.925000 0.273438 0.916667 0.278125 0.914583 0.290625 0.912500 0.296875 0.910417 0.306250 0.906250 0.325000 0.895833 0.331250 0.895833 0.332813 0.885417 0.331250 0.877083 0.334375 0.870833 0.334375 0.864583 0.337500 0.858333 0.337500 0.852083 0.332813 0.845833 0.331250 0.839583 0.329688 0.837500 0.325000 0.833333 0.325000 0.831250 0.315625 0.816667 0.309375 0.800000 0.304688 0.785417 0.300000 0.766667 0.295312 0.750000 0.295312 0.743750 0.293750 0.737500 0.289062 0.727083 0.287500 0.714583 0.281250 0.700000 0.278125 0.685417 0.271875 0.670833 0.267188 0.656250 0.262500 0.637500 0.259375 0.620833 0.259375 0.608333 0.260937 0.606250 0.260937 0.593750 0.259375 0.585417 0.257812 0.579167 0.256250 0.575000 0.250000 0.572917
11 0.651563 0.091667 0.643750 0.093750 0.637500 0.095833 0.632812 0.097917 0.626563 0.102083 0.617188 0.108333 0.610938 0.114583 0.600000 0.129167 0.596875 0.135417 0.590625 0.150000 0.589063 0.156250 0.587500 0.168750 0.582812 0.179167 0.582812 0.202083 0.584375 0.210417 0.585938 0.218750 0.587500 0.225000 0.590625 0.235417 0.595313 0.245833 0.598437 0.252083 0.606250 0.262500 0.614062 0.270833 0.621875 0.277083 0.631250 0.283333 0.635938 0.285417 0.642188 0.287500 0.673438 0.287500 0.687500 0.281250 0.700000 0.272917 0.706250 0.266667 0.718750 0.250000 0.723437 0.239583 0.728125 0.227083 0.729688 0.220833 0.731250 0.212500 0.731250 0.177083 0.729688 0.166667 0.728125 0.158333 0.726562 0.152083 0.725000 0.145833 0.720313 0.133333 0.714063 0.122917 0.707812 0.114583 0.700000 0.106250 0.692187 0.100000 0.687500 0.097917 0.678125 0.093750 0.668750 0.091667 0.651563 0.091667
24 0.803125 0.037500 0.795312 0.039583 0.775000 0.052083 0.757812 0.060417 0.753125 0.062500 0.748437 0.062500 0.743750 0.064583 0.735938 0.068750 0.725000 0.075000 0.701562 0.089583 0.698438 0.093750 0.696875 0.093750 0.695312 0.100000 0.700000 0.102083 0.710938 0.114583 0.714063 0.118750 0.721875 0.131250 0.728125 0.147917 0.729688 0.154167 0.732812 0.168750 0.734375 0.187500 0.734375 0.206250 0.732812 0.218750 0.731250 0.225000 0.721875 0.250000 0.706250 0.268750 0.703125 0.272917 0.701562 0.277083 0.701562 0.285417 0.704688 0.308333 0.706250 0.335417 0.707812 0.366667 0.707812 0.422917 0.709375 0.470833 0.712500 0.512500 0.712500 0.529167 0.709375 0.556250 0.709375 0.606250 0.710938 0.620833 0.714063 0.625000 0.720313 0.627083 0.735938 0.629167 0.762500 0.639583 0.776563 0.641667 0.790625 0.647917 0.804688 0.652083 0.817187 0.652083 0.821875 0.645833 0.823438 0.631250 0.823438 0.627083 0.821875 0.606250 0.818750 0.591667 0.818750 0.575000 0.817187 0.558333 0.812500 0.533333 0.810937 0.514583 0.812500 0.489583 0.810937 0.481250 0.812500 0.350000 0.809375 0.300000 0.809375 0.291667 0.810937 0.233333 0.807813 0.187500 0.809375 0.181250 0.806250 0.062500 0.806250 0.050000 0.807813 0.047917 0.806250 0.035417 0.803125 0.037500
