1 0.750000 0.525000 0.739062 0.527083 0.728125 0.531250 0.710938 0.533333 0.692187 0.535417 0.692187 0.539583 0.693750 0.545833 0.698438 0.556250 0.701562 0.562500 0.707812 0.570833 0.709375 0.575000 0.710938 0.583333 0.710938 0.606250 0.712500 0.625000 0.714063 0.635417 0.715625 0.645833 0.717187 0.652083 0.721875 0.668750 0.726562 0.679167 0.728125 0.687500 0.728125 0.697917 0.731250 0.708333 0.732812 0.725000 0.732812 0.747917 0.731250 0.804167 0.732812 0.864583 0.737500 0.877083 0.743750 0.866667 0.748437 0.862500 0.751563 0.864583 0.754687 0.868750 0.759375 0.870833 0.767188 0.872917 0.798438 0.872917 0.803125 0.870833 0.806250 0.868750 0.807813 0.864583 0.807813 0.860417 0.806250 0.831250 0.801562 0.783333 0.796875 0.739583 0.795312 0.727083 0.792188 0.714583 0.790625 0.702083 0.789062 0.683333 0.789062 0.662500 0.784375 0.625000 0.784375 0.604167 0.782813 0.585417 0.781250 0.570833 0.778125 0.560417 0.778125 0.531250 0.775000 0.527083 0.770312 0.525000 0.750000 0.525000
7 0.421875 0.043750 0.410938 0.045833 0.401562 0.047917 0.387500 0.054167 0.384375 0.058333 0.381250 0.062500 0.376563 0.064583 0.365625 0.079167 0.360938 0.089583 0.357812 0.097917 0.353125 0.110417 0.351562 0.120833 0.350000 0.137500 0.350000 0.147917 0.351562 0.160417 0.353125 0.170833 0.356250 0.177083 0.356250 0.183333 0.357812 0.187500 0.359375 0.191667 0.371875 0.214583 0.375000 0.225000 0.378125 0.231250 0.387500 0.245833 0.389062 0.252083 0.401562 0.266667 0.406250 0.272917 0.406250 0.277083 0.409375 0.281250 0.412500 0.283333 0.417187 0.285417 0.421875 0.285417 0.426563 0.289583 0.450000 0.289583 0.457813 0.287500 0.464062 0.285417 0.471875 0.283333 0.481250 0.277083 0.489063 0.266667 0.490625 0.262500 0.492188 0.258333 0.493750 0.252083 0.495312 0.245833 0.496875 0.233333 0.498437 0.220833 0.498437 0.179167 0.496875 0.145833 0.495312 0.127083 0.493750 0.114583 0.492188 0.108333 0.490625 0.102083 0.485938 0.089583 0.482812 0.083333 0.467187 0.062500 0.462500 0.058333 0.457813 0.054167 0.448437 0.047917 0.442188 0.045833 0.434375 0.043750 0.421875 0.043750
17 0.275000 0.625000 0.257812 0.627083 0.246875 0.629167 0.237500 0.631250 0.210938 0.639583 0.201563 0.641667 0.192188 0.643750 0.181250 0.645833 0.159375 0.647917 0.142187 0.652083 0.123438 0.658333 0.118750 0.660417 0.115625 0.664583 0.114062 0.668750 0.114062 0.716667 0.115625 0.783333 0.117188 0.810417 0.118750 0.820833 0.123438 0.839583 0.125000 0.856250 0.126562 0.870833 0.128125 0.904167 0.129688 0.920833 0.131250 0.933333 0.132812 0.943750 0.134375 0.950000 0.137500 0.958333 0.140625 0.960417 0.167187 0.960417 0.179688 0.958333 0.203125 0.954167 0.246875 0.943750 0.259375 0.941667 0.275000 0.939583 0.298438 0.939583 0.304688 0.937500 0.310937 0.933333 0.314063 0.929167 0.315625 0.922917 0.317188 0.914583 0.317188 0.902083 0.314063 0.877083 0.312500 0.843750 0.312500 0.722917 0.315625 0.685417 0.315625 0.658333 0.314063 0.652083 0.309375 0.643750 0.289062 0.641667 0.285938 0.637500 0.282813 0.627083 0.279687 0.627083 0.278125 0.625000 0.275000 0.625000
21 0.746875 0.135417 0.743750 0.139583 0.743750 0.141667 0.739062 0.147917 0.731250 0.145833 0.728125 0.147917 0.726562 0.175000 0.729688 0.177083 0.735938 0.177083 0.737500 0.179167 0.743750 0.179167 0.750000 0.181250 0.754687 0.183333 0.757812 0.187500 0.762500 0.189583 0.775000 0.189583 0.820312 0.200000 0.832812 0.200000 0.845313 0.204167 0.856250 0.204167 0.859375 0.200000 0.860938 0.195833 0.862500 0.189583 0.862500 0.172917 0.859375 0.168750 0.853125 0.166667 0.848437 0.164583 0.842187 0.162500 0.835938 0.160417 0.809375 0.154167 0.803125 0.150000 0.790625 0.147917 0.778125 0.141667 0.771875 0.141667 0.765625 0.137500 0.759375 0.135417 0.746875 0.135417
5 0.821875 0.333333 0.820312 0.337500 0.820312 0.360417 0.821875 0.364583 0.825000 0.364583 0.829688 0.370833 0.832812 0.370833 0.839063 0.377083 0.845313 0.381250 0.850000 0.383333 0.854688 0.383333 0.857812 0.381250 0.860938 0.377083 0.860938 0.368750 0.859375 0.362500 0.854688 0.356250 0.846875 0.350000 0.843750 0.350000 0.837500 0.343750 0.834375 0.341667 0.829688 0.339583 0.826562 0.339583 0.825000 0.356250 0.823438 0.339583 0.821875 0.337500 0.821875 0.333333
5 0.584375 0.185417 0.584375 0.189583 0.585938 0.193750 0.587500 0.197917 0.592187 0.206250 0.620313 0.243750 0.628125 0.252083 0.634375 0.258333 0.639062 0.262500 0.650000 0.270833 0.654687 0.272917 0.660937 0.275000 0.682813 0.272917 0.689063 0.272917 0.696875 0.275000 0.703125 0.277083 0.709375 0.281250 0.715625 0.287500 0.718750 0.287500 0.739062 0.302083 0.756250 0.316667 0.775000 0.329167 0.781250 0.327083 0.781250 0.308333 0.778125 0.304167 0.771875 0.300000 0.759375 0.291667 0.745313 0.281250 0.742188 0.281250 0.696875 0.247917 0.693750 0.245833 0.648438 0.216667 0.631250 0.206250 0.617188 0.197917 0.603125 0.189583 0.592187 0.183333 0.584375 0.185417
3 0.806250 0.297917 0.803125 0.302083 0.800000 0.302083 0.798438 0.300000 0.795312 0.300000 0.784375 0.304167 0.782813 0.308333 0.781250 0.322917 0.781250 0.345833 0.778125 0.364583 0.776563 0.387500 0.776563 0.412500 0.778125 0.418750 0.779687 0.422917 0.790625 0.437500 0.793750 0.443750 0.796875 0.450000 0.798438 0.456250 0.800000 0.464583 0.801562 0.479167 0.803125 0.500000 0.804688 0.527083 0.806250 0.562500 0.806250 0.608333 0.807813 0.639583 0.809375 0.660417 0.810937 0.675000 0.814063 0.693750 0.817187 0.710417 0.821875 0.735417 0.823438 0.741667 0.826562 0.745833 0.835938 0.745833 0.839063 0.743750 0.839063 0.733333 0.840625 0.731250 0.840625 0.668750 0.839063 0.650000 0.837500 0.635417 0.835938 0.622917 0.834375 0.610417 0.829688 0.587500 0.829688 0.575000 0.826562 0.562500 0.823438 0.535417 0.820312 0.495833 0.818750 0.483333 0.814063 0.460417 0.814063 0.437500 0.817187 0.429167 0.821875 0.420833 0.823438 0.414583 0.823438 0.364583 0.821875 0.314583 0.820312 0.302083 0.818750 0.297917 0.806250 0.297917
6 0.826562 0.375000 0.826562 0.379167 0.825000 0.381250 0.825000 0.393750 0.826562 0.395833 0.826562 0.408333 0.825000 0.418750 0.817187 0.437500 0.817187 0.456250 0.821875 0.460417 0.825000 0.458333 0.826562 0.452083 0.834375 0.435417 0.837500 0.425000 0.840625 0.414583 0.845313 0.397917 0.846875 0.387500 0.843750 0.383333 0.831250 0.375000 0.826562 0.375000
6 0.700000 0.245833 0.703125 0.250000 0.707812 0.254167 0.717187 0.260417 0.735938 0.270833 0.740625 0.277083 0.743750 0.277083 0.762500 0.291667 0.776563 0.300000 0.782813 0.300000 0.793750 0.297917 0.806250 0.293750 0.817187 0.293750 0.821875 0.300000 0.823438 0.304167 0.823438 0.320833 0.825000 0.322917 0.825000 0.333333 0.828125 0.335417 0.834375 0.339583 0.840625 0.341667 0.843750 0.345833 0.851562 0.350000 0.856250 0.350000 0.857812 0.345833 0.859375 0.339583 0.860938 0.329167 0.859375 0.325000 0.856250 0.322917 0.850000 0.320833 0.845313 0.314583 0.845313 0.308333 0.846875 0.293750 0.848437 0.291667 0.848437 0.281250 0.845313 0.277083 0.840625 0.275000 0.832812 0.272917 0.817187 0.268750 0.789062 0.262500 0.759375 0.258333 0.750000 0.256250 0.742188 0.254167 0.726562 0.247917 0.717187 0.245833 0.700000 0.245833
6 0.568750 0.214583 0.567187 0.218750 0.565625 0.229167 0.565625 0.237500 0.564063 0.247917 0.560937 0.256250 0.559375 0.266667 0.557813 0.277083 0.551562 0.329167 0.550000 0.331250 0.550000 0.337500 0.551562 0.341667 0.553125 0.345833 0.557813 0.352083 0.564063 0.366667 0.567187 0.377083 0.568750 0.383333 0.568750 0.389583 0.571875 0.397917 0.578125 0.397917 0.592187 0.402083 0.618750 0.410417 0.631250 0.416667 0.651563 0.420833 0.670312 0.427083 0.693750 0.437500 0.717187 0.443750 0.734375 0.450000 0.750000 0.458333 0.756250 0.460417 0.768750 0.462500 0.787500 0.470833 0.796875 0.468750 0.796875 0.464583 0.795312 0.454167 0.793750 0.450000 0.792188 0.445833 0.787500 0.437500 0.779687 0.427083 0.776563 0.420833 0.775000 0.416667 0.773438 0.406250 0.773438 0.395833 0.775000 0.368750 0.778125 0.343750 0.778125 0.335417 0.775000 0.331250 0.768750 0.327083 0.751563 0.316667 0.737500 0.304167 0.707812 0.283333 0.700000 0.279167 0.693750 0.277083 0.657813 0.277083 0.651563 0.275000 0.648438 0.272917 0.640625 0.266667 0.626563 0.254167 0.618750 0.245833 0.596875 0.216667 0.593750 0.214583 0.584375 0.212500 0.568750 0.214583
0 0.256250 0.135417 0.248438 0.137500 0.237500 0.145833 0.218750 0.145833 0.214062 0.147917 0.209375 0.150000 0.206250 0.152083 0.203125 0.154167 0.198437 0.158333 0.189062 0.170833 0.184375 0.179167 0.182812 0.183333 0.181250 0.187500 0.179688 0.193750 0.178125 0.200000 0.176563 0.212500 0.176563 0.231250 0.178125 0.243750 0.179688 0.252083 0.182812 0.262500 0.184375 0.266667 0.190625 0.281250 0.193750 0.287500 0.200000 0.297917 0.209375 0.308333 0.214062 0.312500 0.218750 0.316667 0.221875 0.318750 0.226562 0.320833 0.231250 0.322917 0.237500 0.325000 0.245312 0.327083 0.264062 0.327083 0.273438 0.325000 0.278125 0.322917 0.289062 0.316667 0.301563 0.308333 0.306250 0.304167 0.310937 0.300000 0.323437 0.283333 0.328125 0.272917 0.329688 0.268750 0.331250 0.262500 0.332813 0.256250 0.334375 0.214583 0.342187 0.210417 0.345313 0.204167 0.348438 0.197917 0.353125 0.187500 0.353125 0.179167 0.351562 0.175000 0.350000 0.172917 0.346875 0.170833 0.329688 0.170833 0.325000 0.175000 0.321875 0.175000 0.315625 0.164583 0.312500 0.160417 0.310937 0.160417 0.306250 0.154167 0.301563 0.150000 0.295312 0.145833 0.285938 0.139583 0.281250 0.137500 0.273438 0.135417 0.256250 0.135417
0 0.364063 0.483333 0.354687 0.485417 0.350000 0.487500 0.337500 0.495833 0.323437 0.508333 0.317188 0.516667 0.310937 0.527083 0.307812 0.533333 0.304688 0.539583 0.304688 0.543750 0.301563 0.547917 0.300000 0.554167 0.298438 0.562500 0.298438 0.600000 0.300000 0.608333 0.304688 0.627083 0.306250 0.631250 0.309375 0.637500 0.312500 0.643750 0.318750 0.654167 0.320312 0.656250 0.325000 0.658333 0.328125 0.662500 0.340625 0.670833 0.345313 0.672917 0.350000 0.675000 0.356250 0.677083 0.379688 0.677083 0.387500 0.675000 0.392188 0.672917 0.395313 0.668750 0.401562 0.666667 0.406250 0.666667 0.410938 0.664583 0.414062 0.662500 0.417187 0.660417 0.421875 0.656250 0.434375 0.639583 0.439063 0.631250 0.440625 0.627083 0.443750 0.616667 0.445312 0.610417 0.446875 0.604167 0.448437 0.591667 0.448437 0.581250 0.446875 0.568750 0.445312 0.558333 0.443750 0.547917 0.442188 0.541667 0.437500 0.527083 0.435937 0.520833 0.428125 0.510417 0.418750 0.500000 0.410938 0.491667 0.407813 0.489583 0.403125 0.487500 0.395313 0.485417 0.385937 0.483333 0.364063 0.483333
0 0.551562 0.620833 0.548438 0.625000 0.550000 0.654167 0.548438 0.679167 0.545312 0.693750 0.543750 0.729167 0.539062 0.772917 0.535937 0.787500 0.535937 0.804167 0.534375 0.818750 0.532813 0.833333 0.529687 0.839583 0.528125 0.864583 0.528125 0.875000 0.531250 0.885417 0.535937 0.885417 0.545312 0.872917 0.548438 0.866667 0.551562 0.860417 0.556250 0.850000 0.557813 0.845833 0.557813 0.841667 0.559375 0.837500 0.564063 0.827083 0.575000 0.812500 0.584375 0.791667 0.593750 0.777083 0.596875 0.770833 0.601562 0.758333 0.606250 0.750000 0.615625 0.737500 0.620313 0.727083 0.628125 0.716667 0.634375 0.702083 0.640625 0.691667 0.645312 0.687500 0.645312 0.677083 0.642188 0.672917 0.637500 0.668750 0.632812 0.666667 0.628125 0.660417 0.625000 0.658333 0.621875 0.658333 0.606250 0.647917 0.590625 0.635417 0.571875 0.627083 0.560937 0.622917 0.556250 0.622917 0.554688 0.620833 0.551562 0.620833
13 0.465625 0.302083 0.459375 0.304167 0.450000 0.308333 0.445312 0.310417 0.434375 0.318750 0.429688 0.322917 0.425000 0.329167 0.423438 0.329167 0.420312 0.333333 0.410938 0.347917 0.409375 0.354167 0.406250 0.360417 0.400000 0.362500 0.392188 0.360417 0.373437 0.350000 0.368750 0.350000 0.365625 0.352083 0.364063 0.354167 0.362500 0.358333 0.362500 0.368750 0.364063 0.372917 0.368750 0.377083 0.371875 0.379167 0.382812 0.383333 0.389062 0.387500 0.393750 0.389583 0.396875 0.393750 0.396875 0.402083 0.395313 0.422917 0.396875 0.437500 0.398438 0.445833 0.400000 0.452083 0.401562 0.458333 0.404687 0.466667 0.409375 0.479167 0.414062 0.487500 0.417187 0.491667 0.420312 0.493750 0.421875 0.497917 0.425000 0.502083 0.432812 0.510417 0.439063 0.514583 0.446875 0.520833 0.459375 0.527083 0.465625 0.529167 0.475000 0.531250 0.489063 0.531250 0.498437 0.529167 0.504687 0.527083 0.509375 0.525000 0.514062 0.522917 0.526563 0.514583 0.531250 0.510417 0.535937 0.506250 0.551562 0.485417 0.554688 0.479167 0.557813 0.472917 0.557813 0.468750 0.562500 0.460417 0.564063 0.456250 0.565625 0.447917 0.567187 0.439583 0.568750 0.427083 0.568750 0.406250 0.567187 0.391667 0.565625 0.383333 0.564063 0.377083 0.560937 0.368750 0.556250 0.356250 0.553125 0.350000 0.548438 0.341667 0.539062 0.329167 0.532813 0.322917 0.528125 0.318750 0.521875 0.314583 0.512500 0.308333 0.507812 0.306250 0.503125 0.304167 0.495312 0.302083 0.465625 0.302083
