12 0.360938 0.704167 0.353125 0.706250 0.348438 0.708333 0.339062 0.714583 0.334375 0.718750 0.328125 0.725000 0.320312 0.735417 0.315625 0.743750 0.312500 0.750000 0.309375 0.756250 0.307812 0.762500 0.306250 0.768750 0.304688 0.781250 0.304688 0.800000 0.303125 0.806250 0.298438 0.818750 0.296875 0.825000 0.295312 0.833333 0.295312 0.843750 0.292187 0.854167 0.292187 0.862500 0.293750 0.870833 0.295312 0.879167 0.300000 0.893750 0.303125 0.900000 0.309375 0.908333 0.320312 0.916667 0.329688 0.922917 0.334375 0.925000 0.362500 0.925000 0.367188 0.922917 0.376563 0.916667 0.381250 0.912500 0.393750 0.895833 0.396875 0.893750 0.403125 0.891667 0.409375 0.887500 0.417187 0.881250 0.426563 0.870833 0.432812 0.860417 0.434375 0.854167 0.439063 0.847917 0.442188 0.837500 0.443750 0.831250 0.445312 0.825000 0.446875 0.812500 0.446875 0.789583 0.445312 0.777083 0.440625 0.758333 0.439063 0.754167 0.435937 0.747917 0.432812 0.741667 0.423438 0.727083 0.421875 0.725000 0.415625 0.718750 0.409375 0.714583 0.400000 0.708333 0.395313 0.706250 0.389062 0.704167 0.373437 0.702083 0.360938 0.704167
21 0.826562 0.420833 0.821875 0.427083 0.823438 0.437500 0.820312 0.441667 0.815625 0.443750 0.812500 0.447917 0.812500 0.468750 0.814063 0.481250 0.817187 0.504167 0.820312 0.514583 0.823438 0.537500 0.825000 0.550000 0.825000 0.562500 0.826562 0.575000 0.828125 0.585417 0.829688 0.589583 0.831250 0.593750 0.835938 0.600000 0.857812 0.600000 0.860938 0.597917 0.860938 0.570833 0.859375 0.543750 0.856250 0.518750 0.856250 0.493750 0.854688 0.470833 0.853125 0.456250 0.850000 0.441667 0.850000 0.429167 0.848437 0.425000 0.845313 0.425000 0.843750 0.422917 0.829688 0.420833 0.826562 0.420833
16 0.496875 0.412500 0.495312 0.416667 0.495312 0.420833 0.500000 0.431250 0.507812 0.452083 0.507812 0.462500 0.504687 0.466667 0.503125 0.479167 0.501563 0.483333 0.500000 0.485417 0.496875 0.487500 0.493750 0.489583 0.485938 0.489583 0.468750 0.481250 0.462500 0.479167 0.454688 0.477083 0.448437 0.477083 0.443750 0.485417 0.446875 0.489583 0.450000 0.491667 0.464062 0.500000 0.468750 0.500000 0.473438 0.502083 0.481250 0.508333 0.489063 0.518750 0.489063 0.525000 0.487500 0.529167 0.481250 0.537500 0.476562 0.539583 0.468750 0.550000 0.456250 0.558333 0.451562 0.564583 0.453125 0.570833 0.462500 0.570833 0.467187 0.568750 0.481250 0.560417 0.493750 0.550000 0.498437 0.547917 0.506250 0.547917 0.512500 0.552083 0.518750 0.552083 0.523438 0.550000 0.528125 0.547917 0.532813 0.541667 0.535937 0.541667 0.545312 0.547917 0.543750 0.570833 0.542188 0.575000 0.537500 0.583333 0.525000 0.606250 0.514062 0.629167 0.512500 0.633333 0.510938 0.639583 0.510938 0.656250 0.509375 0.660417 0.504687 0.666667 0.503125 0.666667 0.500000 0.670833 0.500000 0.679167 0.504687 0.687500 0.504687 0.693750 0.507812 0.697917 0.514062 0.697917 0.520312 0.704167 0.525000 0.704167 0.526563 0.697917 0.532813 0.689583 0.539062 0.685417 0.539062 0.677083 0.535937 0.672917 0.534375 0.666667 0.537500 0.658333 0.540625 0.654167 0.542188 0.654167 0.543750 0.652083 0.564063 0.622917 0.570312 0.622917 0.571875 0.631250 0.571875 0.643750 0.573438 0.647917 0.578125 0.654167 0.581250 0.654167 0.584375 0.650000 0.585938 0.641667 0.585938 0.618750 0.587500 0.612500 0.590625 0.608333 0.593750 0.612500 0.595313 0.620833 0.600000 0.631250 0.601562 0.641667 0.603125 0.645833 0.604688 0.650000 0.610938 0.658333 0.614062 0.658333 0.617188 0.654167 0.617188 0.639583 0.610938 0.629167 0.609375 0.625000 0.607812 0.620833 0.607812 0.604167 0.609375 0.587500 0.612500 0.583333 0.615625 0.583333 0.623437 0.585417 0.626563 0.583333 0.629687 0.581250 0.634375 0.575000 0.635938 0.570833 0.637500 0.566667 0.637500 0.556250 0.635938 0.550000 0.634375 0.545833 0.629687 0.537500 0.629687 0.529167 0.640625 0.529167 0.651563 0.533333 0.665625 0.533333 0.667188 0.529167 0.668750 0.522917 0.664062 0.516667 0.659375 0.514583 0.653125 0.512500 0.645312 0.510417 0.637500 0.510417 0.629687 0.508333 0.625000 0.506250 0.620313 0.502083 0.615625 0.500000 0.609375 0.497917 0.603125 0.495833 0.596875 0.495833 0.589063 0.491667 0.587500 0.487500 0.585938 0.470833 0.584375 0.466667 0.581250 0.462500 0.578125 0.460417 0.575000 0.458333 0.568750 0.456250 0.557813 0.456250 0.554688 0.458333 0.550000 0.464583 0.543750 0.468750 0.540625 0.466667 0.535937 0.460417 0.526563 0.454167 0.518750 0.454167 0.512500 0.445833 0.510938 0.437500 0.509375 0.433333 0.504687 0.422917 0.496875 0.412500
22 0.720313 0.437500 0.717187 0.441667 0.717187 0.462500 0.715625 0.483333 0.714063 0.500000 0.707812 0.545833 0.707812 0.566667 0.703125 0.595833 0.703125 0.610417 0.706250 0.610417 0.707812 0.612500 0.714063 0.614583 0.723437 0.614583 0.726562 0.610417 0.726562 0.602083 0.729688 0.593750 0.731250 0.585417 0.732812 0.564583 0.735938 0.558333 0.739062 0.543750 0.743750 0.516667 0.745313 0.497917 0.746875 0.489583 0.751563 0.466667 0.756250 0.456250 0.756250 0.450000 0.753125 0.447917 0.746875 0.445833 0.728125 0.439583 0.720313 0.437500
22 0.860938 0.181250 0.857812 0.183333 0.854688 0.185417 0.848437 0.191667 0.837500 0.206250 0.825000 0.216667 0.815625 0.229167 0.807813 0.235417 0.796875 0.250000 0.789062 0.256250 0.784375 0.262500 0.782813 0.266667 0.782813 0.270833 0.782813 0.306250 0.782813 0.312500 0.789062 0.312500 0.793750 0.308333 0.810937 0.287500 0.817187 0.283333 0.842187 0.256250 0.851562 0.243750 0.857812 0.237500 0.860938 0.237500 0.868750 0.229167 0.879687 0.216667 0.881250 0.212500 0.881250 0.206250 0.879687 0.202083 0.878125 0.197917 0.867188 0.183333 0.860938 0.181250
13 0.675000 0.125000 0.670312 0.131250 0.668750 0.135417 0.667188 0.145833 0.667188 0.177083 0.664062 0.181250 0.653125 0.187500 0.648438 0.191667 0.643750 0.195833 0.637500 0.202083 0.629687 0.212500 0.623437 0.222917 0.620313 0.229167 0.615625 0.241667 0.612500 0.254167 0.607812 0.272917 0.604688 0.287500 0.604688 0.300000 0.603125 0.302083 0.603125 0.312500 0.604688 0.314583 0.604688 0.327083 0.606250 0.335417 0.607812 0.341667 0.610938 0.350000 0.615625 0.362500 0.618750 0.368750 0.629687 0.383333 0.637500 0.391667 0.642188 0.395833 0.645312 0.397917 0.648438 0.400000 0.653125 0.402083 0.657813 0.404167 0.664062 0.406250 0.671875 0.408333 0.698438 0.408333 0.709375 0.406250 0.715625 0.404167 0.721875 0.402083 0.729688 0.397917 0.742188 0.389583 0.748437 0.383333 0.765625 0.360417 0.768750 0.354167 0.771875 0.347917 0.776563 0.335417 0.781250 0.316667 0.782813 0.302083 0.782813 0.275000 0.781250 0.260417 0.779687 0.254167 0.778125 0.247917 0.773438 0.233333 0.770312 0.227083 0.767188 0.220833 0.762500 0.212500 0.753125 0.200000 0.742188 0.189583 0.729688 0.181250 0.715625 0.175000 0.706250 0.172917 0.695312 0.170833 0.693750 0.160417 0.693750 0.143750 0.692187 0.131250 0.687500 0.125000 0.684375 0.125000 0.675000 0.125000
25 0.237500 0.181250 0.235937 0.183333 0.228125 0.183333 0.226562 0.187500 0.223438 0.197917 0.218750 0.204167 0.207813 0.204167 0.200000 0.202083 0.187500 0.197917 0.185938 0.195833 0.182812 0.195833 0.179688 0.197917 0.178125 0.202083 0.178125 0.206250 0.175000 0.216667 0.168750 0.225000 0.160938 0.225000 0.157812 0.222917 0.143750 0.204167 0.140625 0.202083 0.118750 0.202083 0.115625 0.204167 0.114062 0.206250 0.112500 0.210417 0.110937 0.220833 0.110937 0.231250 0.107813 0.241667 0.107813 0.247917 0.109375 0.250000 0.109375 0.258333 0.110937 0.266667 0.112500 0.275000 0.114062 0.281250 0.117188 0.287500 0.118750 0.302083 0.120313 0.308333 0.121875 0.314583 0.129688 0.327083 0.132812 0.331250 0.137500 0.335417 0.142187 0.337500 0.146875 0.337500 0.150000 0.339583 0.154688 0.345833 0.154688 0.347917 0.160938 0.356250 0.164062 0.358333 0.170313 0.360417 0.189062 0.360417 0.195312 0.358333 0.201563 0.356250 0.206250 0.352083 0.215625 0.352083 0.229687 0.362500 0.234375 0.364583 0.240625 0.364583 0.245312 0.368750 0.248438 0.368750 0.253125 0.366667 0.256250 0.364583 0.259375 0.362500 0.276562 0.339583 0.276562 0.327083 0.273438 0.318750 0.276562 0.312500 0.281250 0.306250 0.282813 0.302083 0.284375 0.297917 0.284375 0.289583 0.270313 0.270833 0.257812 0.258333 0.254688 0.254167 0.254688 0.247917 0.257812 0.243750 0.267188 0.237500 0.270313 0.233333 0.270313 0.227083 0.267188 0.216667 0.262500 0.206250 0.259375 0.200000 0.254688 0.191667 0.248438 0.183333 0.245312 0.181250 0.237500 0.181250
11 0.525000 0.162500 0.515625 0.164583 0.510938 0.166667 0.506250 0.168750 0.498437 0.172917 0.489063 0.179167 0.484375 0.183333 0.471875 0.200000 0.468750 0.206250 0.465625 0.212500 0.464062 0.216667 0.462500 0.220833 0.460938 0.227083 0.459375 0.235417 0.457813 0.247917 0.457813 0.266667 0.459375 0.275000 0.460938 0.283333 0.467187 0.300000 0.470313 0.306250 0.475000 0.312500 0.476562 0.312500 0.481250 0.320833 0.487500 0.327083 0.495312 0.333333 0.498437 0.335417 0.501563 0.337500 0.506250 0.339583 0.512500 0.341667 0.532813 0.341667 0.540625 0.339583 0.546875 0.337500 0.551562 0.335417 0.559375 0.329167 0.564063 0.325000 0.571875 0.314583 0.576562 0.306250 0.579688 0.300000 0.584375 0.287500 0.585938 0.281250 0.587500 0.272917 0.589063 0.260417 0.589063 0.250000 0.587500 0.247917 0.587500 0.235417 0.584375 0.222917 0.582812 0.216667 0.578125 0.206250 0.575000 0.200000 0.571875 0.193750 0.559375 0.177083 0.554688 0.172917 0.545312 0.166667 0.540625 0.164583 0.532813 0.162500 0.525000 0.162500
17 0.396875 0.214583 0.393750 0.216667 0.389062 0.220833 0.375000 0.237500 0.359375 0.258333 0.351562 0.262500 0.346875 0.266667 0.340625 0.272917 0.332813 0.283333 0.320312 0.293750 0.310937 0.304167 0.295312 0.322917 0.287500 0.329167 0.273438 0.350000 0.265625 0.360417 0.259375 0.366667 0.256250 0.368750 0.253125 0.370833 0.245312 0.372917 0.240625 0.379167 0.239063 0.383333 0.239063 0.387500 0.240625 0.391667 0.243750 0.397917 0.246875 0.404167 0.257812 0.420833 0.257812 0.429167 0.253125 0.439583 0.253125 0.450000 0.265625 0.466667 0.282813 0.487500 0.295312 0.497917 0.310937 0.520833 0.314063 0.522917 0.317188 0.531250 0.321875 0.539583 0.331250 0.552083 0.342187 0.552083 0.348438 0.558333 0.357812 0.568750 0.371875 0.581250 0.375000 0.583333 0.381250 0.583333 0.384375 0.581250 0.385937 0.579167 0.395313 0.564583 0.400000 0.556250 0.410938 0.533333 0.415625 0.525000 0.420312 0.516667 0.431250 0.497917 0.440625 0.485417 0.445312 0.475000 0.454688 0.460417 0.470313 0.437500 0.471875 0.435417 0.490625 0.414583 0.492188 0.412500 0.509375 0.387500 0.512500 0.381250 0.514062 0.377083 0.514062 0.372917 0.512500 0.368750 0.506250 0.358333 0.471875 0.314583 0.467187 0.308333 0.465625 0.302083 0.460938 0.293750 0.459375 0.291667 0.442188 0.270833 0.426563 0.245833 0.418750 0.235417 0.403125 0.216667 0.400000 0.214583 0.396875 0.214583
12 0.215625 0.487500 0.196875 0.495833 0.185938 0.502083 0.176563 0.512500 0.168750 0.516667 0.164062 0.516667 0.154688 0.522917 0.145313 0.533333 0.143750 0.535417 0.143750 0.537500 0.137500 0.547917 0.134375 0.558333 0.134375 0.589583 0.135937 0.595833 0.137500 0.602083 0.143750 0.614583 0.150000 0.622917 0.154688 0.627083 0.157812 0.629167 0.160938 0.631250 0.165625 0.633333 0.171875 0.635417 0.181250 0.635417 0.189062 0.639583 0.204687 0.641667 0.220312 0.643750 0.235937 0.643750 0.240625 0.641667 0.243750 0.639583 0.246875 0.637500 0.260937 0.625000 0.265625 0.618750 0.270313 0.610417 0.271875 0.606250 0.275000 0.595833 0.281250 0.577083 0.281250 0.545833 0.279687 0.539583 0.273438 0.522917 0.265625 0.510417 0.264062 0.508333 0.256250 0.500000 0.251563 0.495833 0.242188 0.489583 0.237500 0.487500 0.215625 0.487500
21 0.546875 0.833333 0.534375 0.837500 0.532813 0.841667 0.531250 0.847917 0.526563 0.847917 0.525000 0.850000 0.518750 0.852083 0.518750 0.870833 0.520312 0.881250 0.525000 0.887500 0.546875 0.887500 0.550000 0.889583 0.554688 0.895833 0.567187 0.893750 0.576562 0.893750 0.606250 0.895833 0.626563 0.893750 0.639062 0.891667 0.648438 0.885417 0.651563 0.881250 0.651563 0.845833 0.650000 0.841667 0.601562 0.839583 0.567187 0.837500 0.550000 0.833333 0.546875 0.833333
12 0.771875 0.560417 0.764062 0.562500 0.759375 0.564583 0.754687 0.566667 0.751563 0.568750 0.748437 0.570833 0.743750 0.575000 0.732812 0.589583 0.731250 0.593750 0.729688 0.600000 0.729688 0.606250 0.728125 0.612500 0.721875 0.618750 0.718750 0.622917 0.717187 0.629167 0.717187 0.654167 0.718750 0.662500 0.720313 0.670833 0.725000 0.683333 0.728125 0.689583 0.731250 0.695833 0.739062 0.706250 0.746875 0.714583 0.756250 0.720833 0.760938 0.722917 0.765625 0.725000 0.793750 0.722917 0.809375 0.725000 0.821875 0.725000 0.831250 0.722917 0.843750 0.714583 0.853125 0.704167 0.857812 0.695833 0.859375 0.691667 0.860938 0.687500 0.862500 0.681250 0.864062 0.672917 0.864062 0.654167 0.862500 0.645833 0.860938 0.639583 0.859375 0.635417 0.857812 0.631250 0.854688 0.625000 0.845313 0.612500 0.839063 0.608333 0.834375 0.604167 0.831250 0.600000 0.829688 0.593750 0.823438 0.583333 0.820312 0.579167 0.815625 0.575000 0.809375 0.570833 0.800000 0.564583 0.793750 0.562500 0.785937 0.560417 0.771875 0.560417
20 0.715625 0.752083 0.714063 0.760417 0.714063 0.766667 0.710938 0.772917 0.706250 0.793750 0.704688 0.802083 0.701562 0.820833 0.701562 0.854167 0.706250 0.866667 0.714063 0.877083 0.718750 0.881250 0.721875 0.883333 0.725000 0.885417 0.729688 0.887500 0.734375 0.887500 0.739062 0.891667 0.745313 0.893750 0.757812 0.897917 0.784375 0.906250 0.804688 0.912500 0.817187 0.912500 0.821875 0.910417 0.825000 0.908333 0.828125 0.906250 0.831250 0.902083 0.832812 0.902083 0.834375 0.900000 0.834375 0.897917 0.837500 0.893750 0.839063 0.889583 0.840625 0.885417 0.842187 0.879167 0.843750 0.872917 0.845313 0.850000 0.850000 0.818750 0.853125 0.810417 0.853125 0.802083 0.854688 0.800000 0.854688 0.793750 0.851562 0.793750 0.850000 0.791667 0.842187 0.791667 0.832812 0.785417 0.826562 0.785417 0.821875 0.781250 0.817187 0.779167 0.809375 0.779167 0.801562 0.775000 0.792188 0.775000 0.785937 0.772917 0.781250 0.768750 0.770312 0.764583 0.759375 0.762500 0.743750 0.754167 0.729688 0.750000 0.715625 0.752083
20 0.673438 0.687500 0.668750 0.689583 0.656250 0.697917 0.648438 0.704167 0.639062 0.714583 0.628125 0.729167 0.626563 0.729167 0.617188 0.741667 0.612500 0.750000 0.609375 0.756250 0.606250 0.762500 0.603125 0.772917 0.603125 0.783333 0.604688 0.787500 0.606250 0.791667 0.610938 0.800000 0.625000 0.818750 0.629687 0.822917 0.632812 0.825000 0.637500 0.827083 0.653125 0.827083 0.656250 0.825000 0.660937 0.820833 0.665625 0.816667 0.673438 0.808333 0.684375 0.793750 0.692187 0.785417 0.698438 0.781250 0.710938 0.764583 0.712500 0.758333 0.714063 0.752083 0.714063 0.741667 0.712500 0.733333 0.710938 0.727083 0.709375 0.722917 0.701562 0.708333 0.696875 0.700000 0.692187 0.693750 0.687500 0.689583 0.684375 0.687500 0.673438 0.687500
