6 0.815625 0.881250 0.807813 0.887500 0.801562 0.887500 0.782813 0.885417 0.739062 0.887500 0.700000 0.891667 0.653125 0.893750 0.559375 0.895833 0.553125 0.893750 0.550000 0.893750 0.514062 0.895833 0.512500 0.897917 0.500000 0.897917 0.500000 0.904167 0.501563 0.908333 0.514062 0.908333 0.518750 0.912500 0.545312 0.912500 0.564063 0.916667 0.609375 0.916667 0.632812 0.918750 0.651563 0.920833 0.667188 0.925000 0.689063 0.925000 0.709375 0.927083 0.723437 0.929167 0.750000 0.935417 0.770312 0.937500 0.795312 0.937500 0.810937 0.941667 0.850000 0.943750 0.857812 0.943750 0.860938 0.937500 0.860938 0.918750 0.859375 0.887500 0.856250 0.883333 0.853125 0.881250 0.815625 0.881250
6 0.828125 0.689583 0.821875 0.693750 0.821875 0.706250 0.826562 0.714583 0.828125 0.725000 0.831250 0.725000 0.834375 0.722917 0.856250 0.725000 0.859375 0.720833 0.857812 0.689583 0.854688 0.689583 0.831250 0.689583 0.828125 0.689583
6 0.804688 0.679167 0.804688 0.683333 0.807813 0.687500 0.807813 0.693750 0.814063 0.708333 0.812500 0.716667 0.814063 0.718750 0.814063 0.722917 0.817187 0.722917 0.817187 0.708333 0.815625 0.695833 0.814063 0.681250 0.810937 0.677083 0.804688 0.679167
6 0.506250 0.641667 0.506250 0.679167 0.503125 0.702083 0.503125 0.716667 0.506250 0.718750 0.684375 0.718750 0.687500 0.716667 0.685937 0.710417 0.682813 0.708333 0.678125 0.706250 0.673438 0.704167 0.657813 0.700000 0.653125 0.697917 0.643750 0.691667 0.639062 0.689583 0.623437 0.683333 0.603125 0.677083 0.573438 0.662500 0.562500 0.660417 0.542188 0.650000 0.526563 0.643750 0.520312 0.641667 0.514062 0.639583 0.506250 0.641667
6 0.829688 0.635417 0.826562 0.637500 0.821875 0.643750 0.821875 0.660417 0.823438 0.664583 0.831250 0.675000 0.843750 0.675000 0.850000 0.666667 0.851562 0.660417 0.851562 0.650000 0.842187 0.637500 0.839063 0.635417 0.829688 0.635417
6 0.801562 0.627083 0.796875 0.633333 0.796875 0.654167 0.803125 0.662500 0.807813 0.660417 0.806250 0.627083 0.801562 0.627083
6 0.592187 0.481250 0.596875 0.483333 0.603125 0.485417 0.612500 0.481250 0.604688 0.481250 0.603125 0.479167 0.592187 0.481250
6 0.701562 0.468750 0.698438 0.477083 0.689063 0.489583 0.685937 0.491667 0.682813 0.493750 0.678125 0.495833 0.656250 0.495833 0.650000 0.491667 0.635938 0.489583 0.629687 0.485417 0.617188 0.485417 0.618750 0.491667 0.623437 0.491667 0.628125 0.495833 0.634375 0.495833 0.639062 0.497917 0.642188 0.502083 0.650000 0.504167 0.660937 0.506250 0.667188 0.508333 0.676562 0.514583 0.693750 0.520833 0.700000 0.520833 0.714063 0.527083 0.718750 0.531250 0.729688 0.533333 0.734375 0.535417 0.745313 0.543750 0.750000 0.545833 0.759375 0.547917 0.768750 0.554167 0.773438 0.560417 0.775000 0.564583 0.776563 0.570833 0.776563 0.604167 0.775000 0.618750 0.771875 0.633333 0.770312 0.639583 0.765625 0.652083 0.764062 0.658333 0.762500 0.672917 0.759375 0.683333 0.748437 0.710417 0.748437 0.718750 0.751563 0.720833 0.793750 0.720833 0.800000 0.722917 0.801562 0.725000 0.806250 0.722917 0.806250 0.710417 0.804688 0.704167 0.801562 0.695833 0.796875 0.687500 0.795312 0.683333 0.793750 0.672917 0.790625 0.666667 0.785937 0.662500 0.781250 0.660417 0.784375 0.654167 0.789062 0.652083 0.789062 0.645833 0.787500 0.643750 0.787500 0.639583 0.789062 0.633333 0.790625 0.629167 0.792188 0.625000 0.800000 0.614583 0.803125 0.614583 0.806250 0.610417 0.807813 0.604167 0.810937 0.591667 0.810937 0.570833 0.807813 0.564583 0.804688 0.558333 0.792188 0.541667 0.789062 0.535417 0.787500 0.529167 0.785937 0.514583 0.789062 0.495833 0.789062 0.475000 0.782813 0.475000 0.781250 0.472917 0.760938 0.472917 0.739062 0.468750 0.712500 0.466667 0.701562 0.468750
6 0.296875 0.522917 0.292187 0.527083 0.281250 0.541667 0.275000 0.547917 0.270313 0.550000 0.267188 0.554167 0.265625 0.558333 0.265625 0.564583 0.267188 0.585417 0.268750 0.602083 0.271875 0.618750 0.273438 0.656250 0.275000 0.675000 0.276562 0.691667 0.278125 0.693750 0.278125 0.700000 0.279687 0.695833 0.281250 0.693750 0.282813 0.687500 0.285938 0.670833 0.292187 0.643750 0.293750 0.629167 0.301563 0.593750 0.303125 0.587500 0.304688 0.583333 0.312500 0.581250 0.335938 0.589583 0.346875 0.595833 0.381250 0.606250 0.398438 0.614583 0.415625 0.618750 0.421875 0.622917 0.421875 0.631250 0.420312 0.641667 0.418750 0.650000 0.414062 0.664583 0.409375 0.695833 0.404687 0.710417 0.396875 0.756250 0.393750 0.770833 0.392188 0.777083 0.389062 0.781250 0.385937 0.781250 0.384375 0.779167 0.379688 0.779167 0.373437 0.775000 0.351562 0.768750 0.350000 0.766667 0.328125 0.758333 0.310937 0.754167 0.300000 0.747917 0.293750 0.745833 0.287500 0.743750 0.279687 0.743750 0.279687 0.781250 0.281250 0.800000 0.282813 0.814583 0.285938 0.822917 0.292187 0.822917 0.320312 0.818750 0.354687 0.818750 0.385937 0.816667 0.415625 0.814583 0.418750 0.812500 0.420312 0.808333 0.420312 0.750000 0.421875 0.737500 0.423438 0.731250 0.425000 0.727083 0.428125 0.722917 0.429688 0.718750 0.429688 0.654167 0.428125 0.608333 0.423438 0.602083 0.410938 0.591667 0.403125 0.581250 0.398438 0.572917 0.395313 0.566667 0.393750 0.560417 0.389062 0.554167 0.384375 0.552083 0.376563 0.547917 0.367188 0.545833 0.362500 0.541667 0.357812 0.539583 0.351562 0.537500 0.332813 0.535417 0.321875 0.527083 0.315625 0.525000 0.307812 0.522917 0.296875 0.522917
6 0.285938 0.489583 0.284375 0.489583 0.282813 0.491667 0.281250 0.497917 0.278125 0.502083 0.276562 0.506250 0.275000 0.510417 0.275000 0.516667 0.278125 0.514583 0.279687 0.510417 0.287500 0.495833 0.290625 0.485417 0.285938 0.489583
6 0.267188 0.443750 0.259375 0.447917 0.259375 0.456250 0.260937 0.472917 0.264062 0.481250 0.268750 0.475000 0.278125 0.450000 0.278125 0.445833 0.275000 0.443750 0.267188 0.443750
6 0.365625 0.383333 0.364063 0.387500 0.362500 0.389583 0.360938 0.406250 0.360938 0.416667 0.365625 0.422917 0.375000 0.429167 0.393750 0.437500 0.410938 0.441667 0.412500 0.443750 0.415625 0.443750 0.420312 0.441667 0.443750 0.429167 0.439063 0.422917 0.434375 0.422917 0.423438 0.416667 0.420312 0.412500 0.404687 0.406250 0.390625 0.397917 0.387500 0.393750 0.376563 0.387500 0.371875 0.385417 0.365625 0.383333
6 0.529687 0.268750 0.532813 0.272917 0.539062 0.275000 0.551562 0.279167 0.571875 0.283333 0.578125 0.285417 0.587500 0.291667 0.595313 0.293750 0.607812 0.295833 0.634375 0.306250 0.642188 0.308333 0.650000 0.308333 0.657813 0.310417 0.665625 0.314583 0.673438 0.316667 0.681250 0.318750 0.692187 0.316667 0.693750 0.306250 0.695312 0.293750 0.695312 0.270833 0.637500 0.268750 0.570312 0.266667 0.529687 0.268750
6 0.392188 0.072917 0.390625 0.077083 0.389062 0.083333 0.389062 0.110417 0.384375 0.147917 0.384375 0.168750 0.381250 0.189583 0.381250 0.214583 0.378125 0.237500 0.379688 0.247917 0.410938 0.247917 0.439063 0.252083 0.460938 0.250000 0.462500 0.135417 0.462500 0.087500 0.459375 0.085417 0.451562 0.083333 0.432812 0.081250 0.423438 0.079167 0.396875 0.070833 0.392188 0.072917
8 0.459375 0.722917 0.432812 0.725000 0.429688 0.727083 0.426563 0.733333 0.425000 0.741667 0.423438 0.785417 0.423438 0.850000 0.425000 0.879167 0.426563 0.883333 0.429688 0.887500 0.457813 0.889583 0.670312 0.889583 0.712500 0.885417 0.762500 0.885417 0.796875 0.881250 0.800000 0.881250 0.807813 0.883333 0.812500 0.879167 0.840625 0.877083 0.850000 0.877083 0.868750 0.879167 0.876563 0.877083 0.881250 0.875000 0.889062 0.868750 0.898438 0.856250 0.901563 0.850000 0.903125 0.843750 0.904687 0.837500 0.906250 0.820833 0.906250 0.804167 0.904687 0.791667 0.903125 0.783333 0.901563 0.775000 0.896875 0.762500 0.890625 0.752083 0.882812 0.741667 0.878125 0.737500 0.875000 0.735417 0.871875 0.733333 0.867188 0.731250 0.860938 0.729167 0.804688 0.729167 0.795312 0.725000 0.717187 0.722917 0.573438 0.725000 0.504687 0.722917 0.459375 0.722917
8 0.168750 0.177083 0.185938 0.179167 0.193750 0.181250 0.200000 0.185417 0.200000 0.187500 0.204687 0.189583 0.207813 0.191667 0.215625 0.202083 0.217188 0.210417 0.217188 0.227083 0.215625 0.266667 0.217188 0.295833 0.220312 0.312500 0.218750 0.322917 0.220312 0.327083 0.220312 0.329167 0.221875 0.331250 0.223438 0.331250 0.235937 0.341667 0.243750 0.350000 0.245312 0.352083 0.245312 0.354167 0.248438 0.358333 0.250000 0.362500 0.251563 0.372917 0.253125 0.391667 0.256250 0.435417 0.256250 0.460417 0.257812 0.481250 0.259375 0.483333 0.259375 0.500000 0.256250 0.514583 0.256250 0.537500 0.257812 0.545833 0.260937 0.552083 0.262500 0.560417 0.264062 0.575000 0.265625 0.591667 0.270313 0.645833 0.271875 0.664583 0.271875 0.683333 0.275000 0.702083 0.276562 0.733333 0.276562 0.781250 0.278125 0.802083 0.281250 0.818750 0.281250 0.835417 0.279687 0.839583 0.276562 0.843750 0.271875 0.847917 0.268750 0.850000 0.260937 0.854167 0.246875 0.860417 0.235937 0.864583 0.229687 0.866667 0.221875 0.868750 0.214062 0.868750 0.206250 0.872917 0.196875 0.875000 0.142187 0.875000 0.137500 0.872917 0.134375 0.870833 0.131250 0.866667 0.129688 0.860417 0.128125 0.843750 0.128125 0.812500 0.126562 0.789583 0.123438 0.768750 0.123438 0.737500 0.120313 0.710417 0.118750 0.652083 0.115625 0.629167 0.114062 0.575000 0.112500 0.552083 0.110937 0.529167 0.107813 0.508333 0.106250 0.479167 0.106250 0.452083 0.101562 0.404167 0.101562 0.372917 0.103125 0.368750 0.106250 0.362500 0.121875 0.341667 0.126562 0.337500 0.128125 0.337500 0.129688 0.327083 0.126562 0.320833 0.126562 0.293750 0.123438 0.277083 0.125000 0.272917 0.123438 0.258333 0.121875 0.241667 0.117188 0.227083 0.114062 0.206250 0.114062 0.197917 0.115625 0.191667 0.118750 0.187500 0.129688 0.179167 0.135937 0.177083 0.142187 0.197917 0.137500 0.202083 0.134375 0.202083 0.131250 0.206250 0.140625 0.214583 0.140625 0.216667 0.178125 0.218750 0.189062 0.222917 0.192188 0.218750 0.190625 0.214583 0.184375 0.206250 0.179688 0.204167 0.170313 0.204167 0.160938 0.200000 0.153125 0.202083 0.150000 0.202083 0.142187 0.197917 0.135937 0.177083 0.168750 0.177083
8 0.254688 0.233333 0.245312 0.239583 0.239063 0.247917 0.237500 0.252083 0.235937 0.256250 0.234375 0.262500 0.232813 0.270833 0.231250 0.279167 0.231250 0.300000 0.232813 0.308333 0.234375 0.312500 0.237500 0.318750 0.242188 0.325000 0.246875 0.329167 0.253125 0.331250 0.259375 0.333333 0.268750 0.335417 0.284375 0.335417 0.295312 0.337500 0.303125 0.339583 0.309375 0.341667 0.315625 0.343750 0.320312 0.345833 0.332813 0.354167 0.343750 0.364583 0.360938 0.377083 0.364063 0.379167 0.379688 0.385417 0.393750 0.395833 0.404687 0.402083 0.415625 0.406250 0.426563 0.412500 0.429688 0.416667 0.434375 0.418750 0.451562 0.427083 0.459375 0.429167 0.467187 0.429167 0.473438 0.431250 0.479687 0.433333 0.496875 0.439583 0.507812 0.445833 0.514062 0.447917 0.520312 0.450000 0.529687 0.452083 0.539062 0.452083 0.546875 0.454167 0.560937 0.460417 0.575000 0.462500 0.601562 0.472917 0.635938 0.483333 0.650000 0.487500 0.657813 0.489583 0.665625 0.491667 0.675000 0.491667 0.681250 0.489583 0.684375 0.487500 0.687500 0.485417 0.693750 0.477083 0.695312 0.472917 0.696875 0.468750 0.698438 0.456250 0.703125 0.447917 0.704688 0.443750 0.707812 0.433333 0.709375 0.416667 0.714063 0.400000 0.715625 0.391667 0.717187 0.366667 0.717187 0.356250 0.715625 0.350000 0.712500 0.343750 0.706250 0.335417 0.700000 0.331250 0.690625 0.325000 0.685937 0.322917 0.664062 0.316667 0.656250 0.314583 0.640625 0.312500 0.632812 0.310417 0.618750 0.306250 0.606250 0.300000 0.593750 0.297917 0.587500 0.295833 0.564063 0.285417 0.557813 0.283333 0.535937 0.279167 0.529687 0.277083 0.517188 0.270833 0.510938 0.268750 0.501563 0.266667 0.465625 0.258333 0.454688 0.256250 0.432812 0.254167 0.359375 0.256250 0.329688 0.256250 0.321875 0.254167 0.303125 0.247917 0.298438 0.245833 0.285938 0.237500 0.279687 0.235417 0.271875 0.233333 0.254688 0.233333
8 0.315625 0.397917 0.321875 0.400000 0.328125 0.402083 0.337500 0.414583 0.340625 0.416667 0.343750 0.418750 0.348438 0.418750 0.356250 0.422917 0.359375 0.427083 0.364063 0.427083 0.390625 0.441667 0.395313 0.443750 0.401562 0.445833 0.407813 0.447917 0.420312 0.447917 0.435937 0.437500 0.442188 0.435417 0.450000 0.433333 0.459375 0.433333 0.470313 0.435417 0.481250 0.439583 0.496875 0.445833 0.512500 0.452083 0.517188 0.456250 0.532813 0.462500 0.568750 0.477083 0.584375 0.483333 0.610938 0.491667 0.628125 0.497917 0.632812 0.502083 0.637500 0.504167 0.665625 0.512500 0.676562 0.516667 0.712500 0.533333 0.723437 0.535417 0.732812 0.539583 0.737500 0.541667 0.740625 0.545833 0.743750 0.547917 0.750000 0.550000 0.764062 0.554167 0.767188 0.556250 0.770312 0.558333 0.771875 0.562500 0.773438 0.568750 0.775000 0.579167 0.775000 0.591667 0.773438 0.593750 0.773438 0.608333 0.771875 0.618750 0.770312 0.627083 0.767188 0.641667 0.764062 0.647917 0.762500 0.660417 0.759375 0.672917 0.756250 0.683333 0.751563 0.697917 0.746875 0.708333 0.743750 0.714583 0.740625 0.718750 0.735938 0.720833 0.729688 0.720833 0.718750 0.718750 0.712500 0.716667 0.703125 0.710417 0.690625 0.708333 0.664062 0.697917 0.629687 0.681250 0.614062 0.677083 0.589063 0.666667 0.584375 0.662500 0.579688 0.660417 0.568750 0.658333 0.532813 0.641667 0.521875 0.637500 0.510938 0.635417 0.484375 0.625000 0.453125 0.610417 0.431250 0.604167 0.421875 0.597917 0.415625 0.591667 0.409375 0.585417 0.401562 0.572917 0.398438 0.566667 0.396875 0.560417 0.393750 0.556250 0.393750 0.554167 0.392188 0.552083 0.389062 0.550000 0.381250 0.545833 0.376563 0.543750 0.371875 0.543750 0.367188 0.541667 0.362500 0.537500 0.357812 0.535417 0.351562 0.533333 0.339062 0.531250 0.332813 0.529167 0.323437 0.522917 0.315625 0.520833 0.307812 0.518750 0.295312 0.518750 0.289062 0.525000 0.278125 0.539583 0.273438 0.543750 0.267188 0.545833 0.262500 0.543750 0.262500 0.535417 0.260937 0.533333 0.260937 0.512500 0.270313 0.514583 0.270313 0.518750 0.273438 0.522917 0.282813 0.512500 0.292187 0.493750 0.293750 0.489583 0.293750 0.481250 0.289062 0.479167 0.284375 0.483333 0.279687 0.489583 0.275000 0.500000 0.273438 0.504167 0.271875 0.508333 0.270313 0.514583 0.260937 0.512500 0.262500 0.504167 0.264062 0.495833 0.265625 0.489583 0.267188 0.485417 0.270313 0.481250 0.270313 0.477083 0.273438 0.472917 0.273438 0.468750 0.275000 0.464583 0.278125 0.460417 0.278125 0.456250 0.281250 0.450000 0.284375 0.443750 0.289062 0.435417 0.293750 0.427083 0.303125 0.414583 0.306250 0.404167 0.310937 0.397917 0.315625 0.397917
8 0.493750 0.075000 0.479687 0.077083 0.471875 0.079167 0.468750 0.081250 0.465625 0.085417 0.464062 0.095833 0.462500 0.195833 0.462500 0.245833 0.465625 0.254167 0.470313 0.256250 0.476562 0.258333 0.487500 0.260417 0.507812 0.262500 0.576562 0.264583 0.585938 0.264583 0.607812 0.262500 0.626563 0.266667 0.693750 0.266667 0.698438 0.264583 0.714063 0.243750 0.717187 0.243750 0.720313 0.241667 0.732812 0.243750 0.735938 0.245833 0.740625 0.252083 0.743750 0.258333 0.743750 0.260417 0.745313 0.262500 0.748437 0.264583 0.775000 0.262500 0.789062 0.262500 0.795312 0.264583 0.798438 0.268750 0.801562 0.268750 0.804688 0.272917 0.817187 0.272917 0.825000 0.262500 0.828125 0.247917 0.832812 0.241667 0.839063 0.239583 0.850000 0.225000 0.854688 0.216667 0.857812 0.210417 0.860938 0.204167 0.862500 0.200000 0.864062 0.193750 0.865625 0.187500 0.865625 0.162500 0.864062 0.156250 0.862500 0.152083 0.860938 0.147917 0.856250 0.137500 0.846875 0.125000 0.840625 0.118750 0.832812 0.116667 0.821875 0.102083 0.818750 0.100000 0.812500 0.097917 0.789062 0.097917 0.781250 0.093750 0.768750 0.091667 0.762500 0.091667 0.756250 0.093750 0.750000 0.102083 0.750000 0.104167 0.743750 0.112500 0.721875 0.112500 0.718750 0.108333 0.714063 0.095833 0.709375 0.089583 0.706250 0.087500 0.701562 0.085417 0.679688 0.083333 0.639062 0.081250 0.590625 0.081250 0.539062 0.079167 0.506250 0.075000 0.493750 0.075000
8 0.887500 0.247917 0.912500 0.254167 0.918750 0.256250 0.926562 0.258333 0.929688 0.260417 0.931250 0.262500 0.932813 0.266667 0.934375 0.277083 0.932813 0.300000 0.928125 0.345833 0.926562 0.370833 0.926562 0.402083 0.918750 0.487500 0.917188 0.504167 0.914062 0.531250 0.912500 0.541667 0.910937 0.545833 0.907813 0.552083 0.901563 0.560417 0.898438 0.562500 0.892188 0.564583 0.887500 0.568750 0.882812 0.572917 0.879687 0.577083 0.875000 0.587500 0.873437 0.597917 0.873437 0.606250 0.875000 0.608333 0.875000 0.618750 0.871875 0.625000 0.865625 0.652083 0.864062 0.668750 0.860938 0.675000 0.860938 0.679167 0.859375 0.683333 0.850000 0.689583 0.839063 0.689583 0.831250 0.685417 0.829688 0.677083 0.837500 0.679167 0.842187 0.677083 0.846875 0.675000 0.853125 0.666667 0.854688 0.662500 0.854688 0.654167 0.853125 0.647917 0.845313 0.637500 0.840625 0.633333 0.834375 0.633333 0.829688 0.635417 0.826562 0.637500 0.820312 0.645833 0.818750 0.650000 0.818750 0.658333 0.820312 0.662500 0.821875 0.666667 0.829688 0.677083 0.831250 0.685417 0.823438 0.685417 0.820312 0.689583 0.820312 0.695833 0.823438 0.706250 0.825000 0.720833 0.825000 0.725000 0.821875 0.727083 0.818750 0.727083 0.818750 0.716667 0.817187 0.714583 0.815625 0.700000 0.815625 0.679167 0.812500 0.675000 0.809375 0.675000 0.806250 0.670833 0.803125 0.681250 0.807813 0.689583 0.809375 0.693750 0.809375 0.704167 0.812500 0.712500 0.812500 0.727083 0.809375 0.727083 0.807813 0.710417 0.806250 0.706250 0.804688 0.702083 0.800000 0.695833 0.798438 0.691667 0.796875 0.679167 0.795312 0.672917 0.793750 0.668750 0.792188 0.664583 0.785937 0.662500 0.784375 0.660417 0.781250 0.660417 0.781250 0.656250 0.787500 0.654167 0.790625 0.650000 0.790625 0.635417 0.792188 0.633333 0.796875 0.633333 0.795312 0.652083 0.796875 0.656250 0.800000 0.660417 0.803125 0.662500 0.807813 0.662500 0.809375 0.627083 0.804688 0.625000 0.796875 0.633333 0.792188 0.633333 0.792188 0.627083 0.795312 0.622917 0.796875 0.620833 0.800000 0.618750 0.807813 0.616667 0.809375 0.604167 0.814063 0.589583 0.814063 0.570833 0.812500 0.566667 0.809375 0.560417 0.793750 0.539583 0.792188 0.535417 0.790625 0.529167 0.790625 0.500000 0.793750 0.487500 0.793750 0.466667 0.795312 0.447917 0.798438 0.433333 0.800000 0.416667 0.801562 0.400000 0.801562 0.381250 0.804688 0.364583 0.806250 0.325000 0.809375 0.310417 0.809375 0.295833 0.810937 0.283333 0.814063 0.279167 0.818750 0.277083 0.821875 0.275000 0.823438 0.272917 0.823438 0.270833 0.826562 0.266667 0.828125 0.262500 0.828125 0.258333 0.829688 0.254167 0.831250 0.250000 0.834375 0.247917 0.868750 0.245833 0.887500 0.247917
