16 0.670312 0.358333 0.664062 0.362500 0.662500 0.366667 0.662500 0.381250 0.673438 0.381250 0.676562 0.385417 0.678125 0.391667 0.679688 0.408333 0.679688 0.425000 0.684375 0.475000 0.687500 0.489583 0.689063 0.502083 0.689063 0.508333 0.684375 0.514583 0.678125 0.514583 0.673438 0.516667 0.670312 0.518750 0.665625 0.525000 0.664062 0.531250 0.664062 0.545833 0.665625 0.550000 0.671875 0.558333 0.675000 0.560417 0.679688 0.562500 0.685937 0.564583 0.698438 0.564583 0.700000 0.572917 0.704688 0.572917 0.717187 0.564583 0.723437 0.556250 0.726562 0.560417 0.726562 0.564583 0.725000 0.566667 0.723437 0.583333 0.718750 0.591667 0.707812 0.627083 0.709375 0.631250 0.712500 0.637500 0.717187 0.641667 0.721875 0.635417 0.729688 0.618750 0.732812 0.608333 0.745313 0.583333 0.753125 0.575000 0.754687 0.572917 0.759375 0.564583 0.760938 0.560417 0.762500 0.552083 0.767188 0.545833 0.784375 0.545833 0.789062 0.543750 0.792188 0.541667 0.795312 0.539583 0.796875 0.522917 0.792188 0.512500 0.792188 0.508333 0.795312 0.504167 0.798438 0.502083 0.817187 0.493750 0.821875 0.491667 0.826562 0.485417 0.834375 0.481250 0.854688 0.472917 0.860938 0.468750 0.862500 0.464583 0.862500 0.456250 0.860938 0.452083 0.850000 0.452083 0.843750 0.454167 0.820312 0.466667 0.809375 0.468750 0.800000 0.472917 0.790625 0.479167 0.785937 0.481250 0.782813 0.479167 0.768750 0.460417 0.764062 0.456250 0.756250 0.454167 0.753125 0.452083 0.753125 0.435417 0.751563 0.425000 0.748437 0.422917 0.743750 0.420833 0.734375 0.420833 0.732812 0.425000 0.726562 0.427083 0.721875 0.420833 0.720313 0.416667 0.718750 0.412500 0.718750 0.406250 0.717187 0.402083 0.715625 0.397917 0.710938 0.391667 0.706250 0.391667 0.703125 0.395833 0.703125 0.402083 0.704688 0.408333 0.706250 0.412500 0.712500 0.422917 0.715625 0.433333 0.720313 0.439583 0.721875 0.443750 0.723437 0.447917 0.725000 0.454167 0.725000 0.460417 0.723437 0.466667 0.720313 0.470833 0.718750 0.477083 0.717187 0.485417 0.717187 0.506250 0.714063 0.510417 0.704688 0.512500 0.701562 0.512500 0.698438 0.510417 0.695312 0.495833 0.693750 0.468750 0.689063 0.443750 0.689063 0.427083 0.685937 0.412500 0.684375 0.397917 0.684375 0.381250 0.687500 0.377083 0.696875 0.375000 0.696875 0.370833 0.693750 0.366667 0.693750 0.362500 0.690625 0.358333 0.681250 0.356250 0.670312 0.358333
21 0.170313 0.360417 0.167187 0.362500 0.162500 0.366667 0.160938 0.370833 0.159375 0.375000 0.157812 0.395833 0.159375 0.402083 0.165625 0.410417 0.168750 0.412500 0.171875 0.414583 0.181250 0.414583 0.201563 0.410417 0.212500 0.412500 0.218750 0.412500 0.225000 0.408333 0.228125 0.404167 0.229687 0.400000 0.229687 0.389583 0.228125 0.385417 0.221875 0.377083 0.217188 0.375000 0.203125 0.372917 0.196875 0.370833 0.192188 0.368750 0.181250 0.360417 0.170313 0.360417
11 0.314063 0.154167 0.304688 0.156250 0.300000 0.158333 0.295312 0.160417 0.287500 0.164583 0.281250 0.170833 0.271875 0.181250 0.268750 0.185417 0.268750 0.187500 0.264062 0.193750 0.259375 0.204167 0.257812 0.208333 0.256250 0.212500 0.254688 0.218750 0.253125 0.227083 0.251563 0.235417 0.250000 0.252083 0.250000 0.260417 0.253125 0.279167 0.254688 0.285417 0.265625 0.314583 0.268750 0.320833 0.273438 0.327083 0.275000 0.327083 0.281250 0.335417 0.287500 0.339583 0.296875 0.345833 0.301563 0.347917 0.307812 0.350000 0.315625 0.352083 0.329688 0.352083 0.337500 0.350000 0.345313 0.347917 0.350000 0.345833 0.353125 0.343750 0.354687 0.339583 0.350000 0.339583 0.348438 0.337500 0.337500 0.337500 0.334375 0.335417 0.331250 0.333333 0.325000 0.325000 0.320312 0.320833 0.318750 0.320833 0.315625 0.316667 0.312500 0.314583 0.307812 0.308333 0.298438 0.295833 0.293750 0.287500 0.290625 0.281250 0.285938 0.270833 0.284375 0.264583 0.282813 0.258333 0.282813 0.229167 0.284375 0.222917 0.287500 0.216667 0.293750 0.208333 0.303125 0.202083 0.307812 0.200000 0.332813 0.200000 0.343750 0.204167 0.354687 0.210417 0.359375 0.214583 0.370312 0.225000 0.376563 0.231250 0.387500 0.245833 0.390625 0.254167 0.396875 0.262500 0.398438 0.258333 0.398438 0.237500 0.396875 0.229167 0.395313 0.222917 0.393750 0.216667 0.387500 0.200000 0.384375 0.193750 0.373437 0.179167 0.367188 0.172917 0.360938 0.168750 0.348438 0.160417 0.343750 0.158333 0.339062 0.156250 0.329688 0.154167 0.314063 0.154167
12 0.250000 0.497917 0.242188 0.500000 0.235937 0.502083 0.229687 0.504167 0.225000 0.506250 0.217188 0.512500 0.206250 0.527083 0.192188 0.535417 0.187500 0.539583 0.182812 0.543750 0.176563 0.554167 0.175000 0.558333 0.173437 0.562500 0.171875 0.568750 0.170313 0.575000 0.170313 0.600000 0.171875 0.606250 0.173437 0.612500 0.175000 0.616667 0.176563 0.620833 0.190625 0.639583 0.193750 0.641667 0.198437 0.643750 0.203125 0.643750 0.203125 0.639583 0.201563 0.633333 0.196875 0.622917 0.195312 0.614583 0.195312 0.591667 0.196875 0.585417 0.198437 0.581250 0.200000 0.577083 0.206250 0.568750 0.210938 0.564583 0.214062 0.562500 0.217188 0.560417 0.221875 0.558333 0.242188 0.558333 0.250000 0.560417 0.254688 0.562500 0.257812 0.564583 0.260937 0.568750 0.264062 0.568750 0.278125 0.579167 0.284375 0.585417 0.290625 0.591667 0.300000 0.604167 0.306250 0.604167 0.307812 0.597917 0.309375 0.591667 0.312500 0.575000 0.312500 0.568750 0.310937 0.566667 0.310937 0.558333 0.309375 0.552083 0.307812 0.545833 0.306250 0.541667 0.304688 0.537500 0.301563 0.531250 0.298438 0.525000 0.290625 0.514583 0.285938 0.510417 0.282813 0.508333 0.279687 0.506250 0.275000 0.504167 0.270313 0.502083 0.264062 0.500000 0.257812 0.497917 0.250000 0.497917
12 0.485938 0.533333 0.479687 0.535417 0.475000 0.537500 0.468750 0.541667 0.459375 0.547917 0.454688 0.552083 0.446875 0.562500 0.440625 0.572917 0.434375 0.587500 0.432812 0.593750 0.431250 0.600000 0.429688 0.608333 0.429688 0.643750 0.431250 0.652083 0.432812 0.658333 0.439063 0.675000 0.442188 0.681250 0.450000 0.693750 0.457813 0.702083 0.465625 0.708333 0.468750 0.710417 0.476562 0.714583 0.482812 0.716667 0.489063 0.718750 0.507812 0.718750 0.517188 0.716667 0.521875 0.714583 0.526563 0.712500 0.535937 0.706250 0.542188 0.700000 0.542188 0.691667 0.540625 0.691667 0.537500 0.687500 0.532813 0.685417 0.512500 0.658333 0.510938 0.652083 0.510938 0.631250 0.512500 0.627083 0.514062 0.622917 0.518750 0.616667 0.523438 0.612500 0.528125 0.608333 0.531250 0.606250 0.545312 0.600000 0.554688 0.600000 0.565625 0.595833 0.564063 0.587500 0.557813 0.572917 0.553125 0.564583 0.548438 0.560417 0.548438 0.558333 0.545312 0.554167 0.540625 0.550000 0.535937 0.545833 0.523438 0.537500 0.517188 0.535417 0.510938 0.533333 0.485938 0.533333
4 0.223438 0.560417 0.217188 0.562500 0.214062 0.564583 0.210938 0.566667 0.206250 0.570833 0.201563 0.577083 0.200000 0.581250 0.198437 0.585417 0.196875 0.591667 0.196875 0.618750 0.198437 0.625000 0.201563 0.629167 0.201563 0.633333 0.204687 0.637500 0.204687 0.641667 0.210938 0.652083 0.217188 0.662500 0.229687 0.679167 0.235937 0.685417 0.246875 0.693750 0.250000 0.695833 0.257812 0.700000 0.264062 0.702083 0.290625 0.702083 0.304688 0.695833 0.312500 0.695833 0.317188 0.697917 0.325000 0.704167 0.340625 0.722917 0.356250 0.737500 0.371875 0.754167 0.385937 0.772917 0.393750 0.781250 0.407813 0.793750 0.421875 0.810417 0.428125 0.816667 0.443750 0.831250 0.448437 0.835417 0.453125 0.839583 0.465625 0.850000 0.476562 0.858333 0.485938 0.864583 0.490625 0.866667 0.498437 0.866667 0.501563 0.862500 0.503125 0.858333 0.503125 0.852083 0.501563 0.847917 0.495312 0.839583 0.487500 0.833333 0.479687 0.822917 0.456250 0.800000 0.440625 0.785417 0.429688 0.777083 0.414062 0.762500 0.403125 0.750000 0.398438 0.745833 0.376563 0.729167 0.371875 0.722917 0.354687 0.708333 0.346875 0.704167 0.340625 0.695833 0.332813 0.689583 0.325000 0.685417 0.318750 0.677083 0.317188 0.668750 0.317188 0.645833 0.315625 0.637500 0.312500 0.627083 0.307812 0.618750 0.304688 0.612500 0.292187 0.595833 0.284375 0.587500 0.279687 0.583333 0.271875 0.577083 0.257812 0.566667 0.254688 0.564583 0.248438 0.562500 0.240625 0.560417 0.223438 0.560417
15 0.559375 0.133333 0.557813 0.139583 0.553125 0.164583 0.551562 0.175000 0.551562 0.193750 0.554688 0.206250 0.554688 0.229167 0.556250 0.250000 0.559375 0.260417 0.559375 0.268750 0.562500 0.272917 0.571875 0.279167 0.576562 0.281250 0.606250 0.293750 0.621875 0.297917 0.626563 0.300000 0.631250 0.304167 0.635938 0.306250 0.656250 0.314583 0.667188 0.318750 0.675000 0.320833 0.684375 0.320833 0.690625 0.325000 0.704688 0.327083 0.715625 0.333333 0.723437 0.335417 0.732812 0.337500 0.740625 0.337500 0.743750 0.333333 0.745313 0.329167 0.746875 0.325000 0.750000 0.314583 0.751563 0.308333 0.753125 0.302083 0.754687 0.293750 0.754687 0.285417 0.756250 0.277083 0.759375 0.262500 0.760938 0.254167 0.762500 0.250000 0.765625 0.243750 0.770312 0.237500 0.771875 0.233333 0.773438 0.229167 0.773438 0.210417 0.771875 0.204167 0.770312 0.200000 0.764062 0.191667 0.760938 0.189583 0.757812 0.187500 0.750000 0.183333 0.729688 0.177083 0.709375 0.166667 0.703125 0.164583 0.690625 0.162500 0.684375 0.158333 0.670312 0.154167 0.662500 0.152083 0.623437 0.152083 0.614062 0.147917 0.600000 0.147917 0.596875 0.143750 0.595313 0.135417 0.592187 0.131250 0.581250 0.131250 0.559375 0.133333
15 0.345313 0.693750 0.346875 0.697917 0.346875 0.700000 0.348438 0.702083 0.350000 0.702083 0.353125 0.706250 0.373437 0.722917 0.376563 0.725000 0.378125 0.720833 0.379688 0.718750 0.379688 0.695833 0.376563 0.693750 0.345313 0.693750
15 0.196875 0.681250 0.187500 0.685417 0.185938 0.691667 0.184375 0.716667 0.182812 0.752083 0.181250 0.791667 0.182812 0.812500 0.218750 0.812500 0.248438 0.814583 0.276562 0.816667 0.306250 0.818750 0.331250 0.822917 0.362500 0.825000 0.371875 0.825000 0.375000 0.820833 0.376563 0.816667 0.376563 0.766667 0.373437 0.760417 0.367188 0.752083 0.359375 0.743750 0.353125 0.739583 0.343750 0.729167 0.335938 0.718750 0.328125 0.710417 0.323437 0.706250 0.318750 0.702083 0.315625 0.700000 0.310937 0.697917 0.307812 0.697917 0.300000 0.700000 0.292187 0.704167 0.282813 0.706250 0.273438 0.706250 0.257812 0.704167 0.251563 0.700000 0.248438 0.697917 0.239063 0.689583 0.234375 0.687500 0.228125 0.685417 0.217188 0.683333 0.196875 0.681250
4 0.570312 0.597917 0.560937 0.602083 0.548438 0.602083 0.542188 0.604167 0.535937 0.606250 0.532813 0.608333 0.529687 0.610417 0.520312 0.618750 0.514062 0.627083 0.512500 0.641667 0.514062 0.654167 0.517188 0.662500 0.520312 0.666667 0.526563 0.675000 0.531250 0.681250 0.535937 0.685417 0.546875 0.693750 0.559375 0.702083 0.570312 0.706250 0.576562 0.708333 0.585938 0.710417 0.606250 0.710417 0.614062 0.708333 0.621875 0.704167 0.628125 0.697917 0.635938 0.685417 0.642188 0.677083 0.645312 0.675000 0.656250 0.677083 0.665625 0.681250 0.675000 0.681250 0.684375 0.683333 0.692187 0.685417 0.707812 0.691667 0.715625 0.691667 0.729688 0.697917 0.751563 0.702083 0.764062 0.706250 0.782813 0.712500 0.793750 0.716667 0.809375 0.725000 0.820312 0.729167 0.826562 0.729167 0.829688 0.725000 0.831250 0.704167 0.831250 0.697917 0.828125 0.689583 0.825000 0.687500 0.820312 0.685417 0.807813 0.683333 0.790625 0.681250 0.768750 0.679167 0.765625 0.679167 0.764062 0.681250 0.760938 0.681250 0.759375 0.679167 0.754687 0.681250 0.745313 0.677083 0.732812 0.675000 0.715625 0.675000 0.706250 0.672917 0.695312 0.670833 0.689063 0.666667 0.682813 0.664583 0.667188 0.662500 0.651563 0.662500 0.646875 0.660417 0.643750 0.656250 0.642188 0.650000 0.640625 0.641667 0.639062 0.637500 0.637500 0.633333 0.634375 0.627083 0.631250 0.622917 0.621875 0.612500 0.617188 0.608333 0.609375 0.604167 0.604688 0.602083 0.595313 0.600000 0.585938 0.597917 0.570312 0.597917
21 0.837500 0.583333 0.834375 0.585417 0.831250 0.587500 0.826562 0.593750 0.825000 0.600000 0.826562 0.606250 0.829688 0.610417 0.839063 0.616667 0.848437 0.620833 0.860938 0.627083 0.865625 0.627083 0.870313 0.631250 0.876563 0.633333 0.882812 0.633333 0.887500 0.631250 0.893750 0.625000 0.896875 0.622917 0.901563 0.620833 0.903125 0.614583 0.903125 0.606250 0.901563 0.604167 0.901563 0.600000 0.898438 0.597917 0.892188 0.595833 0.884375 0.589583 0.870313 0.589583 0.859375 0.585417 0.848437 0.583333 0.837500 0.583333
4 0.310937 0.202083 0.303125 0.204167 0.300000 0.206250 0.296875 0.208333 0.292187 0.212500 0.289062 0.216667 0.285938 0.222917 0.284375 0.229167 0.284375 0.258333 0.285938 0.266667 0.287500 0.270833 0.292187 0.281250 0.295312 0.287500 0.304688 0.300000 0.315625 0.310417 0.328125 0.327083 0.332813 0.331250 0.335938 0.333333 0.340625 0.335417 0.348438 0.335417 0.357812 0.339583 0.381250 0.335417 0.396875 0.335417 0.400000 0.337500 0.404687 0.341667 0.414062 0.352083 0.423438 0.364583 0.432812 0.375000 0.439063 0.379167 0.448437 0.389583 0.467187 0.410417 0.478125 0.425000 0.487500 0.435417 0.495312 0.443750 0.509375 0.458333 0.520312 0.466667 0.526563 0.472917 0.532813 0.481250 0.539062 0.487500 0.550000 0.497917 0.564063 0.510417 0.571875 0.516667 0.579688 0.522917 0.582812 0.525000 0.587500 0.525000 0.590625 0.522917 0.593750 0.516667 0.595313 0.510417 0.593750 0.506250 0.582812 0.491667 0.571875 0.479167 0.560937 0.466667 0.532813 0.437500 0.521875 0.427083 0.506250 0.412500 0.487500 0.395833 0.450000 0.364583 0.439063 0.352083 0.434375 0.350000 0.418750 0.335417 0.412500 0.329167 0.404687 0.318750 0.403125 0.314583 0.401562 0.306250 0.401562 0.291667 0.400000 0.283333 0.398438 0.275000 0.396875 0.268750 0.395313 0.264583 0.393750 0.260417 0.389062 0.252083 0.373437 0.231250 0.357812 0.216667 0.348438 0.210417 0.343750 0.208333 0.337500 0.206250 0.323437 0.202083 0.310937 0.202083
