10 0.401562 0.583333 0.395313 0.585417 0.385937 0.591667 0.379688 0.593750 0.373437 0.593750 0.367188 0.595833 0.359375 0.600000 0.356250 0.602083 0.353125 0.604167 0.348438 0.608333 0.332813 0.629167 0.329688 0.635417 0.325000 0.645833 0.323437 0.650000 0.321875 0.656250 0.320312 0.666667 0.320312 0.700000 0.321875 0.708333 0.326562 0.725000 0.328125 0.729167 0.329688 0.733333 0.332813 0.739583 0.342187 0.752083 0.346875 0.756250 0.354687 0.762500 0.357812 0.762500 0.360938 0.766667 0.365625 0.768750 0.371875 0.770833 0.398438 0.770833 0.404687 0.768750 0.409375 0.766667 0.414062 0.764583 0.417187 0.762500 0.420312 0.760417 0.425000 0.756250 0.432812 0.747917 0.440625 0.735417 0.443750 0.729167 0.448437 0.716667 0.453125 0.695833 0.454688 0.691667 0.459375 0.685417 0.462500 0.675000 0.464062 0.656250 0.464062 0.652083 0.462500 0.637500 0.460938 0.631250 0.459375 0.627083 0.457813 0.622917 0.454688 0.616667 0.451562 0.610417 0.442188 0.597917 0.437500 0.593750 0.432812 0.589583 0.428125 0.587500 0.418750 0.583333 0.401562 0.583333
16 0.567187 0.370833 0.564063 0.372917 0.560937 0.377083 0.560937 0.389583 0.564063 0.412500 0.567187 0.422917 0.567187 0.445833 0.570312 0.466667 0.571875 0.468750 0.571875 0.475000 0.565625 0.483333 0.556250 0.491667 0.553125 0.495833 0.550000 0.502083 0.548438 0.506250 0.546875 0.514583 0.543750 0.518750 0.540625 0.518750 0.539062 0.516667 0.528125 0.514583 0.517188 0.510417 0.501563 0.502083 0.485938 0.495833 0.475000 0.493750 0.459375 0.487500 0.456250 0.485417 0.453125 0.483333 0.453125 0.470833 0.451562 0.466667 0.442188 0.464583 0.435937 0.462500 0.431250 0.458333 0.426563 0.460417 0.421875 0.468750 0.418750 0.475000 0.418750 0.481250 0.421875 0.502083 0.432812 0.502083 0.440625 0.508333 0.445312 0.508333 0.446875 0.502083 0.450000 0.497917 0.459375 0.497917 0.470313 0.502083 0.485938 0.510417 0.496875 0.514583 0.507812 0.516667 0.514062 0.518750 0.518750 0.522917 0.525000 0.522917 0.531250 0.527083 0.534375 0.529167 0.535937 0.533333 0.532813 0.537500 0.528125 0.539583 0.523438 0.541667 0.517188 0.543750 0.507812 0.545833 0.500000 0.543750 0.492188 0.539583 0.485938 0.539583 0.479687 0.543750 0.478125 0.547917 0.482812 0.554167 0.485938 0.556250 0.490625 0.558333 0.500000 0.558333 0.507812 0.560417 0.515625 0.562500 0.520312 0.564583 0.523438 0.566667 0.525000 0.572917 0.520312 0.579167 0.501563 0.593750 0.498437 0.602083 0.500000 0.606250 0.510938 0.606250 0.517188 0.602083 0.526563 0.595833 0.534375 0.587500 0.545312 0.587500 0.548438 0.589583 0.551562 0.591667 0.556250 0.600000 0.551562 0.606250 0.550000 0.606250 0.543750 0.614583 0.537500 0.620833 0.526563 0.629167 0.520312 0.635417 0.515625 0.641667 0.515625 0.647917 0.518750 0.652083 0.521875 0.652083 0.525000 0.650000 0.529687 0.645833 0.539062 0.635417 0.543750 0.633333 0.554688 0.622917 0.562500 0.614583 0.565625 0.610417 0.568750 0.600000 0.575000 0.591667 0.585938 0.579167 0.587500 0.575000 0.590625 0.562500 0.593750 0.566667 0.596875 0.577083 0.598437 0.583333 0.600000 0.593750 0.600000 0.606250 0.596875 0.620833 0.595313 0.637500 0.596875 0.656250 0.603125 0.656250 0.606250 0.654167 0.607812 0.650000 0.609375 0.643750 0.610938 0.635417 0.610938 0.625000 0.614062 0.608333 0.615625 0.600000 0.617188 0.595833 0.620313 0.591667 0.631250 0.591667 0.635938 0.595833 0.650000 0.612500 0.662500 0.629167 0.670312 0.633333 0.673438 0.631250 0.673438 0.622917 0.671875 0.618750 0.662500 0.608333 0.657813 0.602083 0.656250 0.595833 0.654687 0.593750 0.651563 0.591667 0.646875 0.583333 0.646875 0.575000 0.643750 0.570833 0.642188 0.566667 0.642188 0.554167 0.640625 0.550000 0.637500 0.545833 0.637500 0.543750 0.635938 0.541667 0.632812 0.539583 0.629687 0.537500 0.620313 0.535417 0.617188 0.531250 0.617188 0.525000 0.618750 0.520833 0.621875 0.516667 0.621875 0.514583 0.629687 0.506250 0.629687 0.502083 0.626563 0.500000 0.620313 0.497917 0.618750 0.493750 0.617188 0.485417 0.615625 0.481250 0.607812 0.470833 0.607812 0.464583 0.610938 0.450000 0.609375 0.425000 0.606250 0.422917 0.603125 0.425000 0.603125 0.429167 0.601562 0.431250 0.601562 0.447917 0.598437 0.468750 0.595313 0.470833 0.592187 0.468750 0.589063 0.460417 0.587500 0.441667 0.585938 0.433333 0.581250 0.418750 0.579688 0.410417 0.576562 0.383333 0.575000 0.375000 0.571875 0.370833 0.567187 0.370833
21 0.273438 0.839583 0.270313 0.841667 0.267188 0.843750 0.256250 0.854167 0.237500 0.879167 0.229687 0.883333 0.226562 0.887500 0.225000 0.891667 0.223438 0.895833 0.223438 0.908333 0.225000 0.912500 0.226562 0.916667 0.228125 0.918750 0.231250 0.920833 0.237500 0.925000 0.243750 0.925000 0.248438 0.922917 0.251563 0.920833 0.254688 0.916667 0.254688 0.914583 0.257812 0.910417 0.287500 0.872917 0.289062 0.868750 0.290625 0.858333 0.290625 0.847917 0.285938 0.841667 0.282813 0.839583 0.273438 0.839583
7 0.531250 0.185417 0.525000 0.193750 0.518750 0.204167 0.515625 0.210417 0.512500 0.216667 0.507812 0.227083 0.506250 0.231250 0.504687 0.235417 0.501563 0.245833 0.500000 0.252083 0.500000 0.260417 0.506250 0.268750 0.510938 0.270833 0.515625 0.277083 0.520312 0.279167 0.531250 0.279167 0.534375 0.281250 0.537500 0.285417 0.539062 0.289583 0.545312 0.316667 0.546875 0.320833 0.550000 0.327083 0.557813 0.339583 0.560937 0.343750 0.578125 0.364583 0.585938 0.370833 0.595313 0.379167 0.615625 0.395833 0.623437 0.400000 0.631250 0.402083 0.634375 0.404167 0.637500 0.408333 0.645312 0.410417 0.648438 0.412500 0.654687 0.420833 0.660937 0.425000 0.668750 0.429167 0.679688 0.439583 0.682813 0.439583 0.685937 0.443750 0.692187 0.445833 0.695312 0.447917 0.707812 0.458333 0.712500 0.462500 0.717187 0.466667 0.726562 0.479167 0.732812 0.485417 0.737500 0.487500 0.742188 0.493750 0.746875 0.497917 0.753125 0.500000 0.757812 0.506250 0.762500 0.516667 0.770312 0.525000 0.775000 0.529167 0.779687 0.533333 0.787500 0.539583 0.798438 0.545833 0.806250 0.554167 0.815625 0.560417 0.821875 0.562500 0.829688 0.562500 0.834375 0.560417 0.840625 0.552083 0.840625 0.550000 0.845313 0.543750 0.848437 0.543750 0.853125 0.539583 0.862500 0.527083 0.864062 0.522917 0.864062 0.518750 0.865625 0.514583 0.864062 0.500000 0.867188 0.495833 0.871875 0.493750 0.876563 0.493750 0.884375 0.483333 0.887500 0.472917 0.887500 0.460417 0.885938 0.445833 0.884375 0.441667 0.873437 0.427083 0.867188 0.422917 0.860938 0.414583 0.853125 0.408333 0.845313 0.402083 0.839063 0.397917 0.829688 0.391667 0.825000 0.389583 0.820312 0.389583 0.814063 0.387500 0.807813 0.379167 0.798438 0.372917 0.792188 0.370833 0.789062 0.368750 0.785937 0.366667 0.770312 0.352083 0.750000 0.339583 0.745313 0.335417 0.735938 0.325000 0.721875 0.310417 0.712500 0.297917 0.706250 0.291667 0.701562 0.287500 0.690625 0.281250 0.684375 0.270833 0.681250 0.266667 0.676562 0.262500 0.664062 0.254167 0.659375 0.247917 0.648438 0.239583 0.635938 0.231250 0.625000 0.225000 0.606250 0.216667 0.565625 0.216667 0.562500 0.214583 0.560937 0.212500 0.559375 0.206250 0.548438 0.191667 0.545312 0.189583 0.542188 0.187500 0.537500 0.185417 0.531250 0.185417
14 0.226562 0.541667 0.220312 0.543750 0.214062 0.545833 0.209375 0.547917 0.206250 0.550000 0.203125 0.552083 0.198437 0.556250 0.192188 0.564583 0.185938 0.568750 0.178125 0.579167 0.171875 0.589583 0.165625 0.604167 0.160938 0.616667 0.159375 0.622917 0.157812 0.633333 0.157812 0.662500 0.159375 0.675000 0.160938 0.683333 0.164062 0.693750 0.167187 0.700000 0.171875 0.708333 0.176563 0.716667 0.184375 0.727083 0.189062 0.731250 0.193750 0.735417 0.201563 0.741667 0.204687 0.743750 0.209375 0.745833 0.217188 0.747917 0.229687 0.750000 0.237500 0.750000 0.239063 0.747917 0.248438 0.747917 0.256250 0.745833 0.262500 0.741667 0.273438 0.735417 0.282813 0.729167 0.301563 0.702083 0.303125 0.700000 0.304688 0.700000 0.306250 0.697917 0.307812 0.693750 0.312500 0.683333 0.314063 0.679167 0.315625 0.672917 0.317188 0.666667 0.318750 0.656250 0.318750 0.635417 0.317188 0.620833 0.315625 0.612500 0.314063 0.606250 0.309375 0.593750 0.304688 0.583333 0.300000 0.575000 0.293750 0.566667 0.287500 0.560417 0.282813 0.556250 0.273438 0.550000 0.268750 0.547917 0.264062 0.545833 0.257812 0.543750 0.251563 0.541667 0.226562 0.541667
13 0.201563 0.168750 0.193750 0.170833 0.187500 0.172917 0.182812 0.175000 0.176563 0.179167 0.167187 0.185417 0.162500 0.189583 0.156250 0.195833 0.143750 0.212500 0.140625 0.218750 0.134375 0.235417 0.131250 0.245833 0.129688 0.254167 0.128125 0.262500 0.128125 0.304167 0.129688 0.312500 0.131250 0.320833 0.134375 0.331250 0.139063 0.343750 0.142187 0.350000 0.146875 0.358333 0.157812 0.372917 0.164062 0.379167 0.168750 0.383333 0.175000 0.387500 0.184375 0.393750 0.189062 0.395833 0.195312 0.397917 0.204687 0.400000 0.223438 0.402083 0.254688 0.402083 0.268750 0.395833 0.278125 0.389583 0.282813 0.385417 0.289062 0.379167 0.300000 0.364583 0.303125 0.358333 0.306250 0.352083 0.307812 0.347917 0.310937 0.337500 0.312500 0.331250 0.314063 0.325000 0.315625 0.312500 0.315625 0.287500 0.314063 0.277083 0.309375 0.258333 0.307812 0.254167 0.306250 0.250000 0.303125 0.243750 0.304688 0.239583 0.318750 0.220833 0.325000 0.210417 0.328125 0.204167 0.329688 0.200000 0.329688 0.189583 0.328125 0.185417 0.326562 0.181250 0.325000 0.179167 0.321875 0.177083 0.318750 0.175000 0.309375 0.175000 0.306250 0.177083 0.303125 0.179167 0.298438 0.183333 0.290625 0.193750 0.282813 0.202083 0.279687 0.204167 0.276562 0.200000 0.275000 0.200000 0.268750 0.191667 0.264062 0.187500 0.259375 0.183333 0.250000 0.177083 0.235937 0.170833 0.228125 0.168750 0.201563 0.168750
19 0.418750 0.156250 0.415625 0.158333 0.409375 0.166667 0.403125 0.179167 0.378125 0.231250 0.371875 0.239583 0.368750 0.245833 0.367188 0.252083 0.340625 0.302083 0.337500 0.312500 0.320312 0.343750 0.315625 0.356250 0.309375 0.364583 0.307812 0.370833 0.303125 0.377083 0.300000 0.383333 0.296875 0.393750 0.293750 0.400000 0.282813 0.418750 0.273438 0.437500 0.268750 0.447917 0.267188 0.452083 0.265625 0.460417 0.267188 0.466667 0.273438 0.475000 0.293750 0.491667 0.307812 0.508333 0.317188 0.516667 0.326562 0.525000 0.331250 0.529167 0.334375 0.529167 0.345313 0.537500 0.354687 0.547917 0.359375 0.552083 0.365625 0.556250 0.368750 0.556250 0.373437 0.554167 0.379688 0.545833 0.382812 0.539583 0.385937 0.533333 0.390625 0.520833 0.393750 0.514583 0.401562 0.502083 0.403125 0.495833 0.412500 0.481250 0.415625 0.475000 0.417187 0.468750 0.425000 0.456250 0.426563 0.450000 0.431250 0.443750 0.453125 0.400000 0.465625 0.375000 0.475000 0.352083 0.478125 0.345833 0.507812 0.289583 0.509375 0.285417 0.507812 0.272917 0.496875 0.260417 0.496875 0.252083 0.498437 0.245833 0.503125 0.235417 0.503125 0.225000 0.500000 0.220833 0.495312 0.216667 0.470313 0.195833 0.464062 0.187500 0.459375 0.183333 0.450000 0.177083 0.440625 0.166667 0.435937 0.162500 0.426563 0.156250 0.418750 0.156250
20 0.714063 0.758333 0.712500 0.764583 0.709375 0.775000 0.707812 0.783333 0.706250 0.791667 0.701562 0.820833 0.700000 0.835417 0.700000 0.850000 0.701562 0.858333 0.703125 0.862500 0.704688 0.866667 0.715625 0.881250 0.718750 0.883333 0.721875 0.885417 0.729688 0.889583 0.734375 0.891667 0.740625 0.893750 0.746875 0.895833 0.767188 0.902083 0.801562 0.912500 0.818750 0.912500 0.823438 0.910417 0.826562 0.908333 0.832812 0.902083 0.834375 0.900000 0.834375 0.897917 0.837500 0.893750 0.839063 0.889583 0.840625 0.883333 0.842187 0.877083 0.843750 0.868750 0.843750 0.856250 0.846875 0.833333 0.850000 0.814583 0.853125 0.804167 0.853125 0.797917 0.850000 0.793750 0.843750 0.791667 0.828125 0.789583 0.820312 0.787500 0.812500 0.785417 0.801562 0.779167 0.790625 0.775000 0.782813 0.772917 0.773438 0.772917 0.764062 0.770833 0.756250 0.766667 0.748437 0.766667 0.728125 0.760417 0.721875 0.756250 0.714063 0.758333
20 0.668750 0.689583 0.657813 0.691667 0.651563 0.693750 0.637500 0.700000 0.623437 0.708333 0.612500 0.716667 0.607812 0.720833 0.603125 0.725000 0.593750 0.735417 0.590625 0.739583 0.590625 0.741667 0.585938 0.747917 0.584375 0.752083 0.584375 0.766667 0.585938 0.772917 0.590625 0.785417 0.595313 0.795833 0.600000 0.804167 0.601562 0.806250 0.603125 0.806250 0.606250 0.810417 0.609375 0.812500 0.612500 0.814583 0.618750 0.816667 0.626563 0.816667 0.632812 0.814583 0.639062 0.810417 0.651563 0.802083 0.679688 0.783333 0.687500 0.777083 0.693750 0.768750 0.695312 0.764583 0.696875 0.760417 0.698438 0.750000 0.698438 0.741667 0.696875 0.731250 0.693750 0.722917 0.687500 0.704167 0.678125 0.691667 0.673438 0.689583 0.668750 0.689583
21 0.903125 0.716667 0.885938 0.718750 0.853125 0.725000 0.834375 0.725000 0.817187 0.727083 0.801562 0.729167 0.798438 0.731250 0.795312 0.735417 0.795312 0.741667 0.796875 0.754167 0.798438 0.760417 0.800000 0.764583 0.803125 0.768750 0.807813 0.768750 0.915625 0.766667 0.921875 0.764583 0.928125 0.760417 0.929688 0.754167 0.939063 0.754167 0.942187 0.752083 0.943750 0.741667 0.940625 0.735417 0.939063 0.720833 0.935937 0.716667 0.912500 0.718750 0.903125 0.716667
22 0.909375 0.554167 0.901563 0.560417 0.882812 0.560417 0.834375 0.566667 0.820312 0.570833 0.803125 0.572917 0.779687 0.575000 0.778125 0.579167 0.778125 0.589583 0.779687 0.600000 0.782813 0.604167 0.839063 0.604167 0.887500 0.606250 0.909375 0.610417 0.918750 0.610417 0.918750 0.570833 0.917188 0.568750 0.917188 0.554167 0.909375 0.554167
22 0.914062 0.245833 0.900000 0.247917 0.889062 0.252083 0.876563 0.252083 0.853125 0.258333 0.829688 0.262500 0.817187 0.262500 0.804688 0.264583 0.803125 0.266667 0.800000 0.266667 0.798438 0.270833 0.798438 0.293750 0.800000 0.300000 0.801562 0.304167 0.818750 0.306250 0.831250 0.302083 0.845313 0.300000 0.859375 0.297917 0.875000 0.295833 0.910937 0.293750 0.926562 0.291667 0.929688 0.289583 0.931250 0.287500 0.932813 0.283333 0.932813 0.279167 0.931250 0.254167 0.928125 0.245833 0.914062 0.245833
