8 0.842187 0.204167 0.835938 0.208333 0.825000 0.208333 0.821875 0.212500 0.814063 0.214583 0.806250 0.214583 0.796875 0.220833 0.792188 0.222917 0.770312 0.229167 0.750000 0.237500 0.734375 0.250000 0.731250 0.245833 0.725000 0.256250 0.725000 0.277083 0.726562 0.304167 0.728125 0.312500 0.732812 0.327083 0.732812 0.335417 0.735938 0.343750 0.737500 0.352083 0.739062 0.368750 0.743750 0.385417 0.745313 0.395833 0.745313 0.408333 0.751563 0.429167 0.756250 0.454167 0.756250 0.466667 0.757812 0.477083 0.759375 0.485417 0.760938 0.491667 0.765625 0.502083 0.767188 0.510417 0.767188 0.518750 0.770312 0.527083 0.770312 0.539583 0.771875 0.543750 0.775000 0.547917 0.776563 0.552083 0.776563 0.556250 0.778125 0.560417 0.781250 0.564583 0.785937 0.568750 0.795312 0.575000 0.796875 0.577083 0.798438 0.581250 0.798438 0.585417 0.801562 0.589583 0.803125 0.593750 0.803125 0.606250 0.801562 0.610417 0.792188 0.622917 0.792188 0.641667 0.793750 0.647917 0.795312 0.654167 0.796875 0.658333 0.800000 0.662500 0.800000 0.666667 0.804688 0.672917 0.804688 0.681250 0.806250 0.687500 0.807813 0.691667 0.810937 0.697917 0.828125 0.722917 0.832812 0.729167 0.842187 0.739583 0.846875 0.741667 0.851562 0.747917 0.860938 0.754167 0.865625 0.756250 0.885938 0.756250 0.893750 0.754167 0.898438 0.752083 0.901563 0.750000 0.906250 0.745833 0.921875 0.725000 0.925000 0.718750 0.931250 0.700000 0.935937 0.693750 0.937500 0.689583 0.937500 0.683333 0.935937 0.681250 0.935937 0.675000 0.940625 0.670833 0.940625 0.662500 0.935937 0.656250 0.934375 0.645833 0.932813 0.637500 0.931250 0.620833 0.931250 0.597917 0.929688 0.593750 0.921875 0.583333 0.912500 0.583333 0.909375 0.579167 0.907813 0.570833 0.907813 0.543750 0.909375 0.537500 0.910937 0.533333 0.915625 0.527083 0.918750 0.520833 0.918750 0.508333 0.917188 0.502083 0.915625 0.497917 0.912500 0.493750 0.910937 0.487500 0.906250 0.466667 0.906250 0.458333 0.904687 0.452083 0.901563 0.445833 0.901563 0.439583 0.898438 0.433333 0.898438 0.420833 0.895312 0.412500 0.890625 0.377083 0.887500 0.370833 0.887500 0.362500 0.884375 0.354167 0.882812 0.333333 0.881250 0.325000 0.879687 0.314583 0.876563 0.308333 0.875000 0.300000 0.875000 0.289583 0.873437 0.281250 0.870313 0.272917 0.868750 0.262500 0.868750 0.241667 0.867188 0.233333 0.865625 0.225000 0.859375 0.210417 0.854688 0.204167 0.842187 0.204167
8 0.617188 0.106250 0.606250 0.110417 0.590625 0.110417 0.584375 0.112500 0.581250 0.114583 0.578125 0.116667 0.573438 0.120833 0.568750 0.125000 0.565625 0.131250 0.560937 0.143750 0.559375 0.154167 0.559375 0.229167 0.560937 0.279167 0.564063 0.316667 0.564063 0.381250 0.565625 0.439583 0.568750 0.468750 0.568750 0.502083 0.570312 0.516667 0.571875 0.527083 0.573438 0.537500 0.576562 0.545833 0.576562 0.554167 0.579688 0.568750 0.584375 0.589583 0.587500 0.595833 0.587500 0.602083 0.590625 0.608333 0.592187 0.614583 0.592187 0.620833 0.595313 0.627083 0.596875 0.639583 0.596875 0.685417 0.592187 0.704167 0.593750 0.727083 0.595313 0.741667 0.598437 0.747917 0.604688 0.756250 0.609375 0.760417 0.612500 0.762500 0.618750 0.764583 0.632812 0.766667 0.645312 0.764583 0.651563 0.762500 0.656250 0.760417 0.659375 0.758333 0.667188 0.747917 0.668750 0.743750 0.670312 0.737500 0.670312 0.710417 0.668750 0.693750 0.665625 0.685417 0.664062 0.672917 0.664062 0.635417 0.665625 0.625000 0.667188 0.616667 0.668750 0.608333 0.676562 0.579167 0.678125 0.570833 0.679688 0.562500 0.681250 0.550000 0.682813 0.535417 0.682813 0.520833 0.685937 0.506250 0.687500 0.491667 0.689063 0.456250 0.689063 0.381250 0.687500 0.162500 0.685937 0.143750 0.684375 0.135417 0.682813 0.131250 0.671875 0.116667 0.667188 0.112500 0.662500 0.110417 0.656250 0.108333 0.637500 0.106250 0.617188 0.106250
8 0.332813 0.191667 0.317188 0.193750 0.309375 0.195833 0.303125 0.197917 0.296875 0.200000 0.289062 0.204167 0.285938 0.206250 0.281250 0.210417 0.279687 0.214583 0.278125 0.218750 0.278125 0.231250 0.276562 0.233333 0.276562 0.243750 0.278125 0.245833 0.278125 0.254167 0.276562 0.304167 0.279687 0.356250 0.281250 0.410417 0.282813 0.466667 0.282813 0.529167 0.284375 0.583333 0.285938 0.622917 0.287500 0.637500 0.289062 0.645833 0.290625 0.652083 0.295312 0.664583 0.298438 0.670833 0.303125 0.679167 0.314063 0.693750 0.315625 0.697917 0.317188 0.712500 0.318750 0.756250 0.318750 0.804167 0.318750 0.818750 0.315625 0.831250 0.312500 0.833333 0.304688 0.835417 0.289062 0.845833 0.285938 0.850000 0.287500 0.860417 0.290625 0.862500 0.331250 0.862500 0.340625 0.860417 0.348438 0.856250 0.373437 0.858333 0.389062 0.858333 0.403125 0.850000 0.410938 0.839583 0.412500 0.833333 0.412500 0.825000 0.410938 0.822917 0.410938 0.818750 0.406250 0.816667 0.403125 0.812500 0.403125 0.777083 0.401562 0.762500 0.398438 0.750000 0.396875 0.716667 0.396875 0.689583 0.398438 0.683333 0.400000 0.679167 0.406250 0.670833 0.409375 0.664583 0.412500 0.656250 0.417187 0.643750 0.418750 0.637500 0.418750 0.585417 0.417187 0.537500 0.415625 0.493750 0.414062 0.450000 0.412500 0.408333 0.409375 0.370833 0.407813 0.318750 0.407813 0.264583 0.406250 0.256250 0.403125 0.250000 0.403125 0.218750 0.401562 0.212500 0.396875 0.206250 0.393750 0.204167 0.389062 0.202083 0.382812 0.200000 0.373437 0.200000 0.364063 0.195833 0.351562 0.193750 0.337500 0.191667 0.332813 0.191667
8 0.495312 0.252083 0.517188 0.252083 0.532813 0.254167 0.540625 0.256250 0.545312 0.258333 0.550000 0.260417 0.554688 0.266667 0.556250 0.270833 0.557813 0.297917 0.559375 0.339583 0.559375 0.385417 0.560937 0.429167 0.564063 0.462500 0.564063 0.537500 0.565625 0.600000 0.567187 0.647917 0.568750 0.683333 0.571875 0.710417 0.573438 0.733333 0.573438 0.741667 0.571875 0.750000 0.570312 0.754167 0.568750 0.758333 0.554688 0.777083 0.553125 0.781250 0.553125 0.802083 0.553125 0.856250 0.553125 0.872917 0.554688 0.908333 0.553125 0.925000 0.551562 0.933333 0.550000 0.937500 0.540625 0.950000 0.529687 0.958333 0.526563 0.960417 0.503125 0.960417 0.495312 0.958333 0.481250 0.952083 0.484375 0.939583 0.500000 0.941667 0.510938 0.941667 0.515625 0.939583 0.523438 0.929167 0.526563 0.922917 0.526563 0.908333 0.520312 0.900000 0.509375 0.900000 0.501563 0.895833 0.489063 0.895833 0.484375 0.902083 0.478125 0.918750 0.478125 0.929167 0.479687 0.933333 0.484375 0.939583 0.481250 0.952083 0.478125 0.950000 0.475000 0.947917 0.470313 0.943750 0.465625 0.937500 0.464062 0.933333 0.462500 0.929167 0.460938 0.918750 0.460938 0.904167 0.464062 0.887500 0.453125 0.872917 0.453125 0.868750 0.456250 0.860417 0.459375 0.856250 0.460938 0.852083 0.460938 0.845833 0.457813 0.814583 0.459375 0.795833 0.459375 0.791667 0.450000 0.779167 0.440625 0.772917 0.431250 0.760417 0.429688 0.756250 0.428125 0.750000 0.426563 0.722917 0.426563 0.679167 0.423438 0.637500 0.423438 0.579167 0.420312 0.539583 0.420312 0.491667 0.417187 0.454167 0.415625 0.408333 0.414062 0.364583 0.412500 0.308333 0.412500 0.277083 0.414062 0.272917 0.415625 0.270833 0.418750 0.268750 0.425000 0.264583 0.429688 0.262500 0.435937 0.260417 0.442188 0.258333 0.451562 0.256250 0.465625 0.254167 0.495312 0.252083
8 0.179688 0.237500 0.164062 0.239583 0.154688 0.241667 0.150000 0.247917 0.148438 0.289583 0.148438 0.325000 0.151562 0.431250 0.150000 0.439583 0.151562 0.502083 0.154688 0.529167 0.154688 0.556250 0.157812 0.579167 0.159375 0.610417 0.159375 0.668750 0.160938 0.735417 0.164062 0.752083 0.165625 0.770833 0.165625 0.822917 0.167187 0.835417 0.168750 0.841667 0.170313 0.847917 0.171875 0.852083 0.178125 0.860417 0.181250 0.864583 0.189062 0.868750 0.195312 0.870833 0.207813 0.872917 0.215625 0.872917 0.228125 0.870833 0.235937 0.868750 0.242188 0.866667 0.246875 0.864583 0.251563 0.862500 0.254688 0.860417 0.268750 0.841667 0.270313 0.837500 0.271875 0.833333 0.273438 0.825000 0.275000 0.808333 0.273438 0.758333 0.273438 0.747917 0.276562 0.739583 0.278125 0.600000 0.276562 0.593750 0.278125 0.454167 0.276562 0.391667 0.273438 0.345833 0.273438 0.293750 0.271875 0.252083 0.268750 0.247917 0.265625 0.245833 0.260937 0.243750 0.256250 0.241667 0.243750 0.239583 0.220312 0.237500 0.206250 0.237500 0.179688 0.237500
6 0.407813 0.218750 0.407813 0.245833 0.409375 0.258333 0.412500 0.266667 0.417187 0.264583 0.421875 0.262500 0.426563 0.258333 0.431250 0.256250 0.437500 0.254167 0.446875 0.252083 0.457813 0.252083 0.467187 0.247917 0.465625 0.235417 0.460938 0.233333 0.453125 0.231250 0.426563 0.222917 0.420312 0.222917 0.412500 0.218750 0.407813 0.218750
6 0.432812 0.025000 0.420312 0.029167 0.406250 0.031250 0.392188 0.033333 0.376563 0.035417 0.343750 0.037500 0.326562 0.039583 0.314063 0.043750 0.295312 0.045833 0.273438 0.045833 0.256250 0.047917 0.243750 0.052083 0.231250 0.054167 0.212500 0.054167 0.200000 0.056250 0.189062 0.058333 0.178125 0.060417 0.160938 0.064583 0.146875 0.070833 0.134375 0.070833 0.126562 0.072917 0.121875 0.075000 0.118750 0.079167 0.118750 0.197917 0.121875 0.222917 0.121875 0.258333 0.123438 0.272917 0.125000 0.285417 0.128125 0.297917 0.129688 0.312500 0.135937 0.370833 0.135937 0.387500 0.137500 0.404167 0.142187 0.433333 0.142187 0.450000 0.143750 0.464583 0.145313 0.466667 0.146875 0.472917 0.146875 0.466667 0.148438 0.464583 0.148438 0.416667 0.145313 0.316667 0.145313 0.287500 0.146875 0.245833 0.151562 0.239583 0.154688 0.237500 0.157812 0.235417 0.167187 0.233333 0.181250 0.231250 0.229687 0.231250 0.242188 0.233333 0.251563 0.235417 0.265625 0.239583 0.267188 0.241667 0.271875 0.239583 0.273438 0.229167 0.273438 0.218750 0.275000 0.214583 0.282813 0.204167 0.287500 0.200000 0.292187 0.197917 0.301563 0.193750 0.307812 0.191667 0.314063 0.189583 0.326562 0.187500 0.348438 0.187500 0.359375 0.189583 0.367188 0.193750 0.375000 0.195833 0.385937 0.197917 0.392188 0.197917 0.395313 0.193750 0.396875 0.185417 0.396875 0.168750 0.401562 0.147917 0.403125 0.137500 0.403125 0.120833 0.404687 0.102083 0.406250 0.085417 0.409375 0.072917 0.409375 0.060417 0.410938 0.052083 0.412500 0.047917 0.426563 0.045833 0.442188 0.052083 0.450000 0.054167 0.453125 0.050000 0.453125 0.035417 0.451562 0.031250 0.450000 0.027083 0.432812 0.025000
6 0.873437 0.254167 0.871875 0.262500 0.873437 0.270833 0.878125 0.289583 0.879687 0.308333 0.882812 0.316667 0.885938 0.343750 0.890625 0.370833 0.893750 0.379167 0.903125 0.439583 0.912500 0.481250 0.914062 0.489583 0.915625 0.493750 0.918750 0.497917 0.926562 0.491667 0.931250 0.487500 0.945312 0.472917 0.953125 0.462500 0.960938 0.456250 0.984375 0.429167 0.985938 0.429167 0.990625 0.422917 0.992188 0.418750 0.990625 0.414583 0.989062 0.410417 0.946875 0.354167 0.912500 0.306250 0.892188 0.275000 0.887500 0.270833 0.887500 0.268750 0.884375 0.264583 0.876563 0.256250 0.873437 0.254167
6 0.770312 0.097917 0.765625 0.100000 0.762500 0.102083 0.746875 0.122917 0.740625 0.127083 0.728125 0.141667 0.717187 0.154167 0.703125 0.170833 0.690625 0.187500 0.692187 0.379167 0.692187 0.466667 0.690625 0.493750 0.689063 0.508333 0.685937 0.522917 0.684375 0.552083 0.682813 0.564583 0.681250 0.572917 0.678125 0.587500 0.673438 0.602083 0.670312 0.616667 0.670312 0.629167 0.670312 0.633333 0.676562 0.641667 0.684375 0.641667 0.690625 0.637500 0.693750 0.635417 0.703125 0.627083 0.706250 0.625000 0.720313 0.616667 0.742188 0.604167 0.756250 0.597917 0.762500 0.595833 0.770312 0.595833 0.773438 0.597917 0.781250 0.608333 0.784375 0.616667 0.787500 0.620833 0.790625 0.620833 0.795312 0.614583 0.796875 0.614583 0.800000 0.610417 0.801562 0.606250 0.801562 0.593750 0.800000 0.587500 0.798438 0.581250 0.796875 0.577083 0.795312 0.575000 0.792188 0.572917 0.789062 0.572917 0.785937 0.570833 0.781250 0.566667 0.775000 0.558333 0.773438 0.554167 0.771875 0.547917 0.770312 0.541667 0.767188 0.527083 0.757812 0.477083 0.754687 0.450000 0.751563 0.433333 0.746875 0.416667 0.745313 0.408333 0.743750 0.400000 0.737500 0.354167 0.735938 0.345833 0.734375 0.337500 0.731250 0.329167 0.729688 0.320833 0.729688 0.312500 0.726562 0.304167 0.725000 0.293750 0.723437 0.270833 0.723437 0.264583 0.725000 0.262500 0.725000 0.254167 0.731250 0.245833 0.734375 0.243750 0.737500 0.241667 0.745313 0.237500 0.750000 0.237500 0.773438 0.225000 0.790625 0.218750 0.809375 0.212500 0.823438 0.210417 0.829688 0.206250 0.835938 0.206250 0.839063 0.204167 0.837500 0.197917 0.835938 0.193750 0.828125 0.181250 0.820312 0.168750 0.807813 0.152083 0.800000 0.139583 0.796875 0.131250 0.792188 0.122917 0.784375 0.110417 0.776563 0.100000 0.773438 0.097917 0.770312 0.097917
6 0.415625 0.656250 0.414062 0.662500 0.410938 0.668750 0.407813 0.675000 0.401562 0.683333 0.400000 0.689583 0.400000 0.727083 0.401562 0.752083 0.406250 0.770833 0.406250 0.808333 0.409375 0.812500 0.410938 0.812500 0.414062 0.816667 0.415625 0.820833 0.415625 0.833333 0.414062 0.839583 0.412500 0.843750 0.410938 0.845833 0.409375 0.847917 0.407813 0.850000 0.406250 0.850000 0.403125 0.854167 0.400000 0.854167 0.396875 0.856250 0.393750 0.862500 0.395313 0.866667 0.396875 0.870833 0.403125 0.881250 0.407813 0.889583 0.417187 0.902083 0.421875 0.902083 0.428125 0.895833 0.450000 0.866667 0.453125 0.860417 0.456250 0.854167 0.456250 0.818750 0.454688 0.793750 0.453125 0.789583 0.448437 0.783333 0.442188 0.779167 0.434375 0.770833 0.431250 0.766667 0.428125 0.760417 0.426563 0.756250 0.425000 0.747917 0.423438 0.716667 0.423438 0.668750 0.421875 0.654167 0.420312 0.650000 0.415625 0.656250
6 0.282813 0.600000 0.282813 0.604167 0.281250 0.606250 0.279687 0.633333 0.279687 0.691667 0.281250 0.695833 0.285938 0.700000 0.300000 0.720833 0.300000 0.722917 0.314063 0.739583 0.314063 0.704167 0.312500 0.697917 0.310937 0.693750 0.298438 0.677083 0.295312 0.670833 0.292187 0.664583 0.287500 0.652083 0.285938 0.645833 0.284375 0.637500 0.282813 0.625000 0.282813 0.600000
6 0.568750 0.558333 0.568750 0.602083 0.570312 0.645833 0.571875 0.685417 0.575000 0.712500 0.578125 0.710417 0.584375 0.704167 0.590625 0.695833 0.592187 0.689583 0.593750 0.683333 0.593750 0.637500 0.592187 0.627083 0.589063 0.614583 0.584375 0.602083 0.579688 0.583333 0.579688 0.577083 0.578125 0.570833 0.575000 0.562500 0.571875 0.558333 0.568750 0.558333
8 0.764062 0.597917 0.757812 0.600000 0.751563 0.602083 0.746875 0.604167 0.743750 0.608333 0.735938 0.610417 0.725000 0.616667 0.721875 0.620833 0.717187 0.620833 0.710938 0.625000 0.703125 0.629167 0.700000 0.633333 0.693750 0.635417 0.690625 0.637500 0.684375 0.645833 0.679688 0.647917 0.676562 0.652083 0.673438 0.658333 0.667188 0.664583 0.665625 0.670833 0.670312 0.681250 0.675000 0.691667 0.675000 0.695833 0.678125 0.700000 0.689063 0.729167 0.693750 0.741667 0.693750 0.745833 0.695312 0.750000 0.700000 0.758333 0.704688 0.770833 0.706250 0.777083 0.706250 0.781250 0.707812 0.787500 0.715625 0.806250 0.720313 0.812500 0.721875 0.816667 0.723437 0.820833 0.726562 0.833333 0.735938 0.854167 0.737500 0.858333 0.743750 0.881250 0.745313 0.885417 0.746875 0.889583 0.756250 0.906250 0.759375 0.916667 0.768750 0.929167 0.771875 0.931250 0.775000 0.933333 0.782813 0.937500 0.789062 0.937500 0.793750 0.939583 0.798438 0.941667 0.801562 0.945833 0.803125 0.945833 0.804688 0.947917 0.806250 0.952083 0.807813 0.956250 0.809375 0.966667 0.814063 0.979167 0.821875 0.989583 0.825000 0.997917 0.876563 0.997917 0.876563 0.979167 0.871875 0.972917 0.871875 0.968750 0.868750 0.964583 0.868750 0.947917 0.867188 0.941667 0.865625 0.935417 0.859375 0.925000 0.857812 0.920833 0.856250 0.916667 0.856250 0.908333 0.864062 0.889583 0.865625 0.883333 0.867188 0.877083 0.867188 0.856250 0.865625 0.847917 0.862500 0.837500 0.856250 0.820833 0.835938 0.764583 0.834375 0.760417 0.829688 0.752083 0.828125 0.743750 0.826562 0.739583 0.823438 0.735417 0.821875 0.731250 0.820312 0.727083 0.815625 0.708333 0.812500 0.702083 0.806250 0.691667 0.804688 0.687500 0.801562 0.670833 0.800000 0.666667 0.796875 0.662500 0.790625 0.639583 0.789062 0.635417 0.784375 0.627083 0.782813 0.622917 0.782813 0.616667 0.778125 0.608333 0.778125 0.606250 0.776563 0.602083 0.775000 0.600000 0.771875 0.597917 0.764062 0.597917
