9 0.771875 0.147917 0.762500 0.154167 0.746875 0.170833 0.717187 0.197917 0.712500 0.202083 0.685937 0.222917 0.678125 0.231250 0.676562 0.233333 0.676562 0.235417 0.673438 0.239583 0.670312 0.250000 0.662500 0.262500 0.657813 0.275000 0.653125 0.281250 0.653125 0.289583 0.659375 0.297917 0.664062 0.300000 0.678125 0.318750 0.682813 0.327083 0.682813 0.331250 0.685937 0.335417 0.685937 0.339583 0.689063 0.343750 0.696875 0.343750 0.700000 0.341667 0.717187 0.327083 0.723437 0.327083 0.726562 0.325000 0.729688 0.322917 0.734375 0.318750 0.739062 0.312500 0.743750 0.308333 0.756250 0.297917 0.764062 0.293750 0.775000 0.283333 0.781250 0.277083 0.787500 0.268750 0.787500 0.260417 0.792188 0.254167 0.798438 0.247917 0.804688 0.241667 0.809375 0.239583 0.814063 0.235417 0.818750 0.227083 0.817187 0.222917 0.815625 0.218750 0.809375 0.210417 0.800000 0.189583 0.789062 0.172917 0.785937 0.166667 0.784375 0.160417 0.781250 0.154167 0.776563 0.147917 0.771875 0.147917
7 0.398438 0.300000 0.387500 0.302083 0.382812 0.304167 0.368750 0.312500 0.343750 0.345833 0.337500 0.360417 0.334375 0.370833 0.334375 0.402083 0.335938 0.412500 0.337500 0.420833 0.340625 0.431250 0.343750 0.441667 0.345313 0.445833 0.346875 0.450000 0.350000 0.456250 0.353125 0.462500 0.357812 0.468750 0.364063 0.475000 0.371875 0.483333 0.379688 0.489583 0.382812 0.491667 0.390625 0.495833 0.398438 0.497917 0.426563 0.497917 0.431250 0.495833 0.434375 0.491667 0.440625 0.489583 0.446875 0.489583 0.453125 0.487500 0.457813 0.483333 0.465625 0.483333 0.468750 0.481250 0.471875 0.477083 0.473438 0.470833 0.479687 0.460417 0.481250 0.456250 0.482812 0.445833 0.485938 0.441667 0.487500 0.416667 0.487500 0.393750 0.485938 0.387500 0.482812 0.377083 0.479687 0.366667 0.478125 0.362500 0.476562 0.358333 0.467187 0.339583 0.467187 0.335417 0.457813 0.322917 0.446875 0.312500 0.443750 0.310417 0.429688 0.302083 0.425000 0.300000 0.398438 0.300000
7 0.326562 0.470833 0.318750 0.472917 0.314063 0.475000 0.310937 0.477083 0.307812 0.479167 0.304688 0.483333 0.301563 0.485417 0.295312 0.487500 0.292187 0.489583 0.282813 0.497917 0.276562 0.506250 0.273438 0.512500 0.270313 0.520833 0.265625 0.533333 0.259375 0.558333 0.259375 0.600000 0.260937 0.604167 0.270313 0.627083 0.273438 0.633333 0.276562 0.639583 0.281250 0.645833 0.287500 0.652083 0.292187 0.656250 0.300000 0.660417 0.307812 0.668750 0.312500 0.670833 0.317188 0.672917 0.342187 0.672917 0.350000 0.670833 0.357812 0.668750 0.364063 0.664583 0.373437 0.658333 0.378125 0.654167 0.384375 0.647917 0.392188 0.639583 0.403125 0.627083 0.415625 0.610417 0.420312 0.602083 0.421875 0.597917 0.421875 0.591667 0.425000 0.587500 0.426563 0.583333 0.428125 0.572917 0.428125 0.531250 0.425000 0.525000 0.420312 0.514583 0.409375 0.500000 0.401562 0.497917 0.392188 0.497917 0.387500 0.495833 0.375000 0.487500 0.370312 0.481250 0.367188 0.479167 0.364063 0.477083 0.353125 0.472917 0.334375 0.470833 0.326562 0.470833
6 0.485938 0.377083 0.484375 0.381250 0.487500 0.391667 0.489063 0.404167 0.487500 0.416667 0.487500 0.422917 0.489063 0.425000 0.489063 0.429167 0.487500 0.433333 0.489063 0.437500 0.492188 0.437500 0.495312 0.435417 0.501563 0.427083 0.503125 0.427083 0.507812 0.420833 0.507812 0.416667 0.500000 0.400000 0.496875 0.393750 0.492188 0.385417 0.485938 0.377083
6 0.321875 0.056250 0.325000 0.060417 0.328125 0.066667 0.331250 0.072917 0.337500 0.089583 0.354687 0.120833 0.359375 0.131250 0.360938 0.137500 0.362500 0.141667 0.364063 0.143750 0.365625 0.143750 0.367188 0.145833 0.368750 0.152083 0.375000 0.160417 0.378125 0.168750 0.384375 0.177083 0.389062 0.185417 0.390625 0.191667 0.396875 0.200000 0.400000 0.206250 0.401562 0.212500 0.406250 0.218750 0.406250 0.222917 0.410938 0.231250 0.417187 0.239583 0.421875 0.247917 0.421875 0.252083 0.428125 0.260417 0.435937 0.277083 0.437500 0.285417 0.440625 0.289583 0.446875 0.297917 0.450000 0.304167 0.451562 0.310417 0.454688 0.314583 0.454688 0.318750 0.451562 0.316667 0.443750 0.308333 0.440625 0.306250 0.437500 0.304167 0.432812 0.302083 0.426563 0.300000 0.420312 0.297917 0.400000 0.297917 0.392188 0.300000 0.385937 0.302083 0.373437 0.308333 0.370312 0.310417 0.367188 0.312500 0.360938 0.302083 0.368750 0.291667 0.370312 0.287500 0.371875 0.283333 0.371875 0.275000 0.364063 0.262500 0.351562 0.247917 0.350000 0.245833 0.350000 0.243750 0.343750 0.233333 0.342187 0.229167 0.340625 0.222917 0.339062 0.220833 0.335938 0.218750 0.332813 0.214583 0.326562 0.204167 0.326562 0.202083 0.320312 0.195833 0.317188 0.187500 0.307812 0.175000 0.300000 0.166667 0.295312 0.166667 0.290625 0.170833 0.284375 0.177083 0.278125 0.183333 0.271875 0.193750 0.265625 0.197917 0.248438 0.218750 0.242188 0.222917 0.232813 0.235417 0.225000 0.241667 0.207813 0.264583 0.207813 0.275000 0.209375 0.279167 0.218750 0.293750 0.226562 0.302083 0.239063 0.325000 0.242188 0.333333 0.246875 0.339583 0.251563 0.343750 0.264062 0.352083 0.281250 0.362500 0.285938 0.364583 0.292187 0.364583 0.295312 0.360417 0.298438 0.360417 0.304688 0.352083 0.307812 0.352083 0.310937 0.347917 0.323437 0.331250 0.328125 0.327083 0.332813 0.325000 0.343750 0.312500 0.346875 0.310417 0.353125 0.308333 0.356250 0.306250 0.360938 0.302083 0.367188 0.312500 0.356250 0.322917 0.351562 0.329167 0.343750 0.343750 0.340625 0.350000 0.335938 0.362500 0.334375 0.370833 0.332813 0.389583 0.332813 0.397917 0.334375 0.414583 0.335938 0.422917 0.339062 0.429167 0.339062 0.435417 0.340625 0.441667 0.345313 0.452083 0.348438 0.460417 0.354687 0.468750 0.354687 0.472917 0.318750 0.472917 0.314063 0.475000 0.309375 0.477083 0.290625 0.489583 0.285938 0.493750 0.275000 0.508333 0.270313 0.516667 0.265625 0.529167 0.262500 0.537500 0.257812 0.556250 0.256250 0.564583 0.256250 0.591667 0.257812 0.602083 0.260937 0.606250 0.262500 0.616667 0.270313 0.635417 0.270313 0.639583 0.265625 0.647917 0.260937 0.652083 0.251563 0.658333 0.239063 0.672917 0.231250 0.679167 0.226562 0.679167 0.223438 0.677083 0.220312 0.672917 0.214062 0.662500 0.214062 0.658333 0.201563 0.641667 0.201563 0.635417 0.198437 0.629167 0.195312 0.625000 0.189062 0.618750 0.185938 0.612500 0.185938 0.606250 0.179688 0.602083 0.175000 0.593750 0.170313 0.585417 0.167187 0.579167 0.164062 0.572917 0.162500 0.566667 0.159375 0.562500 0.157812 0.562500 0.156250 0.560417 0.154688 0.554167 0.151562 0.547917 0.145313 0.539583 0.139063 0.529167 0.139063 0.525000 0.131250 0.514583 0.123438 0.500000 0.121875 0.493750 0.115625 0.485417 0.115625 0.481250 0.112500 0.479167 0.109375 0.472917 0.107813 0.466667 0.104688 0.460417 0.103125 0.458333 0.101562 0.458333 0.100000 0.456250 0.098437 0.450000 0.092188 0.441667 0.092188 0.437500 0.089063 0.435417 0.084375 0.425000 0.084375 0.420833 0.076563 0.410417 0.076563 0.406250 0.073438 0.402083 0.071875 0.395833 0.070312 0.395833 0.068750 0.393750 0.067187 0.387500 0.062500 0.381250 0.060937 0.377083 0.060937 0.370833 0.056250 0.364583 0.054688 0.358333 0.042188 0.337500 0.042188 0.335417 0.040625 0.333333 0.034375 0.327083 0.031250 0.320833 0.031250 0.314583 0.034375 0.310417 0.035937 0.310417 0.042188 0.300000 0.059375 0.285417 0.065625 0.279167 0.073438 0.268750 0.089063 0.256250 0.101562 0.241667 0.112500 0.233333 0.125000 0.218750 0.129688 0.216667 0.135937 0.208333 0.146875 0.197917 0.157812 0.187500 0.165625 0.183333 0.170313 0.177083 0.175000 0.175000 0.184375 0.164583 0.192188 0.158333 0.198437 0.152083 0.201563 0.150000 0.204687 0.150000 0.209375 0.143750 0.217188 0.141667 0.221875 0.133333 0.226562 0.129167 0.234375 0.125000 0.251563 0.108333 0.264062 0.097917 0.271875 0.091667 0.279687 0.087500 0.295312 0.072917 0.303125 0.066667 0.312500 0.060417 0.318750 0.056250 0.321875 0.056250
9 0.484375 0.747917 0.481250 0.750000 0.478125 0.756250 0.475000 0.762500 0.470313 0.775000 0.467187 0.789583 0.465625 0.797917 0.460938 0.835417 0.460938 0.847917 0.457813 0.858333 0.456250 0.870833 0.457813 0.875000 0.465625 0.879167 0.470313 0.885417 0.470313 0.887500 0.473438 0.891667 0.476562 0.893750 0.482812 0.893750 0.484375 0.895833 0.489063 0.895833 0.490625 0.893750 0.498437 0.891667 0.509375 0.891667 0.518750 0.893750 0.532813 0.897917 0.546875 0.902083 0.553125 0.904167 0.565625 0.910417 0.575000 0.912500 0.581250 0.908333 0.582812 0.902083 0.585938 0.887500 0.587500 0.868750 0.593750 0.841667 0.595313 0.825000 0.595313 0.802083 0.593750 0.795833 0.590625 0.787500 0.589063 0.783333 0.587500 0.781250 0.584375 0.779167 0.576562 0.775000 0.570312 0.772917 0.565625 0.772917 0.559375 0.770833 0.554688 0.766667 0.548438 0.764583 0.523438 0.756250 0.506250 0.754167 0.498437 0.750000 0.490625 0.747917 0.484375 0.747917
6 0.609375 0.562500 0.595313 0.564583 0.585938 0.566667 0.560937 0.572917 0.554688 0.575000 0.553125 0.577083 0.550000 0.579167 0.551562 0.583333 0.553125 0.587500 0.559375 0.600000 0.564063 0.612500 0.565625 0.618750 0.567187 0.627083 0.567187 0.662500 0.565625 0.670833 0.564063 0.677083 0.559375 0.691667 0.557813 0.695833 0.554688 0.702083 0.551562 0.708333 0.535937 0.729167 0.531250 0.733333 0.518750 0.741667 0.510938 0.745833 0.500000 0.745833 0.500000 0.750000 0.514062 0.750000 0.534375 0.756250 0.540625 0.758333 0.546875 0.760417 0.564063 0.766667 0.575000 0.770833 0.579688 0.772917 0.582812 0.775000 0.585938 0.777083 0.593750 0.787500 0.595313 0.791667 0.596875 0.797917 0.598437 0.808333 0.598437 0.816667 0.596875 0.839583 0.595313 0.850000 0.593750 0.858333 0.590625 0.866667 0.589063 0.885417 0.587500 0.893750 0.585938 0.900000 0.584375 0.908333 0.579688 0.914583 0.565625 0.914583 0.553125 0.908333 0.540625 0.906250 0.534375 0.904167 0.528125 0.900000 0.521875 0.897917 0.510938 0.895833 0.498437 0.895833 0.479687 0.897917 0.475000 0.895833 0.471875 0.893750 0.462500 0.881250 0.457813 0.879167 0.454688 0.875000 0.453125 0.870833 0.456250 0.858333 0.456250 0.845833 0.457813 0.835417 0.460938 0.825000 0.460938 0.812500 0.462500 0.802083 0.464062 0.791667 0.465625 0.783333 0.468750 0.777083 0.468750 0.770833 0.470313 0.766667 0.471875 0.762500 0.475000 0.758333 0.478125 0.750000 0.478125 0.745833 0.475000 0.743750 0.471875 0.741667 0.454688 0.733333 0.448437 0.727083 0.432812 0.706250 0.429688 0.700000 0.423438 0.683333 0.421875 0.677083 0.420312 0.668750 0.418750 0.656250 0.418750 0.622917 0.423438 0.612500 0.423438 0.606250 0.417187 0.608333 0.398438 0.635417 0.381250 0.656250 0.376563 0.660417 0.371875 0.664583 0.368750 0.666667 0.365625 0.668750 0.360938 0.670833 0.356250 0.672917 0.350000 0.675000 0.342187 0.677083 0.328125 0.677083 0.325000 0.679167 0.325000 0.693750 0.326562 0.708333 0.329688 0.735417 0.331250 0.747917 0.337500 0.781250 0.340625 0.804167 0.342187 0.818750 0.343750 0.833333 0.345313 0.850000 0.346875 0.895833 0.351562 0.929167 0.351562 0.950000 0.353125 0.966667 0.354687 0.979167 0.356250 0.989583 0.357812 0.993750 0.360938 0.997917 0.464062 0.995833 0.467187 0.995833 0.476562 0.997917 0.517188 0.997917 0.529687 0.995833 0.540625 0.995833 0.545312 0.995833 0.556250 0.995833 0.559375 0.995833 0.575000 0.995833 0.656250 0.997917 0.662500 0.993750 0.671875 0.991667 0.689063 0.989583 0.696875 0.987500 0.706250 0.985417 0.712500 0.979167 0.710938 0.968750 0.704688 0.935417 0.701562 0.920833 0.692187 0.887500 0.690625 0.879167 0.689063 0.870833 0.682813 0.829167 0.682813 0.816667 0.681250 0.804167 0.678125 0.793750 0.673438 0.758333 0.673438 0.745833 0.670312 0.733333 0.668750 0.720833 0.668750 0.708333 0.667188 0.695833 0.662500 0.672917 0.662500 0.662500 0.659375 0.656250 0.653125 0.652083 0.646875 0.643750 0.640625 0.639583 0.632812 0.629167 0.629687 0.622917 0.626563 0.616667 0.621875 0.604167 0.617188 0.585417 0.615625 0.570833 0.612500 0.562500 0.609375 0.562500
9 0.290625 0.166667 0.287500 0.170833 0.285938 0.177083 0.270313 0.197917 0.260937 0.206250 0.251563 0.218750 0.243750 0.227083 0.232813 0.235417 0.209375 0.264583 0.206250 0.268750 0.206250 0.275000 0.209375 0.281250 0.229687 0.308333 0.234375 0.318750 0.250000 0.339583 0.256250 0.343750 0.279687 0.360417 0.282813 0.362500 0.293750 0.362500 0.306250 0.345833 0.312500 0.341667 0.317188 0.333333 0.318750 0.331250 0.326562 0.325000 0.329688 0.325000 0.340625 0.316667 0.353125 0.306250 0.359375 0.300000 0.367188 0.289583 0.368750 0.277083 0.362500 0.266667 0.359375 0.258333 0.350000 0.245833 0.348438 0.239583 0.339062 0.225000 0.331250 0.216667 0.329688 0.214583 0.321875 0.202083 0.314063 0.189583 0.309375 0.179167 0.301563 0.168750 0.298438 0.166667 0.290625 0.166667
6 0.917188 0.247917 0.912500 0.245833 0.907813 0.250000 0.904687 0.250000 0.892188 0.250000 0.890625 0.256250 0.882812 0.254167 0.879687 0.258333 0.871875 0.260417 0.860938 0.260417 0.854688 0.264583 0.848437 0.266667 0.839063 0.266667 0.835938 0.264583 0.828125 0.268750 0.823438 0.266667 0.812500 0.270833 0.806250 0.270833 0.793750 0.268750 0.790625 0.272917 0.787500 0.272917 0.784375 0.275000 0.773438 0.287500 0.768750 0.291667 0.764062 0.293750 0.759375 0.300000 0.754687 0.304167 0.743750 0.310417 0.739062 0.316667 0.731250 0.320833 0.725000 0.329167 0.717187 0.329167 0.715625 0.333333 0.712500 0.333333 0.706250 0.337500 0.696875 0.345833 0.685937 0.345833 0.685937 0.350000 0.687500 0.387500 0.685937 0.393750 0.682813 0.397917 0.682813 0.406250 0.679688 0.410417 0.679688 0.414583 0.676562 0.418750 0.676562 0.422917 0.670312 0.433333 0.670312 0.475000 0.673438 0.489583 0.676562 0.491667 0.684375 0.491667 0.698438 0.487500 0.731250 0.487500 0.740625 0.489583 0.745313 0.491667 0.757812 0.500000 0.762500 0.504167 0.767188 0.508333 0.773438 0.514583 0.779687 0.522917 0.784375 0.531250 0.787500 0.537500 0.793750 0.554167 0.795312 0.560417 0.796875 0.566667 0.798438 0.577083 0.798438 0.597917 0.796875 0.608333 0.795312 0.616667 0.793750 0.622917 0.790625 0.629167 0.789062 0.639583 0.789062 0.645833 0.812500 0.645833 0.864062 0.639583 0.895312 0.633333 0.928125 0.629167 0.945312 0.629167 0.956250 0.625000 0.971875 0.625000 0.981250 0.622917 0.984375 0.620833 0.985938 0.604167 0.984375 0.602083 0.984375 0.585417 0.981250 0.570833 0.981250 0.554167 0.976562 0.508333 0.968750 0.447917 0.967187 0.431250 0.967187 0.425000 0.968750 0.422917 0.968750 0.414583 0.965625 0.404167 0.964063 0.385417 0.962500 0.366667 0.962500 0.341667 0.960938 0.320833 0.959375 0.304167 0.956250 0.289583 0.956250 0.268750 0.954688 0.260417 0.951562 0.252083 0.951562 0.245833 0.950000 0.241667 0.937500 0.243750 0.934375 0.243750 0.928125 0.241667 0.917188 0.247917
7 0.610938 0.283333 0.603125 0.285417 0.596875 0.287500 0.584375 0.295833 0.579688 0.300000 0.571875 0.308333 0.565625 0.318750 0.560937 0.327083 0.554688 0.343750 0.553125 0.350000 0.551562 0.356250 0.550000 0.366667 0.548438 0.383333 0.548438 0.402083 0.550000 0.412500 0.551562 0.418750 0.553125 0.422917 0.554688 0.427083 0.559375 0.437500 0.568750 0.450000 0.573438 0.454167 0.576562 0.456250 0.579688 0.458333 0.584375 0.460417 0.595313 0.462500 0.615625 0.462500 0.631250 0.460417 0.639062 0.458333 0.645312 0.456250 0.648438 0.454167 0.651563 0.452083 0.659375 0.445833 0.665625 0.439583 0.667188 0.437500 0.671875 0.429167 0.675000 0.422917 0.678125 0.414583 0.682813 0.402083 0.682813 0.393750 0.685937 0.385417 0.685937 0.352083 0.684375 0.341667 0.682813 0.335417 0.681250 0.329167 0.679688 0.325000 0.676562 0.318750 0.670312 0.310417 0.668750 0.310417 0.664062 0.302083 0.657813 0.295833 0.648438 0.289583 0.643750 0.287500 0.635938 0.285417 0.626563 0.283333 0.610938 0.283333
7 0.490625 0.547917 0.478125 0.550000 0.471875 0.552083 0.467187 0.554167 0.460938 0.558333 0.451562 0.564583 0.442188 0.575000 0.439063 0.579167 0.435937 0.585417 0.431250 0.595833 0.431250 0.600000 0.426563 0.606250 0.425000 0.610417 0.423438 0.616667 0.421875 0.622917 0.420312 0.631250 0.420312 0.645833 0.421875 0.666667 0.423438 0.675000 0.426563 0.685417 0.431250 0.697917 0.434375 0.702083 0.435937 0.708333 0.437500 0.710417 0.453125 0.729167 0.456250 0.731250 0.459375 0.733333 0.467187 0.737500 0.471875 0.739583 0.476562 0.741667 0.482812 0.743750 0.503125 0.743750 0.509375 0.741667 0.518750 0.737500 0.523438 0.735417 0.526563 0.731250 0.529687 0.731250 0.532813 0.729167 0.542188 0.716667 0.546875 0.714583 0.546875 0.710417 0.550000 0.708333 0.550000 0.704167 0.556250 0.693750 0.562500 0.675000 0.564063 0.666667 0.565625 0.654167 0.565625 0.635417 0.564063 0.622917 0.562500 0.614583 0.557813 0.604167 0.551562 0.587500 0.548438 0.583333 0.546875 0.577083 0.545312 0.575000 0.535937 0.564583 0.529687 0.558333 0.526563 0.556250 0.523438 0.554167 0.518750 0.552083 0.514062 0.550000 0.507812 0.547917 0.490625 0.547917
7 0.695312 0.491667 0.682813 0.495833 0.665625 0.495833 0.657813 0.497917 0.654687 0.502083 0.648438 0.504167 0.642188 0.508333 0.637500 0.512500 0.632812 0.518750 0.628125 0.527083 0.623437 0.537500 0.621875 0.541667 0.620313 0.547917 0.618750 0.554167 0.618750 0.577083 0.623437 0.600000 0.628125 0.612500 0.632812 0.618750 0.634375 0.625000 0.645312 0.639583 0.656250 0.650000 0.660937 0.654167 0.670312 0.660417 0.675000 0.666667 0.681250 0.670833 0.696875 0.681250 0.704688 0.683333 0.712500 0.683333 0.717187 0.687500 0.721875 0.687500 0.732812 0.685417 0.740625 0.683333 0.746875 0.681250 0.751563 0.679167 0.756250 0.677083 0.764062 0.670833 0.782813 0.645833 0.784375 0.641667 0.785937 0.637500 0.790625 0.622917 0.792188 0.616667 0.793750 0.610417 0.795312 0.602083 0.795312 0.572917 0.793750 0.564583 0.792188 0.556250 0.785937 0.539583 0.781250 0.529167 0.770312 0.514583 0.756250 0.502083 0.748437 0.495833 0.745313 0.493750 0.740625 0.491667 0.717187 0.489583 0.695312 0.491667
