0 0.159375 0.697917 0.148438 0.700000 0.142187 0.702083 0.132812 0.708333 0.123438 0.716667 0.117188 0.725000 0.117188 0.727083 0.109375 0.737500 0.103125 0.750000 0.092188 0.764583 0.085938 0.775000 0.085938 0.779167 0.082812 0.783333 0.081250 0.787500 0.079687 0.793750 0.079687 0.822917 0.081250 0.829167 0.085938 0.845833 0.087500 0.850000 0.093750 0.864583 0.100000 0.875000 0.110937 0.889583 0.117188 0.895833 0.125000 0.902083 0.129688 0.904167 0.139063 0.908333 0.148438 0.910417 0.162500 0.910417 0.168750 0.908333 0.176563 0.904167 0.182812 0.897917 0.210938 0.860417 0.215625 0.862500 0.217188 0.866667 0.217188 0.870833 0.220312 0.875000 0.221875 0.868750 0.220312 0.862500 0.214062 0.850000 0.215625 0.845833 0.218750 0.839583 0.226562 0.827083 0.229687 0.825000 0.231250 0.822917 0.234375 0.814583 0.240625 0.806250 0.242188 0.800000 0.242188 0.770833 0.240625 0.764583 0.237500 0.756250 0.232813 0.743750 0.225000 0.731250 0.223438 0.729167 0.214062 0.718750 0.209375 0.714583 0.196875 0.706250 0.192188 0.704167 0.187500 0.702083 0.179688 0.700000 0.170313 0.697917 0.159375 0.697917
26 0.676562 0.110417 0.670312 0.112500 0.664062 0.116667 0.662500 0.122917 0.653125 0.135417 0.651563 0.139583 0.650000 0.143750 0.648438 0.154167 0.643750 0.164583 0.639062 0.183333 0.637500 0.193750 0.637500 0.206250 0.635938 0.214583 0.631250 0.227083 0.629687 0.233333 0.628125 0.250000 0.623437 0.260417 0.621875 0.266667 0.620313 0.272917 0.617188 0.293750 0.615625 0.300000 0.614062 0.306250 0.604688 0.329167 0.603125 0.335417 0.601562 0.341667 0.601562 0.358333 0.600000 0.366667 0.598437 0.372917 0.592187 0.387500 0.589063 0.397917 0.587500 0.404167 0.585938 0.410417 0.584375 0.418750 0.584375 0.445833 0.592187 0.456250 0.596875 0.460417 0.600000 0.462500 0.603125 0.464583 0.609375 0.464583 0.632812 0.475000 0.646875 0.479167 0.657813 0.481250 0.671875 0.481250 0.675000 0.479167 0.678125 0.477083 0.685937 0.466667 0.687500 0.462500 0.692187 0.447917 0.695312 0.427083 0.701562 0.406250 0.703125 0.391667 0.707812 0.370833 0.714063 0.350000 0.715625 0.335417 0.720313 0.322917 0.721875 0.316667 0.721875 0.308333 0.723437 0.300000 0.725000 0.293750 0.729688 0.283333 0.735938 0.260417 0.739062 0.247917 0.743750 0.229167 0.748437 0.206250 0.750000 0.197917 0.751563 0.187500 0.753125 0.177083 0.753125 0.162500 0.754687 0.160417 0.754687 0.147917 0.751563 0.139583 0.748437 0.135417 0.743750 0.131250 0.740625 0.129167 0.732812 0.125000 0.718750 0.118750 0.701562 0.112500 0.692187 0.110417 0.676562 0.110417
0 0.592187 0.527083 0.585938 0.531250 0.582812 0.533333 0.573438 0.541667 0.560937 0.547917 0.556250 0.547917 0.551562 0.552083 0.548438 0.543750 0.545312 0.539583 0.540625 0.535417 0.535937 0.531250 0.526563 0.531250 0.521875 0.535417 0.517188 0.541667 0.515625 0.547917 0.515625 0.572917 0.517188 0.583333 0.520312 0.589583 0.521875 0.604167 0.523438 0.610417 0.525000 0.614583 0.531250 0.627083 0.537500 0.635417 0.540625 0.637500 0.543750 0.639583 0.548438 0.641667 0.553125 0.643750 0.575000 0.650000 0.587500 0.650000 0.590625 0.647917 0.593750 0.645833 0.598437 0.639583 0.600000 0.635417 0.598437 0.620833 0.592187 0.614583 0.587500 0.606250 0.587500 0.600000 0.590625 0.587500 0.592187 0.581250 0.595313 0.575000 0.600000 0.566667 0.606250 0.558333 0.612500 0.547917 0.614062 0.543750 0.614062 0.539583 0.607812 0.531250 0.600000 0.527083 0.592187 0.527083
0 0.481250 0.656250 0.476562 0.658333 0.473438 0.660417 0.470313 0.662500 0.459375 0.677083 0.451562 0.691667 0.446875 0.702083 0.442188 0.710417 0.440625 0.714583 0.440625 0.733333 0.442188 0.739583 0.450000 0.750000 0.457813 0.750000 0.470313 0.741667 0.473438 0.741667 0.487500 0.760417 0.493750 0.770833 0.495312 0.777083 0.500000 0.785417 0.509375 0.785417 0.512500 0.783333 0.518750 0.775000 0.518750 0.756250 0.517188 0.718750 0.518750 0.716667 0.520312 0.712500 0.529687 0.714583 0.532813 0.712500 0.539062 0.704167 0.543750 0.695833 0.543750 0.681250 0.534375 0.668750 0.526563 0.662500 0.521875 0.660417 0.517188 0.658333 0.500000 0.656250 0.481250 0.656250
6 0.707812 0.495833 0.706250 0.497917 0.700000 0.497917 0.698438 0.500000 0.695312 0.500000 0.693750 0.504167 0.693750 0.508333 0.695312 0.522917 0.696875 0.537500 0.700000 0.547917 0.700000 0.558333 0.703125 0.566667 0.712500 0.589583 0.714063 0.595833 0.715625 0.602083 0.718750 0.616667 0.720313 0.625000 0.721875 0.637500 0.723437 0.656250 0.721875 0.691667 0.721875 0.710417 0.725000 0.731250 0.728125 0.754167 0.737500 0.806250 0.737500 0.822917 0.739062 0.841667 0.740625 0.850000 0.743750 0.856250 0.745313 0.862500 0.745313 0.870833 0.748437 0.875000 0.762500 0.875000 0.773438 0.872917 0.784375 0.870833 0.793750 0.866667 0.793750 0.862500 0.792188 0.856250 0.789062 0.843750 0.785937 0.837500 0.784375 0.831250 0.782813 0.818750 0.779687 0.812500 0.779687 0.804167 0.776563 0.795833 0.775000 0.779167 0.771875 0.764583 0.767188 0.750000 0.764062 0.733333 0.759375 0.700000 0.757812 0.691667 0.756250 0.683333 0.750000 0.660417 0.750000 0.652083 0.748437 0.643750 0.746875 0.637500 0.745313 0.631250 0.743750 0.627083 0.740625 0.622917 0.731250 0.614583 0.720313 0.602083 0.717187 0.591667 0.715625 0.575000 0.715625 0.550000 0.712500 0.529167 0.710938 0.510417 0.712500 0.495833 0.707812 0.495833
6 0.765625 0.468750 0.748437 0.470833 0.742188 0.475000 0.731250 0.475000 0.734375 0.475000 0.735938 0.477083 0.745313 0.477083 0.748437 0.481250 0.750000 0.487500 0.753125 0.500000 0.754687 0.514583 0.759375 0.527083 0.768750 0.579167 0.768750 0.593750 0.764062 0.606250 0.762500 0.612500 0.762500 0.633333 0.764062 0.641667 0.765625 0.650000 0.768750 0.660417 0.773438 0.670833 0.776563 0.681250 0.779687 0.693750 0.782813 0.712500 0.785937 0.722917 0.795312 0.750000 0.801562 0.779167 0.807813 0.793750 0.810937 0.804167 0.814063 0.816667 0.817187 0.835417 0.820312 0.841667 0.821875 0.854167 0.825000 0.862500 0.834375 0.862500 0.840625 0.858333 0.840625 0.850000 0.839063 0.847917 0.839063 0.837500 0.834375 0.802083 0.825000 0.752083 0.820312 0.708333 0.818750 0.697917 0.814063 0.677083 0.814063 0.666667 0.812500 0.660417 0.810937 0.654167 0.804688 0.637500 0.800000 0.629167 0.790625 0.616667 0.787500 0.610417 0.784375 0.604167 0.782813 0.600000 0.781250 0.591667 0.779687 0.577083 0.778125 0.554167 0.778125 0.529167 0.779687 0.510417 0.781250 0.497917 0.782813 0.487500 0.785937 0.475000 0.785937 0.468750 0.765625 0.468750
6 0.804688 0.464583 0.803125 0.466667 0.798438 0.466667 0.798438 0.475000 0.800000 0.485417 0.807813 0.520833 0.809375 0.539583 0.814063 0.554167 0.815625 0.562500 0.820312 0.602083 0.825000 0.620833 0.825000 0.631250 0.826562 0.641667 0.831250 0.660417 0.832812 0.679167 0.835938 0.697917 0.839063 0.706250 0.840625 0.725000 0.848437 0.758333 0.851562 0.785417 0.862500 0.845833 0.864062 0.852083 0.865625 0.856250 0.881250 0.858333 0.889062 0.856250 0.892188 0.854167 0.892188 0.841667 0.890625 0.831250 0.885938 0.810417 0.884375 0.789583 0.882812 0.779167 0.881250 0.770833 0.879687 0.762500 0.870313 0.733333 0.870313 0.687500 0.868750 0.672917 0.864062 0.635417 0.860938 0.622917 0.856250 0.572917 0.851562 0.550000 0.850000 0.537500 0.848437 0.512500 0.843750 0.477083 0.840625 0.464583 0.804688 0.464583
3 0.734375 0.477083 0.732812 0.479167 0.723437 0.479167 0.720313 0.481250 0.718750 0.483333 0.717187 0.487500 0.717187 0.491667 0.712500 0.495833 0.712500 0.504167 0.714063 0.529167 0.715625 0.552083 0.717187 0.577083 0.718750 0.589583 0.720313 0.595833 0.721875 0.600000 0.725000 0.606250 0.729688 0.612500 0.735938 0.616667 0.745313 0.629167 0.746875 0.633333 0.748437 0.639583 0.750000 0.645833 0.751563 0.654167 0.751563 0.662500 0.760938 0.704167 0.764062 0.729167 0.765625 0.737500 0.767188 0.745833 0.770312 0.760417 0.775000 0.775000 0.776563 0.783333 0.778125 0.800000 0.784375 0.827083 0.785937 0.833333 0.787500 0.839583 0.793750 0.856250 0.793750 0.862500 0.798438 0.872917 0.801562 0.889583 0.809375 0.916667 0.812500 0.925000 0.815625 0.929167 0.825000 0.929167 0.828125 0.927083 0.831250 0.922917 0.831250 0.910417 0.829688 0.897917 0.826562 0.879167 0.823438 0.870833 0.823438 0.862500 0.815625 0.825000 0.814063 0.818750 0.810937 0.808333 0.803125 0.787500 0.798438 0.770833 0.795312 0.754167 0.789062 0.737500 0.760938 0.635417 0.760938 0.612500 0.762500 0.606250 0.765625 0.602083 0.767188 0.595833 0.767188 0.577083 0.765625 0.568750 0.764062 0.560417 0.756250 0.520833 0.751563 0.497917 0.745313 0.481250 0.742188 0.477083 0.734375 0.477083
24 0.753125 0.054167 0.751563 0.066667 0.751563 0.112500 0.753125 0.133333 0.757812 0.145833 0.757812 0.158333 0.756250 0.181250 0.753125 0.200000 0.751563 0.208333 0.748437 0.214583 0.748437 0.222917 0.743750 0.239583 0.742188 0.247917 0.740625 0.260417 0.739062 0.275000 0.739062 0.289583 0.734375 0.316667 0.732812 0.333333 0.732812 0.350000 0.728125 0.379167 0.726562 0.393750 0.725000 0.410417 0.723437 0.427083 0.721875 0.445833 0.721875 0.470833 0.732812 0.470833 0.748437 0.468750 0.765625 0.464583 0.785937 0.462500 0.806250 0.460417 0.840625 0.460417 0.845313 0.466667 0.846875 0.472917 0.848437 0.485417 0.850000 0.497917 0.850000 0.512500 0.851562 0.525000 0.853125 0.537500 0.854688 0.547917 0.859375 0.568750 0.860938 0.581250 0.860938 0.600000 0.862500 0.608333 0.865625 0.612500 0.870313 0.612500 0.870313 0.606250 0.871875 0.604167 0.871875 0.577083 0.875000 0.558333 0.875000 0.537500 0.878125 0.497917 0.879687 0.479167 0.884375 0.443750 0.885938 0.414583 0.885938 0.385417 0.887500 0.366667 0.892188 0.337500 0.893750 0.322917 0.895312 0.306250 0.896875 0.283333 0.896875 0.264583 0.898438 0.241667 0.901563 0.229167 0.903125 0.214583 0.903125 0.195833 0.907813 0.162500 0.910937 0.152083 0.910937 0.141667 0.912500 0.131250 0.918750 0.102083 0.920312 0.091667 0.921875 0.081250 0.920312 0.060417 0.910937 0.058333 0.887500 0.058333 0.864062 0.054167 0.803125 0.052083 0.753125 0.054167
12 0.334375 0.147917 0.323437 0.150000 0.318750 0.152083 0.314063 0.154167 0.301563 0.162500 0.295312 0.168750 0.285938 0.181250 0.282813 0.187500 0.279687 0.193750 0.278125 0.197917 0.276562 0.202083 0.275000 0.208333 0.273438 0.216667 0.271875 0.225000 0.271875 0.256250 0.273438 0.264583 0.275000 0.270833 0.278125 0.281250 0.281250 0.287500 0.284375 0.293750 0.293750 0.308333 0.301563 0.316667 0.307812 0.320833 0.317188 0.327083 0.325000 0.331250 0.334375 0.333333 0.346875 0.333333 0.356250 0.331250 0.368750 0.325000 0.373437 0.322917 0.376563 0.318750 0.379688 0.318750 0.382812 0.316667 0.387500 0.312500 0.392188 0.306250 0.395313 0.300000 0.400000 0.289583 0.401562 0.285417 0.401562 0.281250 0.404687 0.277083 0.406250 0.270833 0.407813 0.258333 0.409375 0.245833 0.409375 0.241667 0.407813 0.220833 0.406250 0.212500 0.404687 0.206250 0.398438 0.189583 0.392188 0.179167 0.385937 0.170833 0.378125 0.162500 0.373437 0.158333 0.365625 0.154167 0.360938 0.152083 0.356250 0.150000 0.345313 0.147917 0.334375 0.147917
5 0.789062 0.468750 0.787500 0.472917 0.785937 0.481250 0.784375 0.489583 0.782813 0.500000 0.781250 0.514583 0.779687 0.533333 0.779687 0.554167 0.781250 0.575000 0.782813 0.591667 0.784375 0.600000 0.785937 0.604167 0.789062 0.610417 0.792188 0.616667 0.801562 0.629167 0.806250 0.637500 0.812500 0.654167 0.814063 0.660417 0.815625 0.668750 0.817187 0.677083 0.820312 0.697917 0.826562 0.739583 0.834375 0.789583 0.835938 0.800000 0.842187 0.854167 0.843750 0.864583 0.845313 0.872917 0.853125 0.883333 0.857812 0.885417 0.864062 0.885417 0.867188 0.881250 0.867188 0.870833 0.865625 0.862500 0.859375 0.837500 0.857812 0.829167 0.854688 0.804167 0.851562 0.795833 0.848437 0.777083 0.845313 0.750000 0.843750 0.741667 0.840625 0.733333 0.834375 0.697917 0.829688 0.670833 0.823438 0.620833 0.818750 0.602083 0.815625 0.572917 0.814063 0.562500 0.809375 0.547917 0.807813 0.539583 0.804688 0.512500 0.801562 0.495833 0.798438 0.479167 0.796875 0.470833 0.795312 0.466667 0.789062 0.468750
0 0.556250 0.131250 0.548438 0.133333 0.543750 0.135417 0.540625 0.139583 0.537500 0.141667 0.523438 0.141667 0.515625 0.143750 0.510938 0.145833 0.503125 0.150000 0.498437 0.154167 0.493750 0.158333 0.489063 0.164583 0.485938 0.170833 0.482812 0.177083 0.478125 0.189583 0.476562 0.195833 0.475000 0.204167 0.475000 0.241667 0.476562 0.250000 0.478125 0.256250 0.479687 0.262500 0.481250 0.266667 0.482812 0.270833 0.489063 0.285417 0.493750 0.293750 0.501563 0.304167 0.509375 0.312500 0.512500 0.314583 0.517188 0.314583 0.521875 0.318750 0.528125 0.320833 0.534375 0.322917 0.554688 0.322917 0.565625 0.318750 0.573438 0.314583 0.581250 0.310417 0.584375 0.308333 0.587500 0.306250 0.592187 0.302083 0.596875 0.297917 0.603125 0.291667 0.612500 0.279167 0.615625 0.272917 0.620313 0.262500 0.621875 0.256250 0.623437 0.250000 0.625000 0.241667 0.626563 0.200000 0.629687 0.197917 0.632812 0.197917 0.637500 0.191667 0.642188 0.179167 0.640625 0.170833 0.637500 0.168750 0.615625 0.168750 0.612500 0.164583 0.604688 0.152083 0.600000 0.147917 0.593750 0.141667 0.590625 0.141667 0.587500 0.137500 0.582812 0.135417 0.578125 0.133333 0.570312 0.131250 0.556250 0.131250
0 0.604688 0.708333 0.601562 0.710417 0.595313 0.718750 0.593750 0.725000 0.590625 0.737500 0.581250 0.768750 0.579688 0.775000 0.579688 0.793750 0.582812 0.816667 0.587500 0.818750 0.601562 0.812500 0.609375 0.808333 0.628125 0.795833 0.632812 0.791667 0.635938 0.787500 0.637500 0.783333 0.639062 0.779167 0.640625 0.772917 0.642188 0.764583 0.643750 0.756250 0.645312 0.745833 0.645312 0.725000 0.643750 0.720833 0.637500 0.712500 0.631250 0.710417 0.626563 0.710417 0.625000 0.708333 0.618750 0.706250 0.615625 0.706250 0.612500 0.706250 0.604688 0.708333
0 0.554688 0.691667 0.550000 0.693750 0.546875 0.695833 0.542188 0.704167 0.540625 0.708333 0.539062 0.712500 0.534375 0.735417 0.526563 0.756250 0.523438 0.766667 0.521875 0.772917 0.521875 0.791667 0.523438 0.795833 0.525000 0.797917 0.526563 0.797917 0.529687 0.802083 0.543750 0.802083 0.556250 0.793750 0.570312 0.783333 0.575000 0.779167 0.578125 0.775000 0.579688 0.770833 0.585938 0.752083 0.592187 0.729167 0.593750 0.722917 0.593750 0.716667 0.582812 0.702083 0.573438 0.695833 0.568750 0.693750 0.564063 0.691667 0.554688 0.691667
0 0.604688 0.591667 0.600000 0.593750 0.596875 0.595833 0.592187 0.602083 0.590625 0.606250 0.592187 0.610417 0.596875 0.616667 0.598437 0.616667 0.601562 0.620833 0.603125 0.625000 0.603125 0.631250 0.601562 0.637500 0.600000 0.641667 0.595313 0.647917 0.590625 0.652083 0.587500 0.652083 0.587500 0.656250 0.589063 0.660417 0.593750 0.668750 0.604688 0.683333 0.612500 0.697917 0.615625 0.702083 0.618750 0.704167 0.621875 0.706250 0.632812 0.710417 0.639062 0.710417 0.648438 0.697917 0.650000 0.685417 0.651563 0.670833 0.651563 0.664583 0.650000 0.650000 0.646875 0.635417 0.642188 0.620833 0.640625 0.616667 0.639062 0.612500 0.634375 0.602083 0.629687 0.595833 0.625000 0.593750 0.615625 0.591667 0.604688 0.591667
0 0.331250 0.410417 0.315625 0.412500 0.303125 0.414583 0.296875 0.418750 0.287500 0.420833 0.275000 0.420833 0.262500 0.425000 0.226562 0.422917 0.195312 0.422917 0.179688 0.425000 0.176563 0.427083 0.173437 0.456250 0.173437 0.481250 0.176563 0.504167 0.176563 0.606250 0.178125 0.612500 0.181250 0.616667 0.184375 0.618750 0.214062 0.618750 0.232813 0.614583 0.256250 0.614583 0.273438 0.612500 0.289062 0.610417 0.300000 0.606250 0.332813 0.604167 0.343750 0.602083 0.353125 0.597917 0.360938 0.597917 0.364063 0.595833 0.367188 0.585417 0.367188 0.562500 0.365625 0.531250 0.362500 0.514583 0.360938 0.485417 0.360938 0.435417 0.357812 0.418750 0.356250 0.414583 0.348438 0.410417 0.331250 0.410417
