26 0.446875 0.243750 0.443750 0.245833 0.440625 0.247917 0.434375 0.254167 0.418750 0.272917 0.412500 0.281250 0.389062 0.314583 0.387500 0.318750 0.387500 0.331250 0.389062 0.335417 0.400000 0.352083 0.410938 0.366667 0.414062 0.375000 0.426563 0.393750 0.437500 0.406250 0.443750 0.414583 0.443750 0.418750 0.450000 0.425000 0.451562 0.427083 0.462500 0.443750 0.465625 0.443750 0.470313 0.450000 0.470313 0.452083 0.476562 0.462500 0.492188 0.481250 0.493750 0.483333 0.504687 0.502083 0.510938 0.510417 0.529687 0.533333 0.531250 0.535417 0.553125 0.566667 0.560937 0.572917 0.562500 0.575000 0.562500 0.577083 0.564063 0.579167 0.567187 0.581250 0.570312 0.581250 0.575000 0.577083 0.584375 0.568750 0.593750 0.556250 0.595313 0.554167 0.596875 0.554167 0.601562 0.550000 0.615625 0.531250 0.618750 0.522917 0.631250 0.506250 0.632812 0.506250 0.635938 0.502083 0.635938 0.493750 0.631250 0.489583 0.628125 0.483333 0.628125 0.477083 0.626563 0.472917 0.614062 0.456250 0.612500 0.450000 0.607812 0.443750 0.598437 0.431250 0.593750 0.425000 0.584375 0.414583 0.582812 0.412500 0.578125 0.402083 0.573438 0.395833 0.562500 0.381250 0.559375 0.377083 0.551562 0.368750 0.545312 0.356250 0.510938 0.312500 0.498437 0.293750 0.492188 0.285417 0.476562 0.268750 0.464062 0.252083 0.464062 0.247917 0.460938 0.243750 0.446875 0.243750
6 0.382812 0.333333 0.379688 0.335417 0.376563 0.337500 0.370312 0.343750 0.356250 0.360417 0.339062 0.381250 0.314063 0.414583 0.300000 0.431250 0.293750 0.435417 0.287500 0.441667 0.273438 0.460417 0.262500 0.470833 0.250000 0.487500 0.235937 0.504167 0.231250 0.508333 0.225000 0.510417 0.225000 0.514583 0.228125 0.516667 0.232813 0.518750 0.237500 0.522917 0.243750 0.529167 0.250000 0.535417 0.260937 0.550000 0.281250 0.570833 0.300000 0.595833 0.309375 0.606250 0.314063 0.610417 0.317188 0.612500 0.321875 0.612500 0.331250 0.602083 0.357812 0.566667 0.357812 0.562500 0.356250 0.558333 0.351562 0.550000 0.353125 0.539583 0.370312 0.518750 0.390625 0.495833 0.400000 0.487500 0.410938 0.475000 0.425000 0.456250 0.431250 0.452083 0.437500 0.443750 0.443750 0.439583 0.446875 0.441667 0.450000 0.445833 0.456250 0.443750 0.456250 0.437500 0.450000 0.427083 0.421875 0.389583 0.409375 0.370833 0.403125 0.358333 0.396875 0.347917 0.395313 0.345833 0.389062 0.339583 0.389062 0.337500 0.385937 0.333333 0.382812 0.333333
6 0.306250 0.037500 0.303125 0.039583 0.290625 0.054167 0.289062 0.056250 0.270313 0.081250 0.268750 0.083333 0.214062 0.160417 0.184375 0.200000 0.173437 0.212500 0.162500 0.222917 0.151562 0.237500 0.143750 0.243750 0.134375 0.256250 0.128125 0.260417 0.120313 0.268750 0.103125 0.289583 0.096875 0.295833 0.085938 0.304167 0.076563 0.314583 0.068750 0.322917 0.067187 0.325000 0.067187 0.327083 0.064062 0.331250 0.064062 0.335417 0.065625 0.339583 0.067187 0.343750 0.153125 0.458333 0.153125 0.462500 0.164062 0.475000 0.170313 0.485417 0.175000 0.489583 0.178125 0.495833 0.181250 0.497917 0.184375 0.502083 0.190625 0.512500 0.196875 0.512500 0.200000 0.510417 0.200000 0.504167 0.195312 0.497917 0.181250 0.479167 0.173437 0.470833 0.170313 0.466667 0.170313 0.464583 0.160938 0.450000 0.156250 0.439583 0.154688 0.435417 0.153125 0.429167 0.153125 0.418750 0.154688 0.408333 0.156250 0.404167 0.165625 0.391667 0.179688 0.375000 0.189062 0.366667 0.198437 0.354167 0.207813 0.345833 0.221875 0.329167 0.223438 0.325000 0.225000 0.322917 0.235937 0.312500 0.259375 0.285417 0.282813 0.256250 0.306250 0.231250 0.318750 0.214583 0.329688 0.202083 0.334375 0.197917 0.339062 0.193750 0.353125 0.185417 0.356250 0.187500 0.381250 0.220833 0.398438 0.247917 0.404687 0.260417 0.410938 0.268750 0.415625 0.270833 0.418750 0.268750 0.426563 0.260417 0.432812 0.252083 0.439063 0.245833 0.442188 0.243750 0.445312 0.243750 0.448437 0.239583 0.450000 0.239583 0.451562 0.231250 0.446875 0.222917 0.420312 0.187500 0.404687 0.164583 0.396875 0.150000 0.379688 0.125000 0.378125 0.122917 0.375000 0.120833 0.357812 0.093750 0.348438 0.081250 0.328125 0.056250 0.317188 0.039583 0.314063 0.037500 0.306250 0.037500
11 0.489063 0.616667 0.481250 0.618750 0.476562 0.620833 0.471875 0.625000 0.467187 0.629167 0.460938 0.635417 0.459375 0.637500 0.459375 0.639583 0.457813 0.641667 0.448437 0.650000 0.440625 0.660417 0.435937 0.668750 0.434375 0.672917 0.432812 0.677083 0.431250 0.685417 0.431250 0.718750 0.432812 0.727083 0.434375 0.733333 0.435937 0.739583 0.443750 0.758333 0.460938 0.781250 0.473438 0.789583 0.478125 0.791667 0.489063 0.793750 0.507812 0.793750 0.515625 0.791667 0.520312 0.789583 0.526563 0.785417 0.535937 0.779167 0.542188 0.770833 0.546875 0.762500 0.550000 0.756250 0.553125 0.750000 0.557813 0.737500 0.559375 0.731250 0.562500 0.716667 0.562500 0.691667 0.560937 0.681250 0.559375 0.675000 0.556250 0.664583 0.554688 0.660417 0.553125 0.656250 0.546875 0.645833 0.539062 0.635417 0.532813 0.629167 0.525000 0.622917 0.520312 0.620833 0.515625 0.618750 0.509375 0.616667 0.489063 0.616667
6 0.689063 0.002083 0.684375 0.004167 0.681250 0.006250 0.667188 0.022917 0.643750 0.052083 0.615625 0.091667 0.596875 0.118750 0.584375 0.137500 0.576562 0.150000 0.575000 0.154167 0.575000 0.160417 0.576562 0.164583 0.595313 0.191667 0.621875 0.229167 0.625000 0.233333 0.628125 0.235417 0.629687 0.237500 0.632812 0.241667 0.634375 0.243750 0.635938 0.245833 0.675000 0.302083 0.696875 0.329167 0.698438 0.331250 0.729688 0.375000 0.731250 0.379167 0.731250 0.397917 0.729688 0.404167 0.728125 0.408333 0.726562 0.412500 0.723437 0.418750 0.715625 0.429167 0.712500 0.435417 0.712500 0.445833 0.725000 0.462500 0.734375 0.472917 0.742188 0.479167 0.751563 0.489583 0.768750 0.512500 0.775000 0.518750 0.782813 0.522917 0.787500 0.516667 0.793750 0.500000 0.795312 0.493750 0.796875 0.485417 0.796875 0.472917 0.798438 0.464583 0.806250 0.425000 0.810937 0.412500 0.810937 0.397917 0.814063 0.385417 0.814063 0.370833 0.815625 0.366667 0.821875 0.358333 0.829688 0.356250 0.839063 0.356250 0.850000 0.358333 0.857812 0.360417 0.865625 0.364583 0.870313 0.370833 0.871875 0.375000 0.871875 0.387500 0.868750 0.393750 0.870313 0.412500 0.873437 0.412500 0.878125 0.408333 0.889062 0.395833 0.923438 0.350000 0.946875 0.312500 0.964063 0.289583 0.971875 0.275000 0.984375 0.258333 0.990625 0.247917 0.998437 0.235417 0.998437 0.202083 0.995313 0.197917 0.993750 0.195833 0.990625 0.191667 0.982812 0.183333 0.968750 0.160417 0.964063 0.154167 0.957812 0.147917 0.953125 0.139583 0.951562 0.133333 0.946875 0.125000 0.940625 0.116667 0.935937 0.108333 0.932813 0.100000 0.928125 0.091667 0.914062 0.072917 0.904687 0.066667 0.900000 0.062500 0.893750 0.056250 0.892188 0.054167 0.871875 0.025000 0.865625 0.018750 0.857812 0.012500 0.854688 0.010417 0.843750 0.004167 0.825000 0.002083 0.689063 0.002083
6 0.478125 0.466667 0.475000 0.468750 0.471875 0.470833 0.470313 0.479167 0.471875 0.483333 0.485938 0.502083 0.492188 0.512500 0.492188 0.514583 0.498437 0.520833 0.500000 0.522917 0.503125 0.531250 0.514062 0.545833 0.520312 0.556250 0.521875 0.560417 0.521875 0.564583 0.510938 0.579167 0.498437 0.591667 0.485938 0.614583 0.489063 0.614583 0.501563 0.612500 0.512500 0.614583 0.517188 0.616667 0.521875 0.618750 0.531250 0.625000 0.535937 0.629167 0.551562 0.650000 0.554688 0.656250 0.560937 0.672917 0.562500 0.679167 0.564063 0.687500 0.564063 0.718750 0.562500 0.727083 0.560937 0.733333 0.557813 0.743750 0.556250 0.747917 0.554688 0.752083 0.546875 0.766667 0.535937 0.781250 0.531250 0.785417 0.528125 0.787500 0.525000 0.789583 0.520312 0.791667 0.515625 0.793750 0.507812 0.795833 0.485938 0.795833 0.478125 0.793750 0.471875 0.791667 0.462500 0.785417 0.456250 0.779167 0.450000 0.770833 0.443750 0.760417 0.440625 0.754167 0.437500 0.747917 0.432812 0.735417 0.431250 0.729167 0.429688 0.720833 0.428125 0.708333 0.428125 0.697917 0.431250 0.677083 0.431250 0.670833 0.428125 0.666667 0.426563 0.666667 0.421875 0.660417 0.414062 0.647917 0.407813 0.635417 0.400000 0.622917 0.390625 0.608333 0.379688 0.591667 0.368750 0.575000 0.365625 0.572917 0.360938 0.572917 0.357812 0.577083 0.357812 0.579167 0.351562 0.581250 0.345313 0.587500 0.332813 0.604167 0.332813 0.610417 0.337500 0.620833 0.345313 0.635417 0.359375 0.660417 0.370312 0.675000 0.381250 0.685417 0.393750 0.702083 0.400000 0.708333 0.401562 0.708333 0.404687 0.712500 0.406250 0.716667 0.407813 0.720833 0.407813 0.752083 0.410938 0.758333 0.420312 0.772917 0.460938 0.852083 0.462500 0.858333 0.465625 0.864583 0.473438 0.879167 0.482812 0.893750 0.487500 0.902083 0.489063 0.908333 0.493750 0.914583 0.496875 0.916667 0.500000 0.914583 0.503125 0.912500 0.507812 0.908333 0.517188 0.895833 0.529687 0.883333 0.542188 0.872917 0.548438 0.864583 0.567187 0.847917 0.585938 0.827083 0.592187 0.822917 0.612500 0.800000 0.618750 0.793750 0.629687 0.785417 0.635938 0.779167 0.642188 0.770833 0.659375 0.756250 0.671875 0.741667 0.695312 0.718750 0.706250 0.708333 0.712500 0.704167 0.715625 0.700000 0.715625 0.695833 0.714063 0.691667 0.712500 0.687500 0.709375 0.681250 0.698438 0.664583 0.675000 0.618750 0.631250 0.539583 0.623437 0.527083 0.618750 0.527083 0.603125 0.545833 0.587500 0.566667 0.581250 0.572917 0.576562 0.577083 0.573438 0.579167 0.567187 0.579167 0.562500 0.570833 0.557813 0.568750 0.548438 0.562500 0.543750 0.558333 0.537500 0.550000 0.535937 0.547917 0.529687 0.539583 0.525000 0.529167 0.484375 0.477083 0.481250 0.472917 0.481250 0.470833 0.478125 0.466667
27 0.353125 0.189583 0.348438 0.191667 0.335938 0.200000 0.329688 0.206250 0.315625 0.225000 0.296875 0.243750 0.282813 0.260417 0.268750 0.279167 0.248438 0.302083 0.239063 0.312500 0.220312 0.331250 0.204687 0.352083 0.193750 0.364583 0.184375 0.372917 0.173437 0.385417 0.168750 0.393750 0.164062 0.395833 0.160938 0.400000 0.157812 0.406250 0.156250 0.410417 0.156250 0.433333 0.157812 0.437500 0.167187 0.456250 0.171875 0.464583 0.184375 0.483333 0.189062 0.489583 0.195312 0.493750 0.203125 0.504167 0.212500 0.506250 0.220312 0.508333 0.223438 0.508333 0.228125 0.506250 0.231250 0.504167 0.237500 0.497917 0.248438 0.485417 0.260937 0.468750 0.273438 0.456250 0.290625 0.433333 0.300000 0.425000 0.317188 0.404167 0.335938 0.379167 0.356250 0.354167 0.362500 0.350000 0.371875 0.337500 0.379688 0.331250 0.387500 0.320833 0.387500 0.316667 0.389062 0.312500 0.390625 0.310417 0.392188 0.310417 0.395313 0.306250 0.395313 0.304167 0.406250 0.287500 0.407813 0.283333 0.409375 0.279167 0.409375 0.272917 0.406250 0.266667 0.403125 0.260417 0.398438 0.252083 0.385937 0.235417 0.378125 0.220833 0.357812 0.193750 0.356250 0.193750 0.353125 0.189583
26 0.209375 0.510417 0.206250 0.512500 0.200000 0.518750 0.196875 0.518750 0.189062 0.527083 0.181250 0.535417 0.179688 0.537500 0.175000 0.543750 0.164062 0.562500 0.162500 0.564583 0.160938 0.566667 0.159375 0.568750 0.153125 0.575000 0.150000 0.581250 0.148438 0.585417 0.146875 0.600000 0.148438 0.604167 0.156250 0.614583 0.157812 0.620833 0.165625 0.631250 0.175000 0.641667 0.190625 0.656250 0.206250 0.675000 0.220312 0.693750 0.232813 0.706250 0.246875 0.725000 0.256250 0.733333 0.267188 0.745833 0.290625 0.775000 0.300000 0.783333 0.303125 0.789583 0.314063 0.800000 0.329688 0.820833 0.334375 0.825000 0.337500 0.827083 0.348438 0.825000 0.353125 0.820833 0.364063 0.806250 0.371875 0.791667 0.373437 0.789583 0.376563 0.787500 0.379688 0.783333 0.385937 0.772917 0.389062 0.764583 0.398438 0.752083 0.400000 0.747917 0.401562 0.743750 0.403125 0.735417 0.403125 0.725000 0.401562 0.718750 0.400000 0.714583 0.396875 0.710417 0.384375 0.697917 0.370312 0.679167 0.356250 0.662500 0.340625 0.647917 0.331250 0.637500 0.310937 0.614583 0.295312 0.595833 0.279687 0.575000 0.268750 0.562500 0.259375 0.554167 0.248438 0.539583 0.240625 0.531250 0.234375 0.529167 0.215625 0.512500 0.209375 0.510417
28 0.509375 0.108333 0.506250 0.110417 0.498437 0.120833 0.493750 0.122917 0.484375 0.133333 0.462500 0.162500 0.457813 0.170833 0.451562 0.185417 0.448437 0.191667 0.448437 0.197917 0.454688 0.206250 0.456250 0.212500 0.457813 0.227083 0.460938 0.237500 0.465625 0.250000 0.470313 0.256250 0.471875 0.262500 0.473438 0.264583 0.485938 0.279167 0.495312 0.287500 0.498437 0.291667 0.498437 0.297917 0.503125 0.300000 0.506250 0.304167 0.512500 0.314583 0.517188 0.316667 0.546875 0.356250 0.548438 0.362500 0.564063 0.383333 0.570312 0.391667 0.579688 0.404167 0.581250 0.404167 0.582812 0.410417 0.592187 0.420833 0.595313 0.427083 0.596875 0.427083 0.600000 0.431250 0.603125 0.439583 0.606250 0.443750 0.612500 0.450000 0.615625 0.456250 0.615625 0.458333 0.617188 0.460417 0.621875 0.464583 0.621875 0.466667 0.628125 0.470833 0.628125 0.481250 0.629687 0.485417 0.634375 0.493750 0.637500 0.493750 0.643750 0.493750 0.656250 0.491667 0.662500 0.489583 0.670312 0.481250 0.678125 0.470833 0.682813 0.468750 0.692187 0.454167 0.701562 0.445833 0.717187 0.427083 0.723437 0.416667 0.728125 0.406250 0.729688 0.400000 0.729688 0.379167 0.725000 0.372917 0.725000 0.370833 0.721875 0.366667 0.710938 0.354167 0.710938 0.352083 0.698438 0.337500 0.692187 0.329167 0.681250 0.310417 0.670312 0.295833 0.646875 0.266667 0.618750 0.225000 0.615625 0.220833 0.601562 0.204167 0.579688 0.175000 0.578125 0.172917 0.576562 0.166667 0.571875 0.160417 0.554688 0.137500 0.551562 0.133333 0.550000 0.133333 0.545312 0.127083 0.540625 0.122917 0.529687 0.116667 0.521875 0.112500 0.517188 0.112500 0.512500 0.108333 0.509375 0.108333
10 0.828125 0.360417 0.823438 0.362500 0.817187 0.370833 0.815625 0.391667 0.812500 0.400000 0.812500 0.410417 0.809375 0.416667 0.807813 0.431250 0.804688 0.437500 0.803125 0.443750 0.800000 0.460417 0.796875 0.485417 0.795312 0.493750 0.792188 0.500000 0.789062 0.514583 0.789062 0.522917 0.784375 0.529167 0.771875 0.537500 0.764062 0.547917 0.762500 0.552083 0.760938 0.558333 0.759375 0.564583 0.759375 0.575000 0.757812 0.583333 0.754687 0.589583 0.754687 0.602083 0.753125 0.612500 0.751563 0.622917 0.746875 0.641667 0.745313 0.652083 0.745313 0.666667 0.742188 0.677083 0.742188 0.695833 0.739062 0.704167 0.737500 0.714583 0.735938 0.725000 0.732812 0.747917 0.732812 0.764583 0.731250 0.777083 0.729688 0.787500 0.726562 0.797917 0.723437 0.820833 0.721875 0.837500 0.721875 0.847917 0.723437 0.854167 0.726562 0.862500 0.728125 0.862500 0.731250 0.866667 0.739062 0.872917 0.748437 0.879167 0.753125 0.881250 0.757812 0.881250 0.762500 0.883333 0.767188 0.887500 0.771875 0.889583 0.778125 0.891667 0.784375 0.893750 0.792188 0.895833 0.800000 0.897917 0.810937 0.900000 0.829688 0.900000 0.834375 0.897917 0.837500 0.895833 0.839063 0.893750 0.840625 0.889583 0.842187 0.877083 0.840625 0.860417 0.840625 0.850000 0.842187 0.837500 0.845313 0.814583 0.848437 0.804167 0.850000 0.781250 0.854688 0.760417 0.856250 0.737500 0.865625 0.683333 0.870313 0.647917 0.870313 0.635417 0.873437 0.625000 0.875000 0.614583 0.876563 0.600000 0.876563 0.577083 0.875000 0.570833 0.870313 0.558333 0.862500 0.547917 0.859375 0.541667 0.857812 0.535417 0.857812 0.516667 0.856250 0.514583 0.856250 0.497917 0.857812 0.470833 0.859375 0.441667 0.860938 0.418750 0.865625 0.408333 0.865625 0.387500 0.868750 0.383333 0.868750 0.375000 0.867188 0.370833 0.864062 0.368750 0.860938 0.366667 0.854688 0.364583 0.845313 0.362500 0.834375 0.360417 0.828125 0.360417
