7 0.484375 0.395833 0.478125 0.397917 0.473438 0.400000 0.468750 0.402083 0.460938 0.406250 0.453125 0.412500 0.445312 0.420833 0.442188 0.425000 0.440625 0.427083 0.434375 0.437500 0.431250 0.445833 0.426563 0.458333 0.425000 0.464583 0.423438 0.475000 0.423438 0.512500 0.425000 0.520833 0.426563 0.527083 0.429688 0.533333 0.440625 0.554167 0.445312 0.562500 0.451562 0.570833 0.456250 0.575000 0.462500 0.579167 0.471875 0.585417 0.478125 0.587500 0.484375 0.589583 0.510938 0.589583 0.517188 0.587500 0.521875 0.585417 0.525000 0.583333 0.528125 0.581250 0.542188 0.570833 0.550000 0.562500 0.551562 0.560417 0.551562 0.558333 0.554688 0.552083 0.560937 0.543750 0.564063 0.537500 0.567187 0.527083 0.568750 0.518750 0.570312 0.508333 0.570312 0.483333 0.568750 0.470833 0.567187 0.464583 0.565625 0.458333 0.562500 0.454167 0.562500 0.450000 0.560937 0.445833 0.557813 0.439583 0.553125 0.431250 0.540625 0.414583 0.535937 0.410417 0.531250 0.406250 0.521875 0.400000 0.517188 0.397917 0.510938 0.395833 0.498437 0.393750 0.484375 0.395833
9 0.806250 0.368750 0.798438 0.370833 0.793750 0.372917 0.785937 0.379167 0.781250 0.379167 0.778125 0.381250 0.775000 0.383333 0.767188 0.389583 0.764062 0.393750 0.764062 0.420833 0.762500 0.427083 0.759375 0.437500 0.759375 0.441667 0.762500 0.445833 0.762500 0.470833 0.764062 0.472917 0.764062 0.477083 0.767188 0.479167 0.779687 0.481250 0.795312 0.483333 0.810937 0.485417 0.848437 0.487500 0.878125 0.487500 0.896875 0.485417 0.903125 0.481250 0.910937 0.479167 0.921875 0.479167 0.923438 0.475000 0.925000 0.427083 0.925000 0.377083 0.918750 0.377083 0.914062 0.370833 0.910937 0.368750 0.875000 0.368750 0.806250 0.368750
9 0.842187 0.108333 0.835938 0.116667 0.817187 0.131250 0.803125 0.147917 0.800000 0.152083 0.800000 0.156250 0.796875 0.160417 0.796875 0.164583 0.795312 0.168750 0.789062 0.179167 0.787500 0.183333 0.787500 0.189583 0.784375 0.200000 0.781250 0.210417 0.778125 0.214583 0.778125 0.218750 0.775000 0.222917 0.775000 0.227083 0.773438 0.231250 0.768750 0.237500 0.764062 0.247917 0.759375 0.258333 0.757812 0.262500 0.756250 0.266667 0.757812 0.291667 0.762500 0.293750 0.775000 0.297917 0.787500 0.308333 0.792188 0.310417 0.796875 0.312500 0.807813 0.316667 0.817187 0.316667 0.821875 0.314583 0.840625 0.302083 0.854688 0.295833 0.865625 0.293750 0.868750 0.291667 0.870313 0.289583 0.871875 0.285417 0.871875 0.281250 0.876563 0.270833 0.887500 0.235417 0.890625 0.225000 0.896875 0.197917 0.906250 0.170833 0.907813 0.158333 0.909375 0.154167 0.914062 0.147917 0.914062 0.141667 0.910937 0.137500 0.904687 0.137500 0.887500 0.127083 0.882812 0.127083 0.878125 0.122917 0.873437 0.122917 0.856250 0.114583 0.851562 0.112500 0.848437 0.108333 0.842187 0.108333
7 0.118750 0.125000 0.112500 0.127083 0.107813 0.129167 0.103125 0.131250 0.093750 0.137500 0.089063 0.143750 0.084375 0.145833 0.071875 0.145833 0.064062 0.154167 0.060937 0.158333 0.059375 0.162500 0.059375 0.166667 0.056250 0.170833 0.056250 0.175000 0.053125 0.179167 0.051562 0.197917 0.051562 0.204167 0.053125 0.206250 0.053125 0.214583 0.056250 0.220833 0.057813 0.227083 0.057813 0.245833 0.062500 0.258333 0.067187 0.266667 0.075000 0.277083 0.078125 0.285417 0.090625 0.302083 0.096875 0.308333 0.101562 0.310417 0.107813 0.318750 0.112500 0.320833 0.117188 0.322917 0.123438 0.322917 0.128125 0.327083 0.132812 0.329167 0.139063 0.329167 0.153125 0.335417 0.160938 0.339583 0.171875 0.345833 0.179688 0.350000 0.182812 0.354167 0.185938 0.356250 0.190625 0.358333 0.195312 0.360417 0.204687 0.362500 0.220312 0.364583 0.231250 0.364583 0.237500 0.360417 0.243750 0.356250 0.253125 0.347917 0.256250 0.345833 0.259375 0.343750 0.264062 0.343750 0.267188 0.341667 0.270313 0.337500 0.271875 0.333333 0.275000 0.318750 0.278125 0.300000 0.278125 0.268750 0.276562 0.262500 0.271875 0.254167 0.271875 0.250000 0.270313 0.245833 0.265625 0.237500 0.250000 0.216667 0.245312 0.216667 0.240625 0.212500 0.225000 0.189583 0.212500 0.172917 0.209375 0.170833 0.203125 0.170833 0.192188 0.156250 0.184375 0.147917 0.176563 0.141667 0.167187 0.135417 0.159375 0.131250 0.154688 0.129167 0.150000 0.127083 0.142187 0.125000 0.118750 0.125000
6 0.754687 0.450000 0.750000 0.452083 0.745313 0.454167 0.718750 0.468750 0.704688 0.477083 0.701562 0.481250 0.690625 0.487500 0.679688 0.491667 0.654687 0.508333 0.635938 0.516667 0.617188 0.529167 0.606250 0.533333 0.598437 0.537500 0.595313 0.539583 0.590625 0.543750 0.590625 0.554167 0.595313 0.568750 0.601562 0.587500 0.609375 0.606250 0.615625 0.625000 0.620313 0.639583 0.637500 0.697917 0.650000 0.737500 0.657813 0.756250 0.660937 0.770833 0.673438 0.802083 0.675000 0.812500 0.679688 0.822917 0.681250 0.833333 0.689063 0.850000 0.692187 0.864583 0.695312 0.868750 0.701562 0.889583 0.704688 0.893750 0.707812 0.895833 0.712500 0.893750 0.721875 0.889583 0.759375 0.866667 0.762500 0.862500 0.764062 0.862500 0.765625 0.856250 0.757812 0.847917 0.750000 0.841667 0.737500 0.822917 0.734375 0.818750 0.732812 0.818750 0.728125 0.812500 0.723437 0.802083 0.706250 0.781250 0.701562 0.779167 0.695312 0.770833 0.692187 0.764583 0.692187 0.760417 0.687500 0.754167 0.685937 0.750000 0.684375 0.733333 0.684375 0.727083 0.685937 0.700000 0.689063 0.691667 0.695312 0.675000 0.709375 0.656250 0.714063 0.652083 0.723437 0.645833 0.729688 0.643750 0.735938 0.641667 0.750000 0.641667 0.756250 0.643750 0.762500 0.647917 0.770312 0.647917 0.773438 0.652083 0.781250 0.652083 0.784375 0.654167 0.787500 0.656250 0.790625 0.660417 0.793750 0.664583 0.798438 0.664583 0.807813 0.677083 0.810937 0.679167 0.814063 0.681250 0.825000 0.683333 0.828125 0.685417 0.832812 0.689583 0.839063 0.697917 0.843750 0.697917 0.846875 0.700000 0.851562 0.704167 0.859375 0.714583 0.864062 0.722917 0.865625 0.727083 0.867188 0.731250 0.868750 0.741667 0.868750 0.750000 0.870313 0.758333 0.871875 0.764583 0.876563 0.775000 0.878125 0.781250 0.878125 0.787500 0.879687 0.789583 0.879687 0.793750 0.887500 0.793750 0.896875 0.789583 0.929688 0.772917 0.934375 0.770833 0.939063 0.770833 0.943750 0.768750 0.951562 0.762500 0.959375 0.760417 0.962500 0.758333 0.964063 0.756250 0.965625 0.752083 0.964063 0.745833 0.962500 0.739583 0.954688 0.718750 0.951562 0.714583 0.950000 0.710417 0.945312 0.691667 0.942187 0.683333 0.937500 0.670833 0.931250 0.658333 0.925000 0.641667 0.917188 0.614583 0.914062 0.610417 0.900000 0.566667 0.896875 0.558333 0.889062 0.541667 0.887500 0.537500 0.885938 0.533333 0.873437 0.495833 0.870313 0.491667 0.850000 0.489583 0.820312 0.489583 0.793750 0.487500 0.778125 0.485417 0.767188 0.483333 0.764062 0.481250 0.759375 0.475000 0.759375 0.456250 0.754687 0.450000
6 0.457813 0.329167 0.451562 0.333333 0.440625 0.341667 0.409375 0.358333 0.392188 0.370833 0.378125 0.379167 0.367188 0.383333 0.353125 0.393750 0.339062 0.400000 0.325000 0.408333 0.307812 0.420833 0.296875 0.427083 0.285938 0.431250 0.275000 0.437500 0.246875 0.456250 0.218750 0.470833 0.212500 0.475000 0.203125 0.481250 0.198437 0.485417 0.195312 0.489583 0.204687 0.493750 0.212500 0.495833 0.220312 0.495833 0.231250 0.491667 0.245312 0.491667 0.256250 0.493750 0.262500 0.495833 0.267188 0.497917 0.270313 0.502083 0.271875 0.506250 0.279687 0.512500 0.284375 0.518750 0.287500 0.527083 0.289062 0.535417 0.292187 0.539583 0.293750 0.543750 0.296875 0.558333 0.300000 0.566667 0.298438 0.583333 0.293750 0.593750 0.290625 0.604167 0.285938 0.612500 0.276562 0.625000 0.268750 0.633333 0.262500 0.635417 0.259375 0.639583 0.256250 0.641667 0.248438 0.643750 0.242188 0.650000 0.240625 0.647917 0.237500 0.650000 0.234375 0.654167 0.231250 0.654167 0.228125 0.658333 0.221875 0.658333 0.217188 0.660417 0.207813 0.666667 0.204687 0.670833 0.203125 0.670833 0.201563 0.672917 0.200000 0.677083 0.200000 0.683333 0.204687 0.693750 0.206250 0.704167 0.214062 0.729167 0.218750 0.743750 0.231250 0.777083 0.235937 0.791667 0.239063 0.802083 0.248438 0.839583 0.253125 0.850000 0.256250 0.862500 0.264062 0.897917 0.267188 0.908333 0.271875 0.922917 0.273438 0.927083 0.278125 0.931250 0.284375 0.929167 0.292187 0.925000 0.301563 0.918750 0.301563 0.912500 0.292187 0.889583 0.290625 0.883333 0.289062 0.877083 0.287500 0.866667 0.287500 0.843750 0.289062 0.831250 0.290625 0.825000 0.292187 0.818750 0.296875 0.804167 0.300000 0.797917 0.306250 0.785417 0.326562 0.758333 0.334375 0.752083 0.353125 0.727083 0.362500 0.716667 0.375000 0.708333 0.385937 0.704167 0.393750 0.702083 0.415625 0.702083 0.418750 0.704167 0.423438 0.708333 0.428125 0.712500 0.442188 0.731250 0.450000 0.745833 0.453125 0.752083 0.454688 0.756250 0.456250 0.760417 0.457813 0.766667 0.459375 0.775000 0.459375 0.789583 0.457813 0.800000 0.456250 0.808333 0.453125 0.816667 0.453125 0.825000 0.456250 0.825000 0.460938 0.822917 0.468750 0.818750 0.479687 0.812500 0.496875 0.800000 0.510938 0.793750 0.514062 0.791667 0.517188 0.789583 0.517188 0.783333 0.515625 0.772917 0.510938 0.758333 0.507812 0.754167 0.503125 0.735417 0.495312 0.716667 0.490625 0.702083 0.489063 0.691667 0.487500 0.687500 0.492188 0.681250 0.495312 0.679167 0.498437 0.677083 0.521875 0.662500 0.532813 0.658333 0.557813 0.641667 0.560937 0.639583 0.562500 0.627083 0.557813 0.618750 0.554688 0.608333 0.546875 0.579167 0.543750 0.575000 0.540625 0.575000 0.534375 0.579167 0.528125 0.585417 0.525000 0.587500 0.520312 0.589583 0.515625 0.591667 0.507812 0.593750 0.487500 0.593750 0.479687 0.591667 0.473438 0.589583 0.468750 0.587500 0.456250 0.579167 0.451562 0.575000 0.440625 0.560417 0.432812 0.545833 0.425000 0.529167 0.423438 0.525000 0.421875 0.518750 0.420312 0.508333 0.420312 0.481250 0.421875 0.468750 0.423438 0.462500 0.425000 0.456250 0.428125 0.447917 0.432812 0.435417 0.451562 0.410417 0.456250 0.406250 0.459375 0.404167 0.462500 0.402083 0.470313 0.400000 0.478125 0.395833 0.479687 0.393750 0.482812 0.391667 0.481250 0.385417 0.476562 0.370833 0.470313 0.350000 0.464062 0.333333 0.460938 0.329167 0.457813 0.329167
6 0.489063 0.056250 0.493750 0.058333 0.531250 0.083333 0.557813 0.104167 0.560937 0.106250 0.564063 0.106250 0.576562 0.116667 0.582812 0.118750 0.585938 0.120833 0.592187 0.127083 0.595313 0.127083 0.618750 0.145833 0.621875 0.147917 0.625000 0.147917 0.628125 0.150000 0.631250 0.152083 0.648438 0.164583 0.653125 0.170833 0.654687 0.175000 0.650000 0.177083 0.645312 0.181250 0.637500 0.191667 0.623437 0.214583 0.617188 0.225000 0.610938 0.235417 0.600000 0.256250 0.598437 0.260417 0.595313 0.270833 0.592187 0.281250 0.592187 0.295833 0.596875 0.302083 0.598437 0.302083 0.612500 0.318750 0.618750 0.325000 0.623437 0.327083 0.632812 0.337500 0.640625 0.345833 0.650000 0.358333 0.657813 0.372917 0.665625 0.383333 0.668750 0.385417 0.679688 0.385417 0.684375 0.383333 0.687500 0.381250 0.690625 0.379167 0.696875 0.372917 0.704688 0.362500 0.721875 0.337500 0.731250 0.322917 0.737500 0.312500 0.739062 0.308333 0.739062 0.304167 0.742188 0.297917 0.748437 0.289583 0.748437 0.275000 0.745313 0.270833 0.739062 0.266667 0.732812 0.260417 0.731250 0.258333 0.731250 0.256250 0.729688 0.254167 0.723437 0.247917 0.718750 0.245833 0.717187 0.243750 0.715625 0.239583 0.712500 0.239583 0.703125 0.227083 0.698438 0.225000 0.684375 0.208333 0.678125 0.204167 0.668750 0.193750 0.657813 0.179167 0.654687 0.175000 0.653125 0.170833 0.657813 0.170833 0.668750 0.177083 0.685937 0.187500 0.689063 0.191667 0.692187 0.191667 0.714063 0.206250 0.720313 0.212500 0.723437 0.214583 0.737500 0.220833 0.754687 0.231250 0.757812 0.233333 0.760938 0.237500 0.762500 0.241667 0.756250 0.256250 0.754687 0.264583 0.753125 0.275000 0.753125 0.287500 0.754687 0.291667 0.760938 0.297917 0.762500 0.308333 0.737500 0.377083 0.735938 0.381250 0.732812 0.385417 0.731250 0.389583 0.723437 0.416667 0.715625 0.433333 0.714063 0.437500 0.709375 0.450000 0.707812 0.460417 0.706250 0.464583 0.703125 0.470833 0.698438 0.477083 0.689063 0.483333 0.670312 0.491667 0.656250 0.502083 0.648438 0.506250 0.640625 0.508333 0.629687 0.516667 0.621875 0.518750 0.610938 0.527083 0.600000 0.531250 0.590625 0.537500 0.585938 0.543750 0.585938 0.550000 0.587500 0.558333 0.592187 0.572917 0.596875 0.581250 0.598437 0.585417 0.600000 0.591667 0.600000 0.597917 0.601562 0.600000 0.601562 0.604167 0.598437 0.604167 0.593750 0.602083 0.582812 0.595833 0.567187 0.583333 0.560937 0.581250 0.557813 0.579167 0.551562 0.570833 0.551562 0.566667 0.556250 0.556250 0.564063 0.543750 0.568750 0.531250 0.570312 0.525000 0.571875 0.516667 0.573438 0.504167 0.573438 0.489583 0.571875 0.472917 0.567187 0.454167 0.565625 0.450000 0.564063 0.445833 0.560937 0.439583 0.556250 0.431250 0.551562 0.422917 0.545312 0.414583 0.539062 0.408333 0.534375 0.404167 0.521875 0.395833 0.517188 0.393750 0.509375 0.391667 0.489063 0.391667 0.484375 0.385417 0.482812 0.377083 0.478125 0.368750 0.475000 0.354167 0.468750 0.335417 0.467187 0.331250 0.462500 0.325000 0.456250 0.325000 0.451562 0.327083 0.448437 0.329167 0.445312 0.331250 0.442188 0.335417 0.439063 0.337500 0.431250 0.341667 0.420312 0.345833 0.396875 0.362500 0.389062 0.366667 0.381250 0.370833 0.376563 0.372917 0.371875 0.372917 0.371875 0.364583 0.376563 0.350000 0.392188 0.302083 0.403125 0.270833 0.410938 0.254167 0.415625 0.235417 0.423438 0.216667 0.426563 0.200000 0.434375 0.177083 0.435937 0.172917 0.439063 0.168750 0.443750 0.152083 0.446875 0.147917 0.450000 0.139583 0.451562 0.131250 0.454688 0.127083 0.462500 0.104167 0.470313 0.077083 0.471875 0.072917 0.473438 0.068750 0.476562 0.064583 0.476562 0.062500 0.478125 0.060417 0.481250 0.058333 0.485938 0.056250 0.489063 0.056250
7 0.735938 0.643750 0.723437 0.650000 0.715625 0.654167 0.707812 0.662500 0.698438 0.675000 0.695312 0.681250 0.693750 0.687500 0.689063 0.693750 0.685937 0.704167 0.685937 0.731250 0.689063 0.747917 0.690625 0.756250 0.692187 0.760417 0.693750 0.764583 0.701562 0.775000 0.712500 0.785417 0.729688 0.806250 0.731250 0.808333 0.735938 0.816667 0.737500 0.822917 0.739062 0.825000 0.740625 0.825000 0.743750 0.829167 0.757812 0.850000 0.760938 0.852083 0.764062 0.854167 0.771875 0.856250 0.775000 0.860417 0.778125 0.862500 0.784375 0.864583 0.839063 0.864583 0.848437 0.862500 0.851562 0.860417 0.854688 0.858333 0.859375 0.854167 0.862500 0.850000 0.868750 0.839583 0.871875 0.833333 0.873437 0.829167 0.876563 0.818750 0.878125 0.812500 0.878125 0.793750 0.876563 0.781250 0.873437 0.772917 0.873437 0.764583 0.871875 0.758333 0.867188 0.745833 0.867188 0.739583 0.865625 0.733333 0.864062 0.729167 0.862500 0.725000 0.857812 0.714583 0.851562 0.706250 0.845313 0.700000 0.842187 0.697917 0.839063 0.697917 0.835938 0.695833 0.829688 0.687500 0.826562 0.685417 0.823438 0.683333 0.815625 0.683333 0.810937 0.681250 0.807813 0.679167 0.803125 0.670833 0.800000 0.666667 0.795312 0.664583 0.776563 0.652083 0.771875 0.650000 0.764062 0.650000 0.753125 0.643750 0.735938 0.643750
7 0.164062 0.491667 0.153125 0.493750 0.140625 0.497917 0.134375 0.500000 0.125000 0.506250 0.118750 0.512500 0.110937 0.520833 0.104688 0.531250 0.103125 0.533333 0.100000 0.535417 0.096875 0.535417 0.093750 0.537500 0.090625 0.541667 0.087500 0.541667 0.075000 0.558333 0.071875 0.564583 0.070312 0.570833 0.065625 0.597917 0.065625 0.618750 0.067187 0.627083 0.068750 0.633333 0.070312 0.637500 0.071875 0.641667 0.079687 0.652083 0.085938 0.658333 0.090625 0.662500 0.093750 0.662500 0.096875 0.666667 0.100000 0.668750 0.104688 0.668750 0.109375 0.672917 0.123438 0.672917 0.126562 0.677083 0.131250 0.677083 0.135937 0.681250 0.146875 0.685417 0.160938 0.687500 0.178125 0.687500 0.185938 0.685417 0.190625 0.683333 0.193750 0.681250 0.196875 0.679167 0.201563 0.675000 0.214062 0.660417 0.218750 0.658333 0.226562 0.656250 0.231250 0.654167 0.237500 0.647917 0.240625 0.645833 0.250000 0.643750 0.254688 0.641667 0.257812 0.639583 0.268750 0.631250 0.273438 0.627083 0.285938 0.610417 0.290625 0.602083 0.293750 0.595833 0.298438 0.581250 0.298438 0.560417 0.296875 0.554167 0.295312 0.547917 0.287500 0.531250 0.287500 0.527083 0.285938 0.522917 0.282813 0.516667 0.278125 0.510417 0.273438 0.506250 0.260937 0.497917 0.254688 0.495833 0.225000 0.495833 0.215625 0.500000 0.207813 0.497917 0.193750 0.491667 0.164062 0.491667
7 0.395313 0.702083 0.389062 0.704167 0.382812 0.708333 0.375000 0.708333 0.370312 0.710417 0.367188 0.712500 0.356250 0.725000 0.332813 0.756250 0.326562 0.760417 0.325000 0.762500 0.320312 0.770833 0.303125 0.791667 0.300000 0.800000 0.296875 0.812500 0.293750 0.816667 0.292187 0.820833 0.290625 0.831250 0.289062 0.847917 0.290625 0.872917 0.295312 0.891667 0.296875 0.895833 0.304688 0.914583 0.307812 0.920833 0.325000 0.943750 0.332813 0.950000 0.337500 0.952083 0.342187 0.952083 0.346875 0.956250 0.357812 0.956250 0.359375 0.958333 0.368750 0.958333 0.378125 0.956250 0.382812 0.954167 0.387500 0.952083 0.395313 0.947917 0.398438 0.945833 0.403125 0.941667 0.407813 0.937500 0.421875 0.918750 0.426563 0.908333 0.432812 0.893750 0.443750 0.862500 0.445312 0.856250 0.448437 0.841667 0.450000 0.833333 0.453125 0.806250 0.457813 0.789583 0.457813 0.768750 0.453125 0.756250 0.443750 0.737500 0.439063 0.729167 0.429688 0.716667 0.420312 0.706250 0.415625 0.704167 0.409375 0.702083 0.395313 0.702083
9 0.648438 0.181250 0.640625 0.191667 0.632812 0.204167 0.626563 0.214583 0.610938 0.241667 0.601562 0.260417 0.600000 0.264583 0.596875 0.275000 0.596875 0.281250 0.595313 0.287500 0.593750 0.291667 0.603125 0.304167 0.609375 0.308333 0.617188 0.318750 0.626563 0.325000 0.635938 0.335417 0.643750 0.343750 0.653125 0.356250 0.656250 0.364583 0.662500 0.375000 0.664062 0.377083 0.665625 0.377083 0.668750 0.381250 0.679688 0.381250 0.684375 0.379167 0.687500 0.377083 0.692187 0.370833 0.696875 0.368750 0.698438 0.366667 0.698438 0.364583 0.701562 0.358333 0.712500 0.345833 0.715625 0.341667 0.725000 0.327083 0.735938 0.310417 0.735938 0.304167 0.745313 0.289583 0.746875 0.285417 0.746875 0.281250 0.745313 0.277083 0.740625 0.270833 0.734375 0.266667 0.723437 0.252083 0.718750 0.250000 0.710938 0.239583 0.704688 0.235417 0.689063 0.216667 0.682813 0.212500 0.676562 0.206250 0.659375 0.185417 0.654687 0.181250 0.648438 0.181250
