7 0.821875 0.443750 0.809375 0.445833 0.801562 0.450000 0.792188 0.452083 0.770312 0.454167 0.760938 0.456250 0.745313 0.462500 0.742188 0.464583 0.739062 0.466667 0.732812 0.472917 0.725000 0.483333 0.721875 0.493750 0.715625 0.504167 0.710938 0.516667 0.710938 0.550000 0.712500 0.556250 0.714063 0.562500 0.717187 0.568750 0.731250 0.595833 0.737500 0.602083 0.742188 0.606250 0.746875 0.610417 0.751563 0.612500 0.756250 0.614583 0.767188 0.616667 0.771875 0.618750 0.776563 0.622917 0.781250 0.625000 0.787500 0.627083 0.795312 0.627083 0.815625 0.637500 0.823438 0.639583 0.843750 0.639583 0.850000 0.637500 0.856250 0.635417 0.867188 0.629167 0.875000 0.625000 0.878125 0.622917 0.881250 0.620833 0.885938 0.616667 0.896875 0.602083 0.903125 0.591667 0.904687 0.587500 0.907813 0.577083 0.909375 0.570833 0.910937 0.562500 0.910937 0.522917 0.909375 0.514583 0.907813 0.508333 0.901563 0.491667 0.896875 0.483333 0.892188 0.477083 0.882812 0.466667 0.876563 0.460417 0.873437 0.458333 0.870313 0.456250 0.862500 0.452083 0.857812 0.450000 0.853125 0.447917 0.845313 0.445833 0.826562 0.443750 0.821875 0.443750
7 0.821875 0.070833 0.807813 0.077083 0.798438 0.083333 0.784375 0.095833 0.776563 0.104167 0.773438 0.108333 0.764062 0.122917 0.760938 0.129167 0.756250 0.141667 0.737500 0.166667 0.723437 0.189583 0.721875 0.191667 0.715625 0.197917 0.714063 0.202083 0.712500 0.206250 0.710938 0.212500 0.709375 0.218750 0.707812 0.227083 0.706250 0.237500 0.706250 0.264583 0.707812 0.277083 0.709375 0.283333 0.714063 0.291667 0.715625 0.293750 0.721875 0.297917 0.725000 0.304167 0.740625 0.318750 0.743750 0.320833 0.746875 0.322917 0.775000 0.322917 0.781250 0.320833 0.785937 0.318750 0.789062 0.316667 0.795312 0.310417 0.798438 0.310417 0.803125 0.304167 0.812500 0.297917 0.823438 0.293750 0.826562 0.291667 0.829688 0.289583 0.837500 0.281250 0.840625 0.279167 0.843750 0.277083 0.853125 0.272917 0.862500 0.266667 0.870313 0.260417 0.875000 0.256250 0.885938 0.243750 0.892188 0.235417 0.898438 0.225000 0.898438 0.220833 0.904687 0.210417 0.906250 0.206250 0.907813 0.202083 0.909375 0.193750 0.910937 0.185417 0.912500 0.172917 0.912500 0.154167 0.909375 0.143750 0.909375 0.135417 0.910937 0.133333 0.910937 0.122917 0.909375 0.114583 0.907813 0.108333 0.906250 0.104167 0.903125 0.097917 0.900000 0.093750 0.898438 0.093750 0.893750 0.087500 0.890625 0.085417 0.885938 0.083333 0.881250 0.081250 0.876563 0.081250 0.871875 0.079167 0.867188 0.075000 0.862500 0.072917 0.856250 0.070833 0.821875 0.070833
7 0.517188 0.743750 0.509375 0.745833 0.504687 0.747917 0.495312 0.754167 0.489063 0.760417 0.478125 0.775000 0.476562 0.781250 0.470313 0.789583 0.467187 0.795833 0.465625 0.802083 0.465625 0.841667 0.457813 0.856250 0.456250 0.862500 0.454688 0.870833 0.453125 0.879167 0.453125 0.906250 0.454688 0.925000 0.456250 0.931250 0.459375 0.941667 0.460938 0.945833 0.465625 0.954167 0.473438 0.968750 0.481250 0.979167 0.485938 0.983333 0.490625 0.985417 0.500000 0.997917 0.545312 0.997917 0.548438 0.995833 0.553125 0.991667 0.565625 0.977083 0.579688 0.958333 0.581250 0.954167 0.582812 0.950000 0.587500 0.933333 0.589063 0.927083 0.590625 0.916667 0.592187 0.906250 0.592187 0.881250 0.590625 0.868750 0.589063 0.860417 0.587500 0.854167 0.585938 0.850000 0.584375 0.845833 0.578125 0.835417 0.578125 0.825000 0.573438 0.816667 0.571875 0.800000 0.568750 0.789583 0.567187 0.785417 0.562500 0.777083 0.562500 0.772917 0.560937 0.768750 0.557813 0.764583 0.557813 0.762500 0.556250 0.760417 0.550000 0.754167 0.540625 0.747917 0.535937 0.745833 0.528125 0.743750 0.517188 0.743750
7 0.204687 0.404167 0.198437 0.406250 0.193750 0.408333 0.189062 0.410417 0.185938 0.412500 0.182812 0.414583 0.178125 0.418750 0.170313 0.429167 0.165625 0.433333 0.156250 0.439583 0.150000 0.445833 0.139063 0.460417 0.134375 0.472917 0.132812 0.479167 0.131250 0.491667 0.131250 0.502083 0.132812 0.514583 0.134375 0.522917 0.135937 0.527083 0.137500 0.531250 0.140625 0.537500 0.150000 0.550000 0.156250 0.556250 0.160938 0.558333 0.167187 0.564583 0.175000 0.575000 0.182812 0.581250 0.185938 0.583333 0.189062 0.585417 0.193750 0.587500 0.200000 0.589583 0.206250 0.591667 0.220312 0.591667 0.235937 0.589583 0.242188 0.587500 0.253125 0.583333 0.257812 0.581250 0.267188 0.575000 0.275000 0.572917 0.282813 0.570833 0.292187 0.570833 0.296875 0.568750 0.304688 0.564583 0.307812 0.562500 0.312500 0.558333 0.317188 0.554167 0.332813 0.533333 0.339062 0.516667 0.339062 0.493750 0.337500 0.485417 0.334375 0.472917 0.332813 0.466667 0.329688 0.460417 0.325000 0.450000 0.315625 0.439583 0.310937 0.435417 0.303125 0.429167 0.298438 0.427083 0.290625 0.425000 0.279687 0.425000 0.273438 0.422917 0.270313 0.420833 0.267188 0.418750 0.264062 0.414583 0.260937 0.412500 0.256250 0.410417 0.251563 0.408333 0.245312 0.406250 0.239063 0.404167 0.204687 0.404167
6 0.837500 0.408333 0.832812 0.410417 0.812500 0.422917 0.784375 0.437500 0.779687 0.439583 0.775000 0.439583 0.757812 0.447917 0.734375 0.460417 0.726562 0.468750 0.706250 0.477083 0.695312 0.485417 0.687500 0.489583 0.671875 0.495833 0.664062 0.502083 0.656250 0.506250 0.635938 0.514583 0.615625 0.525000 0.596875 0.535417 0.593750 0.537500 0.589063 0.543750 0.590625 0.552083 0.592187 0.558333 0.595313 0.568750 0.600000 0.579167 0.601562 0.589583 0.606250 0.600000 0.612500 0.627083 0.623437 0.664583 0.629687 0.679167 0.635938 0.704167 0.642188 0.718750 0.643750 0.731250 0.650000 0.752083 0.657813 0.772917 0.659375 0.783333 0.662500 0.793750 0.671875 0.818750 0.675000 0.829167 0.676562 0.839583 0.679688 0.850000 0.682813 0.860417 0.692187 0.887500 0.695312 0.893750 0.698438 0.895833 0.704688 0.895833 0.709375 0.893750 0.714063 0.891667 0.729688 0.881250 0.732812 0.877083 0.732812 0.872917 0.728125 0.860417 0.726562 0.852083 0.726562 0.839583 0.723437 0.833333 0.721875 0.827083 0.721875 0.818750 0.725000 0.812500 0.725000 0.781250 0.726562 0.775000 0.729688 0.772917 0.734375 0.770833 0.739062 0.768750 0.756250 0.768750 0.801562 0.770833 0.820312 0.766667 0.829688 0.766667 0.834375 0.768750 0.837500 0.770833 0.840625 0.772917 0.853125 0.785417 0.860938 0.791667 0.864062 0.793750 0.871875 0.797917 0.876563 0.800000 0.879687 0.800000 0.887500 0.797917 0.906250 0.791667 0.923438 0.783333 0.940625 0.779167 0.945312 0.777083 0.950000 0.775000 0.956250 0.770833 0.959375 0.766667 0.959375 0.760417 0.957812 0.754167 0.951562 0.739583 0.948438 0.729167 0.946875 0.718750 0.937500 0.689583 0.929688 0.672917 0.926562 0.658333 0.915625 0.625000 0.910937 0.614583 0.909375 0.606250 0.907813 0.602083 0.903125 0.600000 0.892188 0.614583 0.885938 0.620833 0.878125 0.627083 0.856250 0.639583 0.848437 0.641667 0.840625 0.643750 0.826562 0.643750 0.818750 0.641667 0.812500 0.639583 0.806250 0.637500 0.795312 0.631250 0.782813 0.629167 0.778125 0.627083 0.773438 0.622917 0.757812 0.618750 0.753125 0.616667 0.748437 0.614583 0.745313 0.612500 0.742188 0.610417 0.737500 0.606250 0.725000 0.589583 0.712500 0.564583 0.710938 0.560417 0.709375 0.554167 0.707812 0.545833 0.707812 0.520833 0.709375 0.514583 0.715625 0.497917 0.720313 0.487500 0.723437 0.481250 0.729688 0.472917 0.737500 0.466667 0.743750 0.462500 0.750000 0.460417 0.756250 0.454167 0.764062 0.452083 0.771875 0.450000 0.784375 0.450000 0.804688 0.445833 0.814063 0.441667 0.842187 0.443750 0.854688 0.443750 0.854688 0.439583 0.853125 0.433333 0.848437 0.418750 0.846875 0.414583 0.845313 0.410417 0.837500 0.408333
6 0.454688 0.331250 0.448437 0.335417 0.434375 0.345833 0.420312 0.352083 0.396875 0.368750 0.375000 0.379167 0.360938 0.387500 0.346875 0.397917 0.332813 0.404167 0.304688 0.422917 0.310937 0.433333 0.314063 0.433333 0.318750 0.439583 0.320312 0.439583 0.323437 0.443750 0.331250 0.456250 0.334375 0.462500 0.337500 0.472917 0.339062 0.479167 0.340625 0.485417 0.342187 0.495833 0.342187 0.514583 0.340625 0.520833 0.335938 0.533333 0.314063 0.562500 0.310937 0.564583 0.307812 0.566667 0.300000 0.570833 0.295312 0.572917 0.290625 0.575000 0.279687 0.575000 0.273438 0.577083 0.267188 0.581250 0.260937 0.581250 0.251563 0.587500 0.240625 0.591667 0.231250 0.593750 0.203125 0.593750 0.196875 0.591667 0.192188 0.589583 0.187500 0.587500 0.184375 0.585417 0.176563 0.579167 0.162500 0.564583 0.159375 0.564583 0.159375 0.570833 0.162500 0.579167 0.175000 0.610417 0.184375 0.641667 0.189062 0.650000 0.190625 0.654167 0.198437 0.677083 0.204687 0.695833 0.210938 0.714583 0.214062 0.729167 0.221875 0.747917 0.221875 0.752083 0.223438 0.756250 0.225000 0.760417 0.231250 0.762500 0.243750 0.754167 0.251563 0.745833 0.254688 0.743750 0.262500 0.739583 0.267188 0.737500 0.275000 0.737500 0.289062 0.756250 0.314063 0.783333 0.328125 0.800000 0.331250 0.806250 0.351562 0.837500 0.351562 0.841667 0.346875 0.852083 0.339062 0.866667 0.332813 0.875000 0.328125 0.877083 0.323437 0.883333 0.318750 0.895833 0.310937 0.906250 0.310937 0.908333 0.307812 0.912500 0.310937 0.912500 0.315625 0.908333 0.334375 0.900000 0.353125 0.889583 0.356250 0.887500 0.359375 0.883333 0.362500 0.881250 0.373437 0.875000 0.390625 0.866667 0.404687 0.856250 0.418750 0.847917 0.432812 0.839583 0.443750 0.835417 0.446875 0.833333 0.453125 0.827083 0.456250 0.827083 0.459375 0.825000 0.462500 0.820833 0.464062 0.816667 0.464062 0.806250 0.465625 0.797917 0.467187 0.791667 0.468750 0.787500 0.470313 0.783333 0.475000 0.772917 0.485938 0.758333 0.492188 0.752083 0.496875 0.747917 0.500000 0.745833 0.503125 0.743750 0.507812 0.741667 0.515625 0.739583 0.529687 0.739583 0.537500 0.741667 0.542188 0.743750 0.545312 0.745833 0.553125 0.752083 0.559375 0.760417 0.564063 0.760417 0.568750 0.758333 0.576562 0.754167 0.584375 0.750000 0.587500 0.747917 0.590625 0.743750 0.593750 0.743750 0.596875 0.741667 0.596875 0.731250 0.593750 0.720833 0.587500 0.702083 0.581250 0.683333 0.573438 0.664583 0.567187 0.645833 0.564063 0.631250 0.560937 0.627083 0.554688 0.608333 0.550000 0.589583 0.546875 0.579167 0.542188 0.570833 0.542188 0.566667 0.540625 0.562500 0.539062 0.558333 0.535937 0.554167 0.535937 0.572917 0.534375 0.581250 0.529687 0.587500 0.523438 0.589583 0.510938 0.593750 0.496875 0.597917 0.470313 0.604167 0.453125 0.608333 0.425000 0.614583 0.417187 0.614583 0.414062 0.610417 0.412500 0.604167 0.410938 0.595833 0.409375 0.587500 0.407813 0.577083 0.407813 0.566667 0.401562 0.539583 0.401562 0.512500 0.404687 0.508333 0.407813 0.506250 0.417187 0.504167 0.428125 0.489583 0.432812 0.487500 0.442188 0.483333 0.448437 0.483333 0.453125 0.479167 0.473438 0.477083 0.484375 0.479167 0.487500 0.479167 0.510938 0.475000 0.509375 0.468750 0.507812 0.462500 0.504687 0.452083 0.493750 0.425000 0.481250 0.383333 0.465625 0.341667 0.465625 0.337500 0.464062 0.333333 0.454688 0.331250
6 0.492188 0.060417 0.500000 0.064583 0.517188 0.075000 0.529687 0.083333 0.539062 0.091667 0.542188 0.093750 0.548438 0.095833 0.551562 0.100000 0.554688 0.102083 0.560937 0.104167 0.567187 0.108333 0.570312 0.112500 0.579688 0.118750 0.596875 0.127083 0.600000 0.129167 0.643750 0.160417 0.665625 0.175000 0.685937 0.185417 0.695312 0.191667 0.703125 0.197917 0.707812 0.202083 0.707812 0.214583 0.703125 0.237500 0.703125 0.264583 0.704688 0.277083 0.706250 0.283333 0.709375 0.289583 0.718750 0.302083 0.726562 0.310417 0.737500 0.320833 0.748437 0.327083 0.751563 0.329167 0.751563 0.337500 0.737500 0.377083 0.720313 0.425000 0.706250 0.460417 0.703125 0.470833 0.696875 0.479167 0.693750 0.481250 0.685937 0.485417 0.678125 0.489583 0.670312 0.491667 0.654687 0.502083 0.618750 0.518750 0.610938 0.522917 0.603125 0.527083 0.590625 0.535417 0.585938 0.541667 0.585938 0.547917 0.587500 0.554167 0.589063 0.560417 0.592187 0.570833 0.598437 0.585417 0.601562 0.600000 0.601562 0.606250 0.598437 0.606250 0.581250 0.595833 0.578125 0.593750 0.571875 0.587500 0.568750 0.585417 0.565625 0.585417 0.562500 0.583333 0.559375 0.581250 0.556250 0.577083 0.548438 0.572917 0.546875 0.568750 0.539062 0.547917 0.534375 0.535417 0.532813 0.529167 0.532813 0.518750 0.531250 0.512500 0.529687 0.506250 0.525000 0.489583 0.523438 0.485417 0.521875 0.481250 0.520312 0.479167 0.514062 0.472917 0.512500 0.468750 0.504687 0.441667 0.493750 0.414583 0.506250 0.395833 0.510938 0.404167 0.518750 0.410417 0.526563 0.414583 0.534375 0.422917 0.556250 0.437500 0.575000 0.452083 0.582812 0.460417 0.593750 0.466667 0.601562 0.475000 0.604688 0.477083 0.607812 0.477083 0.612500 0.477083 0.614062 0.477083 0.615625 0.475000 0.617188 0.468750 0.625000 0.454167 0.631250 0.439583 0.642188 0.410417 0.656250 0.379167 0.662500 0.368750 0.668750 0.354167 0.670312 0.350000 0.671875 0.345833 0.673438 0.339583 0.671875 0.335417 0.670312 0.333333 0.667188 0.331250 0.664062 0.331250 0.631250 0.306250 0.615625 0.291667 0.593750 0.277083 0.589063 0.270833 0.578125 0.264583 0.570312 0.258333 0.567187 0.258333 0.564063 0.262500 0.560937 0.268750 0.557813 0.275000 0.553125 0.289583 0.546875 0.300000 0.546875 0.304167 0.535937 0.325000 0.531250 0.335417 0.529687 0.343750 0.528125 0.347917 0.514062 0.375000 0.507812 0.391667 0.506250 0.395833 0.493750 0.414583 0.485938 0.391667 0.476562 0.364583 0.473438 0.350000 0.468750 0.337500 0.465625 0.329167 0.462500 0.325000 0.456250 0.325000 0.435937 0.339583 0.414062 0.350000 0.410938 0.354167 0.407813 0.354167 0.404687 0.358333 0.396875 0.362500 0.389062 0.366667 0.381250 0.370833 0.373437 0.370833 0.373437 0.364583 0.375000 0.358333 0.376563 0.354167 0.378125 0.350000 0.379688 0.347917 0.382812 0.345833 0.389062 0.343750 0.393750 0.339583 0.400000 0.333333 0.415625 0.312500 0.420312 0.304167 0.425000 0.295833 0.429688 0.283333 0.431250 0.272917 0.429688 0.250000 0.426563 0.237500 0.421875 0.225000 0.420312 0.218750 0.420312 0.210417 0.425000 0.204167 0.425000 0.200000 0.428125 0.195833 0.428125 0.191667 0.440625 0.164583 0.456250 0.122917 0.462500 0.097917 0.470313 0.077083 0.473438 0.068750 0.479687 0.060417 0.492188 0.060417
9 0.817187 0.770833 0.790625 0.775000 0.756250 0.772917 0.740625 0.772917 0.735938 0.777083 0.731250 0.777083 0.728125 0.779167 0.726562 0.816667 0.723437 0.820833 0.723437 0.825000 0.729688 0.839583 0.731250 0.862500 0.732812 0.866667 0.737500 0.875000 0.753125 0.895833 0.757812 0.904167 0.764062 0.918750 0.768750 0.927083 0.771875 0.929167 0.782813 0.929167 0.809375 0.927083 0.831250 0.922917 0.876563 0.922917 0.890625 0.918750 0.890625 0.904167 0.887500 0.877083 0.887500 0.841667 0.885938 0.820833 0.884375 0.816667 0.873437 0.808333 0.871875 0.806250 0.871875 0.804167 0.868750 0.800000 0.865625 0.797917 0.862500 0.797917 0.857812 0.791667 0.840625 0.779167 0.835938 0.772917 0.832812 0.770833 0.817187 0.770833
7 0.314063 0.110417 0.307812 0.112500 0.301563 0.114583 0.296875 0.116667 0.289062 0.120833 0.282813 0.129167 0.275000 0.135417 0.268750 0.145833 0.267188 0.152083 0.262500 0.158333 0.260937 0.162500 0.259375 0.166667 0.257812 0.172917 0.256250 0.179167 0.254688 0.189583 0.254688 0.222917 0.256250 0.231250 0.259375 0.241667 0.260937 0.245833 0.262500 0.250000 0.265625 0.256250 0.270313 0.264583 0.287500 0.287500 0.292187 0.291667 0.296875 0.295833 0.312500 0.306250 0.325000 0.318750 0.332813 0.325000 0.351562 0.337500 0.357812 0.339583 0.364063 0.341667 0.381250 0.341667 0.385937 0.339583 0.395313 0.333333 0.417187 0.304167 0.421875 0.295833 0.426563 0.283333 0.426563 0.250000 0.421875 0.231250 0.420312 0.227083 0.415625 0.216667 0.410938 0.206250 0.406250 0.195833 0.401562 0.189583 0.400000 0.185417 0.398438 0.181250 0.395313 0.166667 0.393750 0.162500 0.390625 0.156250 0.382812 0.143750 0.375000 0.133333 0.368750 0.127083 0.362500 0.120833 0.357812 0.118750 0.343750 0.112500 0.337500 0.110417 0.314063 0.110417
9 0.500000 0.481250 0.482812 0.485417 0.478125 0.485417 0.454688 0.483333 0.446875 0.485417 0.440625 0.487500 0.434375 0.489583 0.429688 0.491667 0.426563 0.493750 0.425000 0.500000 0.420312 0.506250 0.417187 0.508333 0.410938 0.508333 0.406250 0.510417 0.403125 0.514583 0.403125 0.529167 0.404687 0.541667 0.409375 0.560417 0.412500 0.589583 0.414062 0.597917 0.415625 0.606250 0.417187 0.610417 0.428125 0.610417 0.437500 0.606250 0.446875 0.606250 0.471875 0.597917 0.489063 0.595833 0.512500 0.589583 0.518750 0.587500 0.525000 0.585417 0.531250 0.581250 0.532813 0.577083 0.532813 0.552083 0.531250 0.541667 0.526563 0.527083 0.526563 0.514583 0.525000 0.506250 0.521875 0.493750 0.518750 0.485417 0.515625 0.483333 0.509375 0.481250 0.500000 0.481250
9 0.267188 0.741667 0.259375 0.745833 0.256250 0.747917 0.250000 0.754167 0.246875 0.754167 0.239063 0.760417 0.234375 0.766667 0.228125 0.768750 0.214062 0.787500 0.204687 0.804167 0.192188 0.820833 0.184375 0.833333 0.179688 0.841667 0.179688 0.847917 0.185938 0.856250 0.187500 0.860417 0.189062 0.868750 0.195312 0.877083 0.198437 0.879167 0.201563 0.881250 0.204687 0.881250 0.207813 0.883333 0.217188 0.893750 0.229687 0.908333 0.243750 0.925000 0.262500 0.950000 0.267188 0.954167 0.275000 0.954167 0.295312 0.925000 0.309375 0.902083 0.314063 0.897917 0.318750 0.889583 0.323437 0.877083 0.326562 0.872917 0.331250 0.870833 0.339062 0.860417 0.348438 0.841667 0.350000 0.837500 0.350000 0.833333 0.334375 0.812500 0.318750 0.793750 0.301563 0.772917 0.289062 0.758333 0.275000 0.741667 0.267188 0.741667
