7 0.390625 0.754167 0.385937 0.756250 0.381250 0.758333 0.373437 0.762500 0.367188 0.766667 0.357812 0.772917 0.350000 0.779167 0.332813 0.795833 0.329688 0.797917 0.325000 0.797917 0.320312 0.793750 0.298438 0.793750 0.295312 0.797917 0.293750 0.804167 0.292187 0.812500 0.290625 0.820833 0.292187 0.852083 0.298438 0.858333 0.307812 0.860417 0.310937 0.860417 0.317188 0.858333 0.318750 0.856250 0.321875 0.856250 0.325000 0.858333 0.331250 0.868750 0.332813 0.870833 0.339062 0.875000 0.340625 0.877083 0.351562 0.893750 0.356250 0.897917 0.360938 0.902083 0.376563 0.914583 0.381250 0.916667 0.387500 0.918750 0.395313 0.920833 0.426563 0.920833 0.431250 0.918750 0.434375 0.916667 0.445312 0.906250 0.448437 0.904167 0.453125 0.902083 0.459375 0.900000 0.464062 0.900000 0.468750 0.902083 0.478125 0.908333 0.487500 0.920833 0.492188 0.925000 0.495312 0.927083 0.500000 0.929167 0.520312 0.929167 0.534375 0.933333 0.556250 0.933333 0.575000 0.937500 0.595313 0.939583 0.617188 0.939583 0.629687 0.943750 0.650000 0.943750 0.656250 0.941667 0.662500 0.939583 0.665625 0.937500 0.668750 0.935417 0.676562 0.925000 0.678125 0.920833 0.679688 0.916667 0.678125 0.902083 0.678125 0.895833 0.679688 0.887500 0.682813 0.879167 0.682813 0.856250 0.679688 0.847917 0.681250 0.822917 0.681250 0.818750 0.679688 0.812500 0.678125 0.808333 0.675000 0.802083 0.668750 0.793750 0.664062 0.789583 0.651563 0.781250 0.645312 0.779167 0.637500 0.777083 0.592187 0.777083 0.576562 0.770833 0.543750 0.768750 0.525000 0.770833 0.515625 0.766667 0.501563 0.766667 0.496875 0.768750 0.493750 0.770833 0.482812 0.781250 0.479687 0.783333 0.476562 0.785417 0.471875 0.785417 0.470313 0.787500 0.467187 0.787500 0.464062 0.785417 0.460938 0.783333 0.456250 0.777083 0.454688 0.777083 0.451562 0.772917 0.451562 0.770833 0.446875 0.764583 0.434375 0.756250 0.426563 0.754167 0.390625 0.754167
9 0.251563 0.302083 0.246875 0.304167 0.235937 0.310417 0.231250 0.312500 0.210938 0.325000 0.198437 0.329167 0.190625 0.335417 0.156250 0.350000 0.150000 0.354167 0.148438 0.362500 0.150000 0.372917 0.151562 0.375000 0.157812 0.397917 0.159375 0.404167 0.160938 0.410417 0.167187 0.443750 0.171875 0.462500 0.179688 0.493750 0.182812 0.504167 0.185938 0.514583 0.189062 0.518750 0.190625 0.525000 0.192188 0.535417 0.195312 0.543750 0.198437 0.545833 0.203125 0.545833 0.209375 0.543750 0.225000 0.537500 0.231250 0.535417 0.234375 0.533333 0.237500 0.529167 0.245312 0.525000 0.256250 0.520833 0.293750 0.504167 0.307812 0.502083 0.312500 0.500000 0.318750 0.495833 0.318750 0.489583 0.314063 0.470833 0.309375 0.460417 0.306250 0.445833 0.301563 0.420833 0.298438 0.414583 0.298438 0.408333 0.292187 0.385417 0.287500 0.375000 0.284375 0.360417 0.279687 0.333333 0.278125 0.329167 0.276562 0.325000 0.268750 0.314583 0.267188 0.308333 0.264062 0.304167 0.254688 0.302083 0.251563 0.302083
6 0.546875 0.752083 0.540625 0.754167 0.537500 0.756250 0.537500 0.762500 0.557813 0.762500 0.564063 0.754167 0.554688 0.752083 0.546875 0.752083
6 0.340625 0.631250 0.334375 0.637500 0.332813 0.639583 0.332813 0.641667 0.329688 0.645833 0.329688 0.650000 0.325000 0.660417 0.320312 0.666667 0.318750 0.672917 0.312500 0.681250 0.309375 0.687500 0.307812 0.693750 0.304688 0.700000 0.296875 0.714583 0.292187 0.722917 0.287500 0.731250 0.281250 0.739583 0.276562 0.747917 0.260937 0.779167 0.256250 0.787500 0.245312 0.802083 0.242188 0.808333 0.242188 0.816667 0.242188 0.820833 0.248438 0.843750 0.253125 0.854167 0.256250 0.866667 0.260937 0.889583 0.264062 0.900000 0.270313 0.914583 0.271875 0.925000 0.273438 0.929167 0.284375 0.929167 0.296875 0.922917 0.304688 0.918750 0.332813 0.902083 0.339062 0.897917 0.342187 0.895833 0.343750 0.889583 0.342187 0.885417 0.332813 0.872917 0.325000 0.864583 0.321875 0.862500 0.317188 0.862500 0.303125 0.864583 0.293750 0.862500 0.289062 0.856250 0.287500 0.852083 0.287500 0.818750 0.289062 0.810417 0.290625 0.802083 0.293750 0.793750 0.296875 0.789583 0.301563 0.787500 0.309375 0.787500 0.323437 0.791667 0.329688 0.791667 0.332813 0.789583 0.335938 0.787500 0.340625 0.781250 0.343750 0.781250 0.348438 0.777083 0.353125 0.770833 0.359375 0.766667 0.371875 0.758333 0.379688 0.754167 0.384375 0.752083 0.390625 0.750000 0.407813 0.747917 0.418750 0.747917 0.431250 0.750000 0.437500 0.752083 0.440625 0.754167 0.443750 0.756250 0.448437 0.760417 0.462500 0.779167 0.467187 0.781250 0.473438 0.781250 0.478125 0.779167 0.481250 0.777083 0.485938 0.770833 0.493750 0.766667 0.496875 0.762500 0.490625 0.756250 0.487500 0.754167 0.482812 0.752083 0.475000 0.752083 0.467187 0.747917 0.456250 0.745833 0.442188 0.745833 0.429688 0.741667 0.417187 0.741667 0.407813 0.737500 0.395313 0.737500 0.387500 0.735417 0.382812 0.733333 0.364063 0.720833 0.356250 0.718750 0.346875 0.712500 0.342187 0.708333 0.339062 0.704167 0.335938 0.697917 0.335938 0.683333 0.337500 0.675000 0.339062 0.666667 0.343750 0.656250 0.343750 0.639583 0.340625 0.631250
6 0.529687 0.556250 0.526563 0.558333 0.523438 0.560417 0.520312 0.564583 0.517188 0.566667 0.509375 0.568750 0.498437 0.575000 0.493750 0.579167 0.495312 0.583333 0.498437 0.585417 0.504687 0.587500 0.512500 0.589583 0.523438 0.589583 0.531250 0.591667 0.542188 0.595833 0.550000 0.602083 0.550000 0.595833 0.545312 0.577083 0.539062 0.560417 0.535937 0.556250 0.529687 0.556250
6 0.403125 0.364583 0.400000 0.366667 0.395313 0.370833 0.387500 0.372917 0.373437 0.381250 0.356250 0.393750 0.334375 0.404167 0.323437 0.410417 0.310937 0.418750 0.307812 0.420833 0.306250 0.433333 0.312500 0.458333 0.315625 0.464583 0.321875 0.489583 0.321875 0.495833 0.317188 0.502083 0.312500 0.504167 0.303125 0.508333 0.281250 0.518750 0.265625 0.522917 0.251563 0.529167 0.243750 0.535417 0.229687 0.541667 0.204687 0.550000 0.196875 0.550000 0.192188 0.543750 0.189062 0.533333 0.187500 0.522917 0.181250 0.508333 0.181250 0.504167 0.179688 0.500000 0.175000 0.497917 0.170313 0.502083 0.162500 0.504167 0.151562 0.512500 0.148438 0.512500 0.145313 0.514583 0.145313 0.520833 0.145313 0.525000 0.150000 0.537500 0.151562 0.550000 0.153125 0.556250 0.160938 0.579167 0.173437 0.610417 0.190625 0.664583 0.192188 0.668750 0.196875 0.677083 0.196875 0.681250 0.198437 0.685417 0.201563 0.689583 0.206250 0.687500 0.212500 0.679167 0.217188 0.668750 0.226562 0.656250 0.234375 0.641667 0.243750 0.622917 0.253125 0.604167 0.259375 0.589583 0.264062 0.581250 0.270313 0.572917 0.273438 0.570833 0.276562 0.568750 0.282813 0.566667 0.295312 0.566667 0.307812 0.575000 0.323437 0.591667 0.328125 0.593750 0.340625 0.608333 0.346875 0.606250 0.346875 0.604167 0.350000 0.600000 0.351562 0.591667 0.351562 0.583333 0.353125 0.579167 0.362500 0.566667 0.365625 0.564583 0.370312 0.562500 0.396875 0.562500 0.423438 0.570833 0.435937 0.572917 0.446875 0.575000 0.460938 0.575000 0.460938 0.570833 0.457813 0.560417 0.453125 0.543750 0.446875 0.529167 0.443750 0.518750 0.434375 0.481250 0.432812 0.472917 0.432812 0.460417 0.431250 0.452083 0.429688 0.445833 0.428125 0.439583 0.421875 0.425000 0.417187 0.408333 0.417187 0.402083 0.409375 0.377083 0.407813 0.372917 0.403125 0.364583
7 0.764062 0.381250 0.757812 0.383333 0.751563 0.385417 0.723437 0.397917 0.715625 0.402083 0.712500 0.404167 0.706250 0.412500 0.706250 0.418750 0.707812 0.425000 0.709375 0.431250 0.710938 0.435417 0.715625 0.443750 0.720313 0.445833 0.723437 0.450000 0.723437 0.458333 0.721875 0.464583 0.718750 0.468750 0.717187 0.472917 0.715625 0.479167 0.714063 0.489583 0.714063 0.525000 0.715625 0.541667 0.717187 0.552083 0.718750 0.562500 0.721875 0.577083 0.723437 0.583333 0.725000 0.589583 0.731250 0.610417 0.734375 0.620833 0.737500 0.625000 0.739062 0.629167 0.740625 0.635417 0.742188 0.647917 0.743750 0.654167 0.746875 0.664583 0.748437 0.668750 0.750000 0.672917 0.756250 0.685417 0.760938 0.697917 0.764062 0.708333 0.764062 0.714583 0.768750 0.722917 0.770312 0.729167 0.775000 0.750000 0.779687 0.775000 0.779687 0.785417 0.781250 0.793750 0.784375 0.800000 0.784375 0.806250 0.790625 0.820833 0.790625 0.845833 0.793750 0.860417 0.795312 0.866667 0.796875 0.872917 0.801562 0.889583 0.810937 0.914583 0.815625 0.922917 0.823438 0.933333 0.826562 0.935417 0.829688 0.937500 0.840625 0.937500 0.848437 0.931250 0.853125 0.931250 0.859375 0.937500 0.868750 0.937500 0.879687 0.933333 0.882812 0.931250 0.885938 0.929167 0.893750 0.918750 0.896875 0.916667 0.903125 0.916667 0.915625 0.908333 0.920312 0.902083 0.921875 0.887500 0.920312 0.870833 0.918750 0.858333 0.917188 0.847917 0.915625 0.839583 0.912500 0.825000 0.910937 0.818750 0.906250 0.804167 0.901563 0.791667 0.895312 0.785417 0.892188 0.777083 0.890625 0.764583 0.885938 0.750000 0.875000 0.722917 0.870313 0.706250 0.870313 0.700000 0.867188 0.693750 0.865625 0.685417 0.860938 0.662500 0.859375 0.654167 0.859375 0.641667 0.857812 0.631250 0.856250 0.622917 0.854688 0.614583 0.853125 0.608333 0.850000 0.602083 0.848437 0.595833 0.846875 0.589583 0.845313 0.581250 0.845313 0.570833 0.843750 0.560417 0.842187 0.552083 0.837500 0.539583 0.837500 0.533333 0.835938 0.527083 0.828125 0.508333 0.826562 0.497917 0.821875 0.487500 0.817187 0.479167 0.806250 0.466667 0.804688 0.464583 0.803125 0.462500 0.801562 0.460417 0.795312 0.450000 0.787500 0.441667 0.781250 0.437500 0.778125 0.433333 0.778125 0.429167 0.778125 0.422917 0.779687 0.416667 0.779687 0.412500 0.778125 0.410417 0.776563 0.395833 0.771875 0.383333 0.768750 0.381250 0.764062 0.381250
7 0.707812 0.100000 0.703125 0.102083 0.698438 0.104167 0.690625 0.108333 0.685937 0.112500 0.678125 0.122917 0.675000 0.129167 0.668750 0.145833 0.660937 0.158333 0.656250 0.168750 0.654687 0.172917 0.650000 0.193750 0.643750 0.210417 0.642188 0.214583 0.640625 0.216667 0.639062 0.216667 0.637500 0.218750 0.637500 0.220833 0.634375 0.225000 0.632812 0.229167 0.629687 0.241667 0.623437 0.254167 0.618750 0.275000 0.615625 0.285417 0.614062 0.289583 0.609375 0.297917 0.607812 0.302083 0.603125 0.316667 0.598437 0.335417 0.600000 0.360417 0.600000 0.381250 0.595313 0.387500 0.587500 0.393750 0.579688 0.397917 0.576562 0.402083 0.573438 0.408333 0.571875 0.412500 0.570312 0.416667 0.568750 0.422917 0.567187 0.429167 0.565625 0.437500 0.564063 0.447917 0.562500 0.458333 0.562500 0.483333 0.564063 0.491667 0.567187 0.500000 0.568750 0.508333 0.570312 0.522917 0.570312 0.527083 0.568750 0.533333 0.567187 0.537500 0.564063 0.541667 0.562500 0.541667 0.559375 0.545833 0.559375 0.550000 0.556250 0.554167 0.554688 0.562500 0.554688 0.568750 0.559375 0.575000 0.573438 0.585417 0.576562 0.587500 0.579688 0.589583 0.587500 0.593750 0.592187 0.595833 0.601562 0.593750 0.603125 0.589583 0.606250 0.581250 0.607812 0.572917 0.607812 0.562500 0.609375 0.558333 0.610938 0.554167 0.612500 0.552083 0.614062 0.552083 0.617188 0.547917 0.620313 0.545833 0.625000 0.543750 0.629687 0.543750 0.635938 0.539583 0.648438 0.531250 0.656250 0.522917 0.664062 0.512500 0.673438 0.495833 0.679688 0.485417 0.681250 0.481250 0.682813 0.477083 0.684375 0.468750 0.684375 0.454167 0.681250 0.441667 0.681250 0.431250 0.687500 0.422917 0.692187 0.418750 0.696875 0.416667 0.700000 0.412500 0.700000 0.410417 0.703125 0.406250 0.704688 0.406250 0.707812 0.402083 0.709375 0.397917 0.712500 0.385417 0.718750 0.372917 0.720313 0.368750 0.720313 0.364583 0.721875 0.360417 0.723437 0.356250 0.729688 0.343750 0.735938 0.327083 0.742188 0.308333 0.745313 0.297917 0.746875 0.291667 0.746875 0.281250 0.748437 0.272917 0.751563 0.270833 0.753125 0.266667 0.753125 0.262500 0.757812 0.254167 0.764062 0.245833 0.767188 0.237500 0.771875 0.225000 0.781250 0.193750 0.782813 0.187500 0.784375 0.181250 0.785937 0.170833 0.785937 0.162500 0.784375 0.158333 0.779687 0.150000 0.776563 0.137500 0.770312 0.129167 0.765625 0.125000 0.754687 0.125000 0.746875 0.129167 0.742188 0.129167 0.737500 0.127083 0.734375 0.125000 0.728125 0.116667 0.726562 0.108333 0.721875 0.102083 0.715625 0.100000 0.707812 0.100000
7 0.410938 0.118750 0.404687 0.120833 0.400000 0.122917 0.392188 0.127083 0.385937 0.131250 0.376563 0.137500 0.367188 0.150000 0.367188 0.164583 0.368750 0.172917 0.371875 0.183333 0.376563 0.193750 0.382812 0.202083 0.382812 0.206250 0.376563 0.216667 0.373437 0.227083 0.371875 0.237500 0.371875 0.254167 0.373437 0.266667 0.375000 0.272917 0.376563 0.277083 0.378125 0.281250 0.382812 0.291667 0.389062 0.300000 0.390625 0.304167 0.395313 0.320833 0.395313 0.327083 0.398438 0.335417 0.403125 0.343750 0.404687 0.354167 0.410938 0.368750 0.414062 0.379167 0.415625 0.389583 0.420312 0.400000 0.421875 0.406250 0.421875 0.412500 0.423438 0.418750 0.428125 0.429167 0.429688 0.435417 0.429688 0.443750 0.432812 0.450000 0.434375 0.456250 0.435937 0.477083 0.437500 0.485417 0.439063 0.491667 0.440625 0.497917 0.445312 0.508333 0.445312 0.514583 0.450000 0.533333 0.453125 0.537500 0.453125 0.541667 0.454688 0.545833 0.457813 0.550000 0.459375 0.554167 0.462500 0.568750 0.464062 0.572917 0.468750 0.579167 0.471875 0.581250 0.485938 0.581250 0.493750 0.577083 0.496875 0.575000 0.500000 0.570833 0.503125 0.568750 0.507812 0.566667 0.512500 0.566667 0.520312 0.560417 0.525000 0.558333 0.539062 0.556250 0.543750 0.554167 0.548438 0.552083 0.551562 0.550000 0.554688 0.547917 0.562500 0.539583 0.568750 0.531250 0.568750 0.520833 0.567187 0.510417 0.565625 0.504167 0.564063 0.497917 0.560937 0.493750 0.560937 0.481250 0.556250 0.466667 0.554688 0.462500 0.550000 0.456250 0.542188 0.431250 0.535937 0.416667 0.529687 0.408333 0.528125 0.404167 0.526563 0.397917 0.526563 0.391667 0.520312 0.368750 0.512500 0.352083 0.509375 0.341667 0.506250 0.331250 0.506250 0.325000 0.498437 0.304167 0.496875 0.297917 0.495312 0.289583 0.493750 0.281250 0.493750 0.272917 0.489063 0.256250 0.489063 0.239583 0.485938 0.231250 0.485938 0.222917 0.484375 0.218750 0.481250 0.212500 0.476562 0.204167 0.470313 0.193750 0.468750 0.191667 0.460938 0.183333 0.450000 0.177083 0.442188 0.166667 0.442188 0.152083 0.440625 0.145833 0.439063 0.139583 0.437500 0.135417 0.434375 0.129167 0.431250 0.122917 0.428125 0.120833 0.425000 0.118750 0.410938 0.118750
7 0.373437 0.566667 0.367188 0.568750 0.364063 0.570833 0.359375 0.575000 0.356250 0.579167 0.354687 0.585417 0.353125 0.591667 0.353125 0.602083 0.351562 0.606250 0.346875 0.612500 0.345313 0.618750 0.345313 0.635417 0.346875 0.637500 0.346875 0.654167 0.345313 0.660417 0.340625 0.672917 0.339062 0.679167 0.339062 0.697917 0.346875 0.708333 0.350000 0.710417 0.353125 0.712500 0.371875 0.722917 0.379688 0.727083 0.384375 0.729167 0.389062 0.731250 0.401562 0.733333 0.412500 0.733333 0.432812 0.737500 0.442188 0.741667 0.470313 0.743750 0.482812 0.747917 0.489063 0.750000 0.493750 0.754167 0.498437 0.756250 0.509375 0.758333 0.528125 0.758333 0.532813 0.752083 0.537500 0.750000 0.545312 0.747917 0.557813 0.747917 0.564063 0.750000 0.567187 0.752083 0.575000 0.762500 0.584375 0.768750 0.589063 0.770833 0.595313 0.772917 0.632812 0.772917 0.640625 0.770833 0.645312 0.768750 0.653125 0.764583 0.659375 0.760417 0.668750 0.754167 0.676562 0.745833 0.684375 0.739583 0.687500 0.737500 0.692187 0.737500 0.695312 0.739583 0.698438 0.741667 0.704688 0.750000 0.721875 0.750000 0.725000 0.745833 0.728125 0.735417 0.729688 0.725000 0.729688 0.689583 0.728125 0.685417 0.725000 0.681250 0.720313 0.679167 0.701562 0.681250 0.695312 0.681250 0.692187 0.679167 0.690625 0.677083 0.673438 0.652083 0.667188 0.645833 0.656250 0.635417 0.645312 0.627083 0.635938 0.620833 0.631250 0.618750 0.626563 0.616667 0.620313 0.614583 0.614062 0.612500 0.595313 0.612500 0.575000 0.622917 0.571875 0.622917 0.564063 0.620833 0.559375 0.618750 0.556250 0.616667 0.543750 0.602083 0.540625 0.600000 0.535937 0.597917 0.531250 0.595833 0.523438 0.593750 0.509375 0.593750 0.500000 0.589583 0.484375 0.589583 0.471875 0.587500 0.465625 0.583333 0.457813 0.581250 0.446875 0.579167 0.432812 0.579167 0.418750 0.572917 0.409375 0.570833 0.400000 0.568750 0.389062 0.566667 0.373437 0.566667
6 0.700000 0.418750 0.696875 0.420833 0.690625 0.425000 0.687500 0.429167 0.685937 0.429167 0.684375 0.445833 0.687500 0.460417 0.685937 0.472917 0.684375 0.479167 0.687500 0.483333 0.692187 0.481250 0.696875 0.481250 0.700000 0.479167 0.707812 0.472917 0.710938 0.468750 0.710938 0.447917 0.709375 0.441667 0.707812 0.435417 0.704688 0.431250 0.704688 0.427083 0.703125 0.422917 0.700000 0.418750
6 0.387500 0.318750 0.387500 0.320833 0.384375 0.325000 0.379688 0.343750 0.371875 0.362500 0.368750 0.372917 0.368750 0.377083 0.373437 0.377083 0.378125 0.375000 0.382812 0.372917 0.393750 0.366667 0.396875 0.364583 0.400000 0.362500 0.401562 0.360417 0.403125 0.356250 0.401562 0.350000 0.396875 0.329167 0.392188 0.316667 0.387500 0.318750
6 0.770312 0.237500 0.765625 0.243750 0.764062 0.250000 0.759375 0.256250 0.754687 0.266667 0.753125 0.270833 0.751563 0.275000 0.750000 0.281250 0.748437 0.297917 0.745313 0.302083 0.739062 0.320833 0.737500 0.331250 0.735938 0.335417 0.717187 0.379167 0.715625 0.383333 0.714063 0.389583 0.714063 0.393750 0.721875 0.393750 0.726562 0.391667 0.731250 0.389583 0.734375 0.387500 0.735938 0.385417 0.737500 0.381250 0.739062 0.370833 0.743750 0.358333 0.748437 0.350000 0.750000 0.345833 0.751563 0.341667 0.765625 0.302083 0.770312 0.281250 0.779687 0.258333 0.781250 0.252083 0.781250 0.245833 0.776563 0.239583 0.773438 0.237500 0.770312 0.237500
6 0.612500 0.141667 0.610938 0.145833 0.610938 0.154167 0.612500 0.193750 0.615625 0.231250 0.614062 0.254167 0.610938 0.256250 0.596875 0.258333 0.564063 0.262500 0.515625 0.266667 0.501563 0.268750 0.498437 0.270833 0.496875 0.277083 0.498437 0.287500 0.503125 0.306250 0.510938 0.331250 0.518750 0.352083 0.521875 0.362500 0.525000 0.372917 0.529687 0.389583 0.529687 0.395833 0.531250 0.402083 0.532813 0.406250 0.543750 0.427083 0.553125 0.454167 0.556250 0.460417 0.559375 0.460417 0.559375 0.452083 0.564063 0.429167 0.565625 0.422917 0.567187 0.416667 0.571875 0.404167 0.581250 0.391667 0.589063 0.387500 0.592187 0.383333 0.593750 0.383333 0.595313 0.381250 0.596875 0.377083 0.596875 0.366667 0.595313 0.335417 0.600000 0.316667 0.604688 0.304167 0.614062 0.281250 0.618750 0.266667 0.618750 0.260417 0.620313 0.254167 0.621875 0.250000 0.634375 0.218750 0.639062 0.214583 0.640625 0.208333 0.646875 0.193750 0.650000 0.183333 0.653125 0.170833 0.653125 0.166667 0.650000 0.162500 0.643750 0.158333 0.640625 0.156250 0.631250 0.152083 0.625000 0.145833 0.617188 0.141667 0.612500 0.141667
6 0.481250 0.056250 0.476562 0.058333 0.473438 0.062500 0.470313 0.068750 0.465625 0.081250 0.462500 0.095833 0.451562 0.122917 0.448437 0.133333 0.445312 0.145833 0.445312 0.150000 0.446875 0.168750 0.450000 0.172917 0.460938 0.179167 0.465625 0.183333 0.475000 0.195833 0.479687 0.206250 0.481250 0.208333 0.482812 0.208333 0.485938 0.212500 0.485938 0.216667 0.487500 0.204167 0.485938 0.172917 0.482812 0.152083 0.481250 0.127083 0.481250 0.102083 0.484375 0.097917 0.493750 0.095833 0.507812 0.093750 0.521875 0.093750 0.531250 0.089583 0.531250 0.085417 0.526563 0.081250 0.520312 0.077083 0.495312 0.060417 0.487500 0.056250 0.481250 0.056250
9 0.887500 0.256250 0.884375 0.260417 0.876563 0.262500 0.867188 0.262500 0.857812 0.266667 0.848437 0.266667 0.839063 0.268750 0.834375 0.272917 0.823438 0.283333 0.812500 0.289583 0.809375 0.293750 0.807813 0.297917 0.807813 0.316667 0.812500 0.337500 0.812500 0.352083 0.815625 0.366667 0.817187 0.391667 0.817187 0.431250 0.820312 0.447917 0.818750 0.475000 0.818750 0.479167 0.821875 0.485417 0.826562 0.491667 0.851562 0.491667 0.876563 0.489583 0.881250 0.485417 0.895312 0.483333 0.909375 0.481250 0.925000 0.481250 0.932813 0.477083 0.932813 0.466667 0.931250 0.450000 0.928125 0.418750 0.921875 0.352083 0.917188 0.320833 0.917188 0.281250 0.915625 0.275000 0.912500 0.270833 0.912500 0.262500 0.910937 0.258333 0.896875 0.256250 0.887500 0.256250
9 0.284375 0.570833 0.279687 0.572917 0.275000 0.575000 0.271875 0.577083 0.262500 0.589583 0.260937 0.595833 0.248438 0.616667 0.237500 0.641667 0.231250 0.652083 0.225000 0.660417 0.215625 0.679167 0.201563 0.697917 0.195312 0.708333 0.190625 0.716667 0.185938 0.725000 0.184375 0.729167 0.181250 0.743750 0.176563 0.752083 0.176563 0.758333 0.179688 0.762500 0.184375 0.766667 0.193750 0.772917 0.203125 0.787500 0.207813 0.789583 0.212500 0.793750 0.217188 0.793750 0.220312 0.795833 0.228125 0.804167 0.232813 0.808333 0.235937 0.810417 0.239063 0.808333 0.242188 0.804167 0.242188 0.802083 0.246875 0.793750 0.254688 0.783333 0.260937 0.772917 0.271875 0.750000 0.282813 0.733333 0.289062 0.718750 0.298438 0.704167 0.312500 0.677083 0.315625 0.670833 0.323437 0.654167 0.328125 0.643750 0.329688 0.639583 0.329688 0.633333 0.340625 0.618750 0.340625 0.614583 0.339062 0.610417 0.337500 0.608333 0.329688 0.600000 0.307812 0.579167 0.295312 0.570833 0.284375 0.570833
6 0.845313 0.491667 0.832812 0.493750 0.828125 0.495833 0.829688 0.502083 0.837500 0.522917 0.840625 0.535417 0.845313 0.554167 0.846875 0.562500 0.848437 0.570833 0.848437 0.581250 0.850000 0.589583 0.854688 0.600000 0.857812 0.610417 0.859375 0.620833 0.860938 0.643750 0.862500 0.656250 0.865625 0.675000 0.867188 0.683333 0.871875 0.702083 0.875000 0.712500 0.878125 0.722917 0.884375 0.741667 0.893750 0.764583 0.895312 0.775000 0.896875 0.779167 0.898438 0.783333 0.903125 0.789583 0.906250 0.791667 0.909375 0.791667 0.914062 0.789583 0.920312 0.785417 0.932813 0.783333 0.943750 0.779167 0.948438 0.777083 0.957812 0.770833 0.957812 0.762500 0.957812 0.758333 0.953125 0.743750 0.946875 0.720833 0.942187 0.706250 0.932813 0.683333 0.928125 0.668750 0.917188 0.629167 0.909375 0.604167 0.903125 0.589583 0.900000 0.575000 0.892188 0.556250 0.878125 0.508333 0.875000 0.500000 0.873437 0.495833 0.867188 0.491667 0.845313 0.491667
6 0.706250 0.477083 0.698438 0.483333 0.685937 0.487500 0.682813 0.489583 0.678125 0.493750 0.675000 0.497917 0.671875 0.506250 0.665625 0.514583 0.665625 0.516667 0.660937 0.522917 0.650000 0.535417 0.645312 0.539583 0.634375 0.545833 0.623437 0.550000 0.620313 0.552083 0.617188 0.554167 0.612500 0.560417 0.610938 0.566667 0.606250 0.593750 0.606250 0.600000 0.607812 0.602083 0.607812 0.606250 0.610938 0.608333 0.615625 0.610417 0.621875 0.610417 0.635938 0.616667 0.642188 0.620833 0.651563 0.627083 0.656250 0.631250 0.665625 0.641667 0.670312 0.643750 0.685937 0.662500 0.689063 0.666667 0.689063 0.668750 0.693750 0.675000 0.696875 0.677083 0.707812 0.672917 0.714063 0.672917 0.721875 0.675000 0.726562 0.677083 0.732812 0.685417 0.732812 0.727083 0.731250 0.735417 0.729688 0.741667 0.728125 0.745833 0.721875 0.754167 0.706250 0.754167 0.701562 0.752083 0.693750 0.743750 0.685937 0.743750 0.682813 0.745833 0.679688 0.747917 0.671875 0.756250 0.654687 0.766667 0.654687 0.770833 0.656250 0.777083 0.659375 0.781250 0.664062 0.785417 0.668750 0.787500 0.678125 0.800000 0.681250 0.806250 0.682813 0.810417 0.684375 0.814583 0.682813 0.835417 0.682813 0.845833 0.685937 0.852083 0.687500 0.875000 0.690625 0.885417 0.692187 0.889583 0.696875 0.895833 0.704688 0.895833 0.709375 0.893750 0.714063 0.891667 0.732812 0.881250 0.771875 0.860417 0.787500 0.850000 0.787500 0.837500 0.785937 0.818750 0.784375 0.812500 0.781250 0.808333 0.781250 0.800000 0.778125 0.791667 0.776563 0.783333 0.776563 0.775000 0.773438 0.766667 0.773438 0.758333 0.771875 0.750000 0.768750 0.735417 0.765625 0.729167 0.765625 0.722917 0.760938 0.708333 0.757812 0.697917 0.751563 0.681250 0.745313 0.668750 0.743750 0.664583 0.742188 0.660417 0.739062 0.650000 0.737500 0.635417 0.735938 0.629167 0.734375 0.625000 0.731250 0.620833 0.729688 0.616667 0.726562 0.606250 0.717187 0.568750 0.715625 0.560417 0.714063 0.550000 0.712500 0.537500 0.710938 0.522917 0.712500 0.487500 0.712500 0.477083 0.706250 0.477083
6 0.812500 0.422917 0.807813 0.425000 0.798438 0.429167 0.793750 0.433333 0.789062 0.435417 0.789062 0.439583 0.792188 0.443750 0.796875 0.445833 0.803125 0.454167 0.809375 0.464583 0.815625 0.470833 0.818750 0.470833 0.818750 0.458333 0.817187 0.433333 0.815625 0.431250 0.815625 0.422917 0.812500 0.422917
