7 0.468750 0.383333 0.462500 0.385417 0.457813 0.387500 0.453125 0.389583 0.450000 0.391667 0.446875 0.393750 0.432812 0.406250 0.425000 0.416667 0.421875 0.422917 0.418750 0.429167 0.414062 0.441667 0.412500 0.447917 0.410938 0.456250 0.409375 0.466667 0.409375 0.485417 0.410938 0.497917 0.412500 0.504167 0.418750 0.520833 0.423438 0.531250 0.432812 0.543750 0.437500 0.545833 0.450000 0.560417 0.453125 0.562500 0.456250 0.564583 0.462500 0.566667 0.468750 0.568750 0.476562 0.570833 0.485938 0.570833 0.496875 0.568750 0.504687 0.566667 0.509375 0.564583 0.512500 0.562500 0.515625 0.560417 0.520312 0.556250 0.525000 0.552083 0.542188 0.529167 0.545312 0.520833 0.550000 0.508333 0.551562 0.500000 0.553125 0.487500 0.553125 0.466667 0.551562 0.454167 0.550000 0.447917 0.548438 0.441667 0.542188 0.425000 0.537500 0.418750 0.535937 0.412500 0.526563 0.400000 0.523438 0.397917 0.520312 0.395833 0.503125 0.387500 0.496875 0.385417 0.487500 0.383333 0.468750 0.383333
7 0.164062 0.172917 0.157812 0.177083 0.142187 0.177083 0.134375 0.179167 0.121875 0.187500 0.109375 0.204167 0.107813 0.208333 0.106250 0.212500 0.104688 0.218750 0.103125 0.225000 0.101562 0.237500 0.101562 0.241667 0.103125 0.256250 0.106250 0.266667 0.107813 0.270833 0.117188 0.289583 0.118750 0.297917 0.121875 0.306250 0.126562 0.314583 0.139063 0.331250 0.143750 0.335417 0.153125 0.341667 0.165625 0.345833 0.173437 0.352083 0.178125 0.354167 0.184375 0.356250 0.198437 0.356250 0.209375 0.364583 0.217188 0.366667 0.223438 0.372917 0.226562 0.375000 0.231250 0.377083 0.239063 0.379167 0.259375 0.379167 0.267188 0.377083 0.271875 0.375000 0.275000 0.372917 0.278125 0.370833 0.285938 0.362500 0.287500 0.360417 0.293750 0.350000 0.296875 0.343750 0.301563 0.331250 0.303125 0.322917 0.304688 0.304167 0.303125 0.291667 0.300000 0.281250 0.293750 0.264583 0.285938 0.254167 0.273438 0.239583 0.260937 0.231250 0.253125 0.229167 0.245312 0.218750 0.226562 0.191667 0.221875 0.187500 0.209375 0.179167 0.201563 0.175000 0.196875 0.172917 0.164062 0.172917
6 0.785937 0.266667 0.778125 0.277083 0.775000 0.283333 0.771875 0.289583 0.770312 0.293750 0.768750 0.297917 0.767188 0.306250 0.764062 0.322917 0.764062 0.333333 0.760938 0.339583 0.760938 0.352083 0.757812 0.366667 0.756250 0.370833 0.751563 0.377083 0.742188 0.383333 0.739062 0.383333 0.729688 0.389583 0.725000 0.393750 0.723437 0.397917 0.715625 0.412500 0.704688 0.435417 0.695312 0.456250 0.682813 0.487500 0.675000 0.500000 0.671875 0.508333 0.670312 0.516667 0.667188 0.518750 0.665625 0.522917 0.662500 0.529167 0.659375 0.539583 0.653125 0.550000 0.648438 0.562500 0.648438 0.570833 0.651563 0.575000 0.656250 0.579167 0.662500 0.585417 0.665625 0.585417 0.673438 0.593750 0.681250 0.597917 0.689063 0.604167 0.698438 0.614583 0.706250 0.620833 0.709375 0.622917 0.712500 0.625000 0.720313 0.627083 0.723437 0.625000 0.725000 0.618750 0.728125 0.610417 0.731250 0.604167 0.739062 0.593750 0.743750 0.589583 0.753125 0.583333 0.757812 0.581250 0.762500 0.579167 0.770312 0.577083 0.798438 0.577083 0.806250 0.579167 0.814063 0.585417 0.818750 0.587500 0.823438 0.589583 0.832812 0.589583 0.857812 0.595833 0.864062 0.597917 0.870313 0.600000 0.878125 0.604167 0.885938 0.610417 0.890625 0.614583 0.895312 0.618750 0.903125 0.627083 0.912500 0.639583 0.920312 0.652083 0.925000 0.664583 0.926562 0.672917 0.928125 0.689583 0.929688 0.693750 0.935937 0.693750 0.937500 0.687500 0.946875 0.672917 0.951562 0.656250 0.957812 0.645833 0.967187 0.618750 0.979688 0.591667 0.981250 0.587500 0.981250 0.583333 0.982812 0.579167 0.990625 0.564583 0.995313 0.552083 0.995313 0.547917 0.998437 0.543750 0.996875 0.418750 0.990625 0.412500 0.978125 0.404167 0.959375 0.385417 0.946875 0.377083 0.942187 0.370833 0.937500 0.366667 0.929688 0.360417 0.918750 0.352083 0.915625 0.352083 0.885938 0.329167 0.879687 0.325000 0.870313 0.320833 0.850000 0.304167 0.817187 0.283333 0.807813 0.275000 0.800000 0.268750 0.795312 0.266667 0.785937 0.266667
7 0.665625 0.652083 0.650000 0.654167 0.643750 0.656250 0.631250 0.664583 0.620313 0.679167 0.617188 0.687500 0.612500 0.700000 0.610938 0.706250 0.609375 0.716667 0.609375 0.743750 0.610938 0.754167 0.612500 0.760417 0.614062 0.764583 0.615625 0.768750 0.628125 0.791667 0.645312 0.835417 0.650000 0.843750 0.668750 0.868750 0.673438 0.872917 0.685937 0.881250 0.692187 0.883333 0.698438 0.885417 0.723437 0.885417 0.729688 0.883333 0.735938 0.881250 0.742188 0.877083 0.756250 0.868750 0.778125 0.839583 0.782813 0.827083 0.784375 0.820833 0.785937 0.812500 0.787500 0.795833 0.787500 0.770833 0.785937 0.758333 0.784375 0.750000 0.781250 0.743750 0.773438 0.731250 0.771875 0.725000 0.767188 0.716667 0.754687 0.700000 0.746875 0.691667 0.734375 0.685417 0.731250 0.681250 0.718750 0.672917 0.706250 0.668750 0.703125 0.666667 0.698438 0.660417 0.692187 0.656250 0.689063 0.658333 0.682813 0.654167 0.671875 0.652083 0.665625 0.652083
6 0.664062 0.512500 0.664062 0.516667 0.657813 0.533333 0.646875 0.556250 0.643750 0.562500 0.643750 0.570833 0.646875 0.575000 0.654687 0.583333 0.659375 0.587500 0.664062 0.591667 0.679688 0.602083 0.687500 0.608333 0.692187 0.612500 0.695312 0.616667 0.698438 0.625000 0.700000 0.631250 0.701562 0.639583 0.701562 0.656250 0.696875 0.658333 0.687500 0.652083 0.681250 0.650000 0.651563 0.650000 0.645312 0.652083 0.640625 0.654167 0.631250 0.660417 0.617188 0.679167 0.612500 0.691667 0.609375 0.700000 0.607812 0.708333 0.606250 0.718750 0.606250 0.743750 0.607812 0.754167 0.609375 0.760417 0.610938 0.764583 0.612500 0.768750 0.617188 0.779167 0.626563 0.795833 0.632812 0.810417 0.637500 0.825000 0.642188 0.835417 0.646875 0.843750 0.659375 0.862500 0.664062 0.868750 0.670312 0.875000 0.682813 0.883333 0.687500 0.885417 0.692187 0.887500 0.698438 0.889583 0.725000 0.889583 0.731250 0.887500 0.735938 0.885417 0.740625 0.883333 0.743750 0.879167 0.751563 0.875000 0.759375 0.875000 0.762500 0.879167 0.764062 0.883333 0.768750 0.900000 0.770312 0.906250 0.770312 0.922917 0.767188 0.927083 0.760938 0.931250 0.748437 0.935417 0.743750 0.937500 0.737500 0.943750 0.734375 0.945833 0.728125 0.947917 0.700000 0.956250 0.657813 0.977083 0.646875 0.979167 0.626563 0.989583 0.620313 0.991667 0.614062 0.993750 0.606250 0.995833 0.595313 0.997917 0.576562 0.995833 0.573438 0.995833 0.560937 0.995833 0.557813 0.995833 0.546875 0.995833 0.540625 0.995833 0.514062 0.995833 0.510938 0.995833 0.501563 0.997917 0.500000 0.995833 0.490625 0.997917 0.487500 0.997917 0.457813 0.997917 0.451562 0.995833 0.432812 0.997917 0.428125 0.993750 0.426563 0.989583 0.425000 0.983333 0.423438 0.977083 0.420312 0.962500 0.417187 0.947917 0.409375 0.910417 0.403125 0.877083 0.400000 0.860417 0.400000 0.850000 0.398438 0.841667 0.389062 0.808333 0.385937 0.793750 0.381250 0.764583 0.373437 0.737500 0.373437 0.720833 0.376563 0.718750 0.382812 0.718750 0.385937 0.714583 0.387500 0.704167 0.387500 0.683333 0.389062 0.664583 0.390625 0.647917 0.392188 0.631250 0.395313 0.622917 0.398438 0.620833 0.401562 0.618750 0.406250 0.616667 0.410938 0.614583 0.426563 0.610417 0.456250 0.595833 0.459375 0.633333 0.454688 0.635417 0.451562 0.643750 0.450000 0.658333 0.446875 0.664583 0.446875 0.689583 0.448437 0.727083 0.450000 0.756250 0.451562 0.764583 0.453125 0.768750 0.457813 0.775000 0.457813 0.797917 0.459375 0.808333 0.464062 0.814583 0.495312 0.814583 0.510938 0.810417 0.529687 0.810417 0.535937 0.808333 0.539062 0.806250 0.542188 0.797917 0.542188 0.787500 0.540625 0.745833 0.539062 0.712500 0.535937 0.679167 0.535937 0.654167 0.534375 0.647917 0.526563 0.637500 0.526563 0.635417 0.520312 0.627083 0.504687 0.627083 0.478125 0.629167 0.468750 0.633333 0.459375 0.633333 0.456250 0.595833 0.481250 0.587500 0.485938 0.585417 0.490625 0.581250 0.495312 0.581250 0.500000 0.577083 0.515625 0.570833 0.535937 0.564583 0.584375 0.543750 0.589063 0.541667 0.593750 0.537500 0.598437 0.535417 0.607812 0.533333 0.621875 0.525000 0.632812 0.522917 0.637500 0.520833 0.642188 0.516667 0.653125 0.512500 0.664062 0.512500
10 0.487500 0.631250 0.471875 0.633333 0.462500 0.635417 0.454688 0.639583 0.453125 0.650000 0.453125 0.658333 0.450000 0.662500 0.450000 0.689583 0.453125 0.720833 0.453125 0.754167 0.454688 0.764583 0.460938 0.772917 0.460938 0.804167 0.462500 0.806250 0.462500 0.810417 0.465625 0.812500 0.471875 0.812500 0.496875 0.810417 0.514062 0.806250 0.532813 0.806250 0.534375 0.804167 0.537500 0.804167 0.539062 0.800000 0.539062 0.772917 0.537500 0.735417 0.535937 0.700000 0.534375 0.672917 0.532813 0.654167 0.531250 0.647917 0.529687 0.643750 0.525000 0.639583 0.523438 0.633333 0.487500 0.631250
10 0.703125 0.187500 0.700000 0.189583 0.698438 0.191667 0.696875 0.197917 0.685937 0.214583 0.681250 0.222917 0.676562 0.235417 0.675000 0.241667 0.670312 0.268750 0.668750 0.289583 0.667188 0.295833 0.665625 0.302083 0.660937 0.318750 0.656250 0.329167 0.654687 0.335417 0.651563 0.350000 0.651563 0.358333 0.657813 0.366667 0.659375 0.372917 0.662500 0.375000 0.670312 0.375000 0.676562 0.377083 0.682813 0.379167 0.687500 0.383333 0.700000 0.383333 0.707812 0.387500 0.723437 0.387500 0.728125 0.385417 0.735938 0.381250 0.739062 0.379167 0.742188 0.377083 0.753125 0.368750 0.754687 0.364583 0.756250 0.356250 0.756250 0.345833 0.760938 0.327083 0.760938 0.314583 0.767188 0.285417 0.768750 0.262500 0.770312 0.252083 0.775000 0.231250 0.776563 0.214583 0.773438 0.206250 0.767188 0.204167 0.759375 0.204167 0.751563 0.200000 0.743750 0.200000 0.721875 0.191667 0.714063 0.191667 0.707812 0.189583 0.706250 0.187500 0.703125 0.187500
6 0.095312 0.214583 0.095312 0.231250 0.090625 0.264583 0.089063 0.295833 0.085938 0.354167 0.085938 0.395833 0.084375 0.429167 0.081250 0.443750 0.079687 0.462500 0.079687 0.483333 0.076563 0.514583 0.071875 0.564583 0.068750 0.595833 0.065625 0.622917 0.060937 0.647917 0.059375 0.664583 0.060937 0.668750 0.064062 0.668750 0.065625 0.670833 0.073438 0.670833 0.095312 0.679167 0.103125 0.681250 0.110937 0.683333 0.128125 0.687500 0.137500 0.689583 0.153125 0.691667 0.171875 0.693750 0.203125 0.693750 0.229687 0.695833 0.250000 0.700000 0.270313 0.700000 0.271875 0.702083 0.290625 0.702083 0.301563 0.697917 0.325000 0.685417 0.331250 0.683333 0.337500 0.681250 0.348438 0.679167 0.354687 0.683333 0.354687 0.685417 0.357812 0.689583 0.359375 0.700000 0.360938 0.704167 0.362500 0.708333 0.368750 0.712500 0.382812 0.710417 0.382812 0.691667 0.385937 0.654167 0.387500 0.635417 0.390625 0.618750 0.392188 0.595833 0.392188 0.570833 0.395313 0.552083 0.396875 0.508333 0.400000 0.487500 0.400000 0.462500 0.401562 0.439583 0.403125 0.420833 0.406250 0.404167 0.407813 0.383333 0.407813 0.356250 0.409375 0.335417 0.412500 0.320833 0.412500 0.295833 0.415625 0.279167 0.415625 0.258333 0.412500 0.256250 0.401562 0.256250 0.400000 0.254167 0.375000 0.252083 0.362500 0.247917 0.346875 0.245833 0.315625 0.241667 0.293750 0.239583 0.279687 0.241667 0.295312 0.262500 0.298438 0.268750 0.300000 0.272917 0.303125 0.283333 0.304688 0.289583 0.306250 0.295833 0.306250 0.318750 0.304688 0.327083 0.303125 0.333333 0.301563 0.339583 0.300000 0.343750 0.296875 0.350000 0.292187 0.358333 0.282813 0.370833 0.275000 0.377083 0.271875 0.379167 0.267188 0.381250 0.257812 0.383333 0.239063 0.383333 0.231250 0.381250 0.225000 0.379167 0.218750 0.375000 0.210938 0.370833 0.207813 0.366667 0.200000 0.362500 0.193750 0.360417 0.182812 0.360417 0.176563 0.358333 0.171875 0.356250 0.164062 0.352083 0.153125 0.345833 0.143750 0.339583 0.139063 0.335417 0.123438 0.314583 0.120313 0.308333 0.117188 0.302083 0.110937 0.287500 0.109375 0.283333 0.101562 0.260417 0.100000 0.252083 0.100000 0.227083 0.101562 0.218750 0.103125 0.216667 0.103125 0.212500 0.095312 0.214583
7 0.785937 0.760417 0.785937 0.766667 0.787500 0.797917 0.785937 0.812500 0.784375 0.818750 0.781250 0.820833 0.779687 0.825000 0.779687 0.831250 0.778125 0.835417 0.775000 0.839583 0.775000 0.845833 0.779687 0.854167 0.785937 0.862500 0.806250 0.887500 0.834375 0.929167 0.837500 0.933333 0.845313 0.941667 0.856250 0.950000 0.860938 0.956250 0.870313 0.972917 0.873437 0.977083 0.876563 0.981250 0.878125 0.983333 0.881250 0.985417 0.889062 0.989583 0.893750 0.995833 0.896875 0.997917 0.998437 0.997917 0.998437 0.856250 0.995313 0.850000 0.990625 0.841667 0.976562 0.820833 0.973437 0.816667 0.968750 0.814583 0.946875 0.800000 0.935937 0.797917 0.931250 0.795833 0.918750 0.789583 0.912500 0.783333 0.907813 0.781250 0.904687 0.781250 0.900000 0.783333 0.898438 0.787500 0.893750 0.789583 0.887500 0.789583 0.875000 0.797917 0.867188 0.795833 0.862500 0.795833 0.851562 0.800000 0.845313 0.800000 0.840625 0.797917 0.834375 0.795833 0.829688 0.793750 0.818750 0.787500 0.810937 0.779167 0.803125 0.777083 0.800000 0.772917 0.795312 0.770833 0.793750 0.768750 0.790625 0.762500 0.785937 0.760417
7 0.768750 0.579167 0.760938 0.581250 0.753125 0.583333 0.750000 0.585417 0.746875 0.587500 0.742188 0.591667 0.737500 0.597917 0.732812 0.606250 0.731250 0.612500 0.726562 0.618750 0.721875 0.631250 0.720313 0.639583 0.720313 0.647917 0.721875 0.668750 0.723437 0.672917 0.726562 0.677083 0.732812 0.681250 0.745313 0.689583 0.753125 0.695833 0.765625 0.712500 0.771875 0.722917 0.781250 0.741667 0.784375 0.752083 0.787500 0.758333 0.796875 0.770833 0.810937 0.779167 0.815625 0.785417 0.818750 0.787500 0.823438 0.789583 0.828125 0.791667 0.843750 0.797917 0.862500 0.797917 0.878125 0.795833 0.882812 0.793750 0.890625 0.787500 0.898438 0.785417 0.903125 0.781250 0.907813 0.777083 0.926562 0.752083 0.929688 0.745833 0.931250 0.739583 0.932813 0.731250 0.932813 0.725000 0.929688 0.714583 0.928125 0.704167 0.928125 0.700000 0.929688 0.697917 0.929688 0.693750 0.928125 0.687500 0.926562 0.679167 0.923438 0.668750 0.918750 0.656250 0.914062 0.647917 0.907813 0.637500 0.904687 0.633333 0.895312 0.622917 0.879687 0.608333 0.876563 0.606250 0.873437 0.604167 0.867188 0.602083 0.854688 0.597917 0.842187 0.597917 0.821875 0.591667 0.815625 0.589583 0.809375 0.583333 0.804688 0.581250 0.800000 0.579167 0.779687 0.577083 0.768750 0.579167
10 0.346875 0.683333 0.345313 0.685417 0.332813 0.687500 0.326562 0.689583 0.321875 0.691667 0.317188 0.693750 0.300000 0.702083 0.289062 0.708333 0.279687 0.714583 0.270313 0.725000 0.262500 0.731250 0.259375 0.731250 0.251563 0.725000 0.248438 0.725000 0.248438 0.729167 0.253125 0.737500 0.251563 0.747917 0.251563 0.752083 0.253125 0.754167 0.253125 0.760417 0.254688 0.764583 0.262500 0.777083 0.264062 0.781250 0.268750 0.797917 0.275000 0.822917 0.278125 0.845833 0.285938 0.875000 0.287500 0.887500 0.289062 0.889583 0.290625 0.893750 0.296875 0.891667 0.301563 0.889583 0.306250 0.885417 0.315625 0.883333 0.323437 0.877083 0.332813 0.872917 0.350000 0.866667 0.356250 0.864583 0.362500 0.856250 0.364063 0.847917 0.365625 0.837500 0.367188 0.829167 0.378125 0.816667 0.379688 0.814583 0.381250 0.810417 0.381250 0.793750 0.379688 0.781250 0.378125 0.772917 0.376563 0.764583 0.373437 0.750000 0.368750 0.733333 0.364063 0.720833 0.359375 0.714583 0.357812 0.708333 0.354687 0.691667 0.353125 0.687500 0.350000 0.683333 0.346875 0.683333
