6 0.885938 0.766667 0.885938 0.770833 0.892188 0.772917 0.898438 0.779167 0.903125 0.781250 0.909375 0.779167 0.910937 0.775000 0.914062 0.775000 0.912500 0.768750 0.893750 0.766667 0.885938 0.766667
6 0.904687 0.347917 0.904687 0.412500 0.903125 0.429167 0.901563 0.433333 0.898438 0.437500 0.895312 0.439583 0.890625 0.439583 0.887500 0.441667 0.882812 0.447917 0.735938 0.447917 0.731250 0.445833 0.726562 0.441667 0.721875 0.439583 0.715625 0.439583 0.710938 0.445833 0.701562 0.464583 0.700000 0.468750 0.700000 0.472917 0.693750 0.483333 0.690625 0.493750 0.681250 0.510417 0.662500 0.552083 0.656250 0.568750 0.656250 0.572917 0.659375 0.577083 0.660937 0.577083 0.665625 0.583333 0.668750 0.583333 0.673438 0.589583 0.681250 0.595833 0.690625 0.597917 0.692187 0.587500 0.692187 0.579167 0.693750 0.575000 0.698438 0.568750 0.701562 0.568750 0.704688 0.564583 0.714063 0.562500 0.725000 0.560417 0.745313 0.560417 0.757812 0.562500 0.764062 0.564583 0.770312 0.566667 0.781250 0.572917 0.792188 0.575000 0.815625 0.577083 0.825000 0.579167 0.834375 0.581250 0.843750 0.585417 0.853125 0.587500 0.871875 0.589583 0.896875 0.595833 0.904687 0.597917 0.909375 0.600000 0.918750 0.606250 0.928125 0.616667 0.931250 0.618750 0.935937 0.620833 0.939063 0.620833 0.940625 0.618750 0.953125 0.614583 0.960938 0.612500 0.976562 0.610417 0.976562 0.608333 0.979688 0.604167 0.982812 0.593750 0.984375 0.583333 0.985938 0.579167 0.987500 0.575000 0.992188 0.566667 0.995313 0.558333 0.998437 0.547917 0.998437 0.427083 0.990625 0.418750 0.982812 0.410417 0.939063 0.366667 0.926562 0.356250 0.920312 0.352083 0.910937 0.345833 0.904687 0.347917
6 0.817187 0.279167 0.806250 0.283333 0.796875 0.283333 0.790625 0.285417 0.787500 0.287500 0.785937 0.289583 0.785937 0.291667 0.782813 0.295833 0.778125 0.310417 0.773438 0.316667 0.773438 0.322917 0.781250 0.322917 0.782813 0.325000 0.825000 0.327083 0.878125 0.329167 0.881250 0.329167 0.881250 0.322917 0.878125 0.322917 0.873437 0.320833 0.860938 0.312500 0.848437 0.300000 0.840625 0.293750 0.832812 0.289583 0.825000 0.281250 0.821875 0.279167 0.817187 0.279167
7 0.245312 0.504167 0.242188 0.506250 0.237500 0.510417 0.223438 0.529167 0.220312 0.539583 0.207813 0.560417 0.206250 0.564583 0.204687 0.568750 0.204687 0.583333 0.209375 0.589583 0.210938 0.589583 0.217188 0.597917 0.221875 0.597917 0.226562 0.600000 0.228125 0.604167 0.239063 0.610417 0.242188 0.614583 0.242188 0.625000 0.243750 0.631250 0.245312 0.637500 0.246875 0.641667 0.248438 0.645833 0.253125 0.654167 0.270313 0.677083 0.275000 0.681250 0.281250 0.683333 0.287500 0.683333 0.290625 0.685417 0.300000 0.693750 0.314063 0.708333 0.317188 0.708333 0.325000 0.714583 0.329688 0.718750 0.339062 0.731250 0.343750 0.735417 0.354687 0.741667 0.359375 0.745833 0.370312 0.758333 0.375000 0.762500 0.378125 0.762500 0.382812 0.766667 0.387500 0.772917 0.389062 0.772917 0.392188 0.777083 0.392188 0.779167 0.396875 0.785417 0.401562 0.787500 0.403125 0.789583 0.414062 0.804167 0.420312 0.814583 0.423438 0.818750 0.428125 0.822917 0.435937 0.827083 0.440625 0.831250 0.445312 0.837500 0.450000 0.839583 0.454688 0.845833 0.459375 0.845833 0.465625 0.852083 0.470313 0.854167 0.479687 0.854167 0.484375 0.847917 0.489063 0.845833 0.492188 0.841667 0.493750 0.837500 0.495312 0.831250 0.496875 0.818750 0.504687 0.808333 0.509375 0.806250 0.514062 0.800000 0.517188 0.793750 0.525000 0.775000 0.528125 0.766667 0.531250 0.754167 0.537500 0.745833 0.537500 0.737500 0.535937 0.733333 0.534375 0.729167 0.528125 0.718750 0.521875 0.710417 0.507812 0.695833 0.503125 0.691667 0.495312 0.685417 0.484375 0.679167 0.478125 0.670833 0.471875 0.666667 0.464062 0.660417 0.450000 0.654167 0.446875 0.652083 0.439063 0.641667 0.434375 0.639583 0.429688 0.633333 0.425000 0.629167 0.407813 0.616667 0.404687 0.616667 0.392188 0.606250 0.379688 0.593750 0.375000 0.589583 0.371875 0.589583 0.367188 0.585417 0.356250 0.570833 0.345313 0.560417 0.337500 0.547917 0.334375 0.543750 0.329688 0.539583 0.314063 0.531250 0.276562 0.533333 0.275000 0.525000 0.273438 0.520833 0.270313 0.516667 0.265625 0.512500 0.262500 0.510417 0.251563 0.504167 0.245312 0.504167
7 0.556250 0.516667 0.553125 0.518750 0.550000 0.522917 0.546875 0.522917 0.542188 0.527083 0.532813 0.539583 0.523438 0.545833 0.520312 0.545833 0.510938 0.552083 0.501563 0.562500 0.498437 0.564583 0.495312 0.564583 0.490625 0.568750 0.485938 0.572917 0.481250 0.579167 0.481250 0.600000 0.482812 0.610417 0.484375 0.616667 0.485938 0.620833 0.492188 0.629167 0.493750 0.637500 0.495312 0.641667 0.498437 0.647917 0.503125 0.654167 0.506250 0.660417 0.512500 0.679167 0.517188 0.689583 0.523438 0.700000 0.528125 0.710417 0.528125 0.714583 0.531250 0.720833 0.537500 0.731250 0.542188 0.745833 0.550000 0.760417 0.551562 0.764583 0.551562 0.779167 0.557813 0.789583 0.565625 0.802083 0.567187 0.804167 0.570312 0.806250 0.573438 0.806250 0.578125 0.810417 0.584375 0.818750 0.589063 0.827083 0.592187 0.833333 0.593750 0.839583 0.595313 0.845833 0.596875 0.854167 0.596875 0.870833 0.603125 0.887500 0.609375 0.897917 0.612500 0.908333 0.614062 0.908333 0.617188 0.912500 0.621875 0.922917 0.628125 0.929167 0.632812 0.931250 0.635938 0.937500 0.637500 0.939583 0.640625 0.941667 0.645312 0.943750 0.650000 0.950000 0.654687 0.954167 0.667188 0.958333 0.670312 0.962500 0.675000 0.962500 0.679688 0.966667 0.685937 0.975000 0.685937 0.981250 0.687500 0.985417 0.689063 0.989583 0.693750 0.997917 0.729688 0.997917 0.732812 0.993750 0.740625 0.983333 0.742188 0.979167 0.742188 0.970833 0.740625 0.964583 0.739062 0.960417 0.732812 0.952083 0.731250 0.945833 0.729688 0.943750 0.721875 0.935417 0.721875 0.929167 0.725000 0.908333 0.725000 0.881250 0.723437 0.864583 0.721875 0.852083 0.720313 0.841667 0.718750 0.833333 0.717187 0.827083 0.714063 0.822917 0.710938 0.808333 0.709375 0.804167 0.707812 0.800000 0.701562 0.789583 0.696875 0.785417 0.692187 0.781250 0.684375 0.777083 0.676562 0.766667 0.671875 0.756250 0.670312 0.750000 0.668750 0.737500 0.668750 0.722917 0.667188 0.714583 0.664062 0.706250 0.659375 0.693750 0.651563 0.683333 0.650000 0.679167 0.648438 0.675000 0.648438 0.670833 0.646875 0.666667 0.645312 0.662500 0.637500 0.650000 0.629687 0.629167 0.617188 0.606250 0.614062 0.595833 0.607812 0.585417 0.607812 0.579167 0.606250 0.575000 0.598437 0.558333 0.595313 0.552083 0.590625 0.543750 0.584375 0.533333 0.576562 0.522917 0.571875 0.518750 0.567187 0.516667 0.556250 0.516667
7 0.320312 0.143750 0.315625 0.145833 0.312500 0.147917 0.306250 0.156250 0.303125 0.158333 0.287500 0.160417 0.279687 0.164583 0.268750 0.179167 0.257812 0.185417 0.253125 0.191667 0.250000 0.197917 0.248438 0.204167 0.246875 0.225000 0.246875 0.229167 0.251563 0.239583 0.264062 0.272917 0.265625 0.283333 0.267188 0.287500 0.270313 0.291667 0.271875 0.295833 0.271875 0.300000 0.273438 0.304167 0.276562 0.308333 0.278125 0.312500 0.279687 0.322917 0.290625 0.350000 0.296875 0.372917 0.300000 0.381250 0.304688 0.389583 0.306250 0.397917 0.310937 0.406250 0.315625 0.414583 0.317188 0.416667 0.320312 0.420833 0.323437 0.425000 0.328125 0.427083 0.335938 0.435417 0.340625 0.437500 0.343750 0.441667 0.346875 0.447917 0.348438 0.452083 0.348438 0.466667 0.345313 0.475000 0.345313 0.487500 0.346875 0.495833 0.348438 0.502083 0.350000 0.508333 0.354687 0.518750 0.354687 0.525000 0.356250 0.529167 0.360938 0.539583 0.368750 0.554167 0.379688 0.568750 0.387500 0.572917 0.396875 0.585417 0.401562 0.589583 0.409375 0.595833 0.420312 0.602083 0.425000 0.606250 0.428125 0.610417 0.428125 0.616667 0.434375 0.633333 0.437500 0.637500 0.440625 0.639583 0.445312 0.639583 0.454688 0.633333 0.468750 0.627083 0.476562 0.620833 0.479687 0.616667 0.481250 0.612500 0.481250 0.606250 0.478125 0.597917 0.475000 0.587500 0.471875 0.583333 0.470313 0.579167 0.470313 0.556250 0.473438 0.539583 0.473438 0.518750 0.475000 0.516667 0.475000 0.497917 0.473438 0.481250 0.471875 0.472917 0.467187 0.460417 0.467187 0.452083 0.465625 0.445833 0.462500 0.439583 0.459375 0.433333 0.450000 0.420833 0.443750 0.414583 0.437500 0.412500 0.431250 0.406250 0.425000 0.400000 0.423438 0.383333 0.425000 0.341667 0.421875 0.331250 0.418750 0.327083 0.417187 0.327083 0.414062 0.322917 0.410938 0.316667 0.407813 0.310417 0.406250 0.306250 0.400000 0.287500 0.390625 0.258333 0.389062 0.254167 0.385937 0.250000 0.365625 0.193750 0.364063 0.183333 0.360938 0.177083 0.356250 0.168750 0.345313 0.154167 0.340625 0.150000 0.337500 0.147917 0.334375 0.145833 0.329688 0.143750 0.320312 0.143750
6 0.390625 0.254167 0.390625 0.258333 0.395313 0.262500 0.395313 0.266667 0.398438 0.270833 0.400000 0.275000 0.407813 0.300000 0.409375 0.306250 0.409375 0.312500 0.414062 0.312500 0.412500 0.304167 0.412500 0.300000 0.415625 0.291667 0.415625 0.270833 0.418750 0.266667 0.417187 0.256250 0.404687 0.254167 0.390625 0.254167
6 0.095312 0.212500 0.093750 0.218750 0.092188 0.237500 0.090625 0.260417 0.089063 0.285417 0.089063 0.312500 0.084375 0.362500 0.084375 0.397917 0.082812 0.429167 0.081250 0.443750 0.079687 0.460417 0.076563 0.472917 0.076563 0.500000 0.075000 0.516667 0.073438 0.533333 0.070312 0.564583 0.065625 0.608333 0.060937 0.635417 0.059375 0.654167 0.060937 0.668750 0.064062 0.670833 0.071875 0.670833 0.079687 0.672917 0.087500 0.677083 0.095312 0.679167 0.110937 0.681250 0.118750 0.685417 0.128125 0.687500 0.140625 0.689583 0.159375 0.691667 0.215625 0.693750 0.232813 0.695833 0.248438 0.700000 0.281250 0.704167 0.300000 0.706250 0.307812 0.706250 0.307812 0.702083 0.303125 0.702083 0.300000 0.700000 0.292187 0.689583 0.289062 0.687500 0.285938 0.685417 0.281250 0.685417 0.268750 0.677083 0.250000 0.652083 0.246875 0.645833 0.240625 0.629167 0.240625 0.616667 0.239063 0.612500 0.235937 0.610417 0.229687 0.610417 0.225000 0.604167 0.218750 0.602083 0.210938 0.593750 0.203125 0.583333 0.203125 0.570833 0.204687 0.564583 0.206250 0.560417 0.207813 0.556250 0.210938 0.550000 0.214062 0.543750 0.218750 0.535417 0.225000 0.525000 0.237500 0.508333 0.246875 0.502083 0.253125 0.504167 0.256250 0.506250 0.259375 0.508333 0.267188 0.516667 0.271875 0.518750 0.275000 0.520833 0.276562 0.522917 0.278125 0.529167 0.282813 0.531250 0.310937 0.529167 0.317188 0.531250 0.321875 0.533333 0.331250 0.539583 0.337500 0.545833 0.343750 0.554167 0.353125 0.568750 0.356250 0.568750 0.360938 0.572917 0.365625 0.577083 0.371875 0.585417 0.376563 0.589583 0.381250 0.591667 0.384375 0.595833 0.384375 0.597917 0.390625 0.600000 0.390625 0.593750 0.392188 0.591667 0.392188 0.579167 0.389062 0.579167 0.376563 0.562500 0.375000 0.562500 0.364063 0.547917 0.359375 0.539583 0.356250 0.533333 0.346875 0.508333 0.345313 0.500000 0.346875 0.475000 0.346875 0.454167 0.345313 0.447917 0.343750 0.443750 0.340625 0.439583 0.335938 0.435417 0.331250 0.433333 0.326562 0.429167 0.312500 0.408333 0.309375 0.404167 0.304688 0.404167 0.296875 0.408333 0.293750 0.412500 0.289062 0.414583 0.276562 0.420833 0.271875 0.420833 0.254688 0.431250 0.250000 0.431250 0.246875 0.435417 0.237500 0.437500 0.215625 0.447917 0.207813 0.454167 0.203125 0.456250 0.195312 0.458333 0.190625 0.452083 0.190625 0.445833 0.187500 0.441667 0.187500 0.435417 0.182812 0.420833 0.179688 0.410417 0.175000 0.395833 0.167187 0.379167 0.164062 0.368750 0.162500 0.354167 0.160938 0.347917 0.159375 0.341667 0.151562 0.327083 0.150000 0.320833 0.148438 0.314583 0.148438 0.304167 0.151562 0.300000 0.156250 0.297917 0.168750 0.291667 0.173437 0.291667 0.181250 0.285417 0.185938 0.283333 0.195312 0.281250 0.207813 0.272917 0.212500 0.270833 0.218750 0.270833 0.226562 0.264583 0.235937 0.260417 0.245312 0.258333 0.250000 0.256250 0.253125 0.252083 0.253125 0.245833 0.250000 0.237500 0.246875 0.233333 0.242188 0.231250 0.229687 0.229167 0.217188 0.229167 0.206250 0.227083 0.181250 0.218750 0.171875 0.216667 0.160938 0.214583 0.150000 0.212500 0.129688 0.210417 0.095312 0.212500
6 0.535937 0.745833 0.534375 0.750000 0.534375 0.756250 0.532813 0.760417 0.528125 0.770833 0.523438 0.777083 0.518750 0.791667 0.515625 0.797917 0.504687 0.810417 0.500000 0.816667 0.498437 0.820833 0.496875 0.831250 0.495312 0.835417 0.493750 0.839583 0.484375 0.852083 0.479687 0.856250 0.468750 0.856250 0.460938 0.852083 0.448437 0.841667 0.439063 0.833333 0.425000 0.820833 0.415625 0.810417 0.396875 0.785417 0.392188 0.781250 0.387500 0.781250 0.387500 0.785417 0.389062 0.787500 0.392188 0.814583 0.393750 0.822917 0.398438 0.837500 0.400000 0.845833 0.401562 0.864583 0.406250 0.883333 0.407813 0.902083 0.409375 0.912500 0.414062 0.927083 0.415625 0.935417 0.420312 0.962500 0.420312 0.972917 0.421875 0.983333 0.423438 0.989583 0.426563 0.997917 0.659375 0.997917 0.664062 0.995833 0.668750 0.993750 0.676562 0.987500 0.679688 0.987500 0.685937 0.983333 0.685937 0.975000 0.682813 0.970833 0.678125 0.966667 0.675000 0.964583 0.671875 0.962500 0.660937 0.956250 0.653125 0.954167 0.648438 0.950000 0.643750 0.945833 0.637500 0.939583 0.623437 0.925000 0.614062 0.912500 0.607812 0.902083 0.598437 0.883333 0.596875 0.879167 0.595313 0.875000 0.595313 0.850000 0.593750 0.841667 0.590625 0.833333 0.589063 0.827083 0.581250 0.816667 0.570312 0.808333 0.557813 0.791667 0.554688 0.785417 0.551562 0.779167 0.550000 0.775000 0.548438 0.768750 0.548438 0.758333 0.543750 0.752083 0.540625 0.743750 0.535937 0.745833
6 0.479687 0.616667 0.475000 0.622917 0.468750 0.627083 0.451562 0.637500 0.448437 0.641667 0.446875 0.641667 0.445312 0.647917 0.448437 0.652083 0.451562 0.654167 0.462500 0.658333 0.471875 0.664583 0.479687 0.670833 0.487500 0.677083 0.506250 0.693750 0.514062 0.704167 0.518750 0.706250 0.520312 0.710417 0.521875 0.710417 0.526563 0.714583 0.526563 0.708333 0.523438 0.706250 0.523438 0.702083 0.520312 0.700000 0.515625 0.685417 0.509375 0.668750 0.504687 0.658333 0.501563 0.652083 0.495312 0.643750 0.493750 0.637500 0.489063 0.631250 0.484375 0.616667 0.479687 0.616667
6 0.660937 0.533333 0.656250 0.533333 0.654687 0.537500 0.642188 0.539583 0.637500 0.543750 0.625000 0.545833 0.618750 0.547917 0.603125 0.556250 0.600000 0.556250 0.600000 0.562500 0.604688 0.566667 0.607812 0.575000 0.620313 0.612500 0.621875 0.616667 0.629687 0.627083 0.631250 0.629167 0.632812 0.633333 0.634375 0.639583 0.637500 0.645833 0.642188 0.652083 0.646875 0.662500 0.648438 0.666667 0.648438 0.672917 0.650000 0.679167 0.653125 0.685417 0.657813 0.691667 0.662500 0.702083 0.664062 0.706250 0.665625 0.710417 0.668750 0.720833 0.671875 0.737500 0.670312 0.752083 0.671875 0.756250 0.673438 0.762500 0.675000 0.766667 0.676562 0.770833 0.678125 0.772917 0.681250 0.775000 0.687500 0.777083 0.692187 0.779167 0.707812 0.800000 0.709375 0.810417 0.714063 0.820833 0.718750 0.841667 0.723437 0.850000 0.725000 0.862500 0.726562 0.887500 0.725000 0.891667 0.726562 0.902083 0.723437 0.912500 0.725000 0.922917 0.723437 0.937500 0.725000 0.941667 0.726562 0.943750 0.728125 0.943750 0.731250 0.947917 0.731250 0.950000 0.734375 0.954167 0.737500 0.958333 0.748437 0.958333 0.754687 0.956250 0.768750 0.950000 0.771875 0.947917 0.773438 0.931250 0.771875 0.922917 0.770312 0.916667 0.765625 0.900000 0.756250 0.875000 0.751563 0.856250 0.745313 0.829167 0.742188 0.806250 0.732812 0.770833 0.731250 0.762500 0.729688 0.745833 0.728125 0.739583 0.725000 0.731250 0.721875 0.731250 0.717187 0.727083 0.712500 0.727083 0.698438 0.716667 0.687500 0.712500 0.684375 0.710417 0.681250 0.706250 0.679688 0.702083 0.679688 0.683333 0.681250 0.668750 0.682813 0.658333 0.685937 0.650000 0.690625 0.625000 0.690625 0.610417 0.689063 0.604167 0.685937 0.600000 0.676562 0.589583 0.668750 0.585417 0.664062 0.579167 0.659375 0.577083 0.656250 0.575000 0.654687 0.568750 0.656250 0.564583 0.660937 0.558333 0.662500 0.552083 0.670312 0.539583 0.671875 0.535417 0.671875 0.531250 0.667188 0.529167 0.660937 0.533333
9 0.737500 0.327083 0.732812 0.329167 0.725000 0.335417 0.721875 0.339583 0.720313 0.339583 0.718750 0.341667 0.717187 0.345833 0.717187 0.370833 0.715625 0.375000 0.706250 0.385417 0.709375 0.387500 0.710938 0.389583 0.715625 0.391667 0.717187 0.397917 0.717187 0.412500 0.715625 0.414583 0.715625 0.429167 0.718750 0.433333 0.721875 0.435417 0.735938 0.443750 0.881250 0.443750 0.885938 0.437500 0.889062 0.435417 0.895312 0.435417 0.898438 0.433333 0.900000 0.429167 0.901563 0.402083 0.903125 0.370833 0.903125 0.366667 0.900000 0.331250 0.882812 0.329167 0.829688 0.331250 0.787500 0.327083 0.737500 0.327083
7 0.728125 0.560417 0.720313 0.564583 0.709375 0.564583 0.704688 0.566667 0.701562 0.568750 0.693750 0.579167 0.692187 0.583333 0.692187 0.622917 0.690625 0.633333 0.687500 0.639583 0.685937 0.647917 0.682813 0.664583 0.681250 0.677083 0.681250 0.697917 0.682813 0.702083 0.687500 0.708333 0.693750 0.712500 0.701562 0.718750 0.704688 0.720833 0.710938 0.722917 0.718750 0.727083 0.726562 0.729167 0.742188 0.733333 0.751563 0.733333 0.770312 0.739583 0.779687 0.741667 0.792188 0.743750 0.804688 0.743750 0.815625 0.745833 0.823438 0.747917 0.831250 0.752083 0.856250 0.756250 0.862500 0.758333 0.873437 0.764583 0.879687 0.766667 0.914062 0.766667 0.921875 0.758333 0.925000 0.758333 0.931250 0.762500 0.932813 0.766667 0.934375 0.772917 0.940625 0.781250 0.968750 0.783333 0.998437 0.783333 0.996875 0.620833 0.992188 0.620833 0.985938 0.616667 0.978125 0.616667 0.968750 0.612500 0.965625 0.612500 0.960938 0.614583 0.956250 0.618750 0.946875 0.620833 0.935937 0.620833 0.931250 0.618750 0.926562 0.616667 0.915625 0.608333 0.910937 0.602083 0.907813 0.600000 0.898438 0.597917 0.887500 0.597917 0.876563 0.595833 0.867188 0.591667 0.856250 0.591667 0.840625 0.585417 0.831250 0.583333 0.820312 0.583333 0.810937 0.581250 0.801562 0.579167 0.787500 0.572917 0.779687 0.570833 0.762500 0.568750 0.753125 0.566667 0.740625 0.560417 0.728125 0.560417
9 0.217188 0.772917 0.196875 0.783333 0.184375 0.785417 0.181250 0.787500 0.178125 0.791667 0.175000 0.797917 0.175000 0.802083 0.171875 0.806250 0.171875 0.810417 0.170313 0.814583 0.165625 0.820833 0.160938 0.822917 0.157812 0.827083 0.156250 0.831250 0.156250 0.835417 0.157812 0.845833 0.154688 0.854167 0.148438 0.868750 0.148438 0.872917 0.146875 0.883333 0.153125 0.889583 0.157812 0.893750 0.160938 0.895833 0.164062 0.897917 0.176563 0.902083 0.189062 0.910417 0.193750 0.910417 0.207813 0.918750 0.234375 0.935417 0.237500 0.939583 0.240625 0.939583 0.243750 0.943750 0.251563 0.947917 0.256250 0.947917 0.259375 0.945833 0.262500 0.935417 0.273438 0.920833 0.278125 0.918750 0.281250 0.914583 0.284375 0.908333 0.287500 0.900000 0.293750 0.891667 0.301563 0.875000 0.304688 0.864583 0.309375 0.847917 0.310937 0.829167 0.307812 0.820833 0.304688 0.818750 0.296875 0.816667 0.290625 0.812500 0.281250 0.804167 0.273438 0.802083 0.250000 0.785417 0.228125 0.772917 0.217188 0.772917
9 0.609375 0.268750 0.606250 0.272917 0.601562 0.275000 0.596875 0.275000 0.587500 0.281250 0.582812 0.283333 0.578125 0.283333 0.573438 0.285417 0.568750 0.287500 0.556250 0.293750 0.548438 0.297917 0.535937 0.304167 0.532813 0.308333 0.520312 0.314583 0.510938 0.318750 0.510938 0.325000 0.514062 0.337500 0.523438 0.364583 0.531250 0.400000 0.537500 0.422917 0.543750 0.445833 0.550000 0.462500 0.551562 0.468750 0.553125 0.481250 0.554688 0.487500 0.559375 0.504167 0.560937 0.508333 0.562500 0.510417 0.565625 0.512500 0.579688 0.512500 0.590625 0.506250 0.596875 0.504167 0.603125 0.504167 0.614062 0.500000 0.646875 0.481250 0.650000 0.479167 0.653125 0.477083 0.656250 0.472917 0.659375 0.470833 0.662500 0.470833 0.665625 0.468750 0.667188 0.450000 0.665625 0.441667 0.664062 0.435417 0.662500 0.429167 0.660937 0.425000 0.651563 0.404167 0.648438 0.393750 0.642188 0.370833 0.640625 0.364583 0.639062 0.358333 0.635938 0.339583 0.629687 0.314583 0.626563 0.304167 0.620313 0.289583 0.617188 0.272917 0.614062 0.268750 0.609375 0.268750
7 0.498437 0.118750 0.493750 0.120833 0.489063 0.122917 0.482812 0.131250 0.481250 0.137500 0.481250 0.156250 0.478125 0.175000 0.479687 0.183333 0.482812 0.191667 0.482812 0.204167 0.478125 0.218750 0.478125 0.256250 0.479687 0.260417 0.485938 0.268750 0.489063 0.270833 0.493750 0.272917 0.500000 0.275000 0.509375 0.277083 0.546875 0.277083 0.554688 0.275000 0.562500 0.270833 0.596875 0.270833 0.606250 0.266667 0.617188 0.266667 0.634375 0.268750 0.645312 0.270833 0.657813 0.272917 0.676562 0.279167 0.687500 0.281250 0.704688 0.279167 0.712500 0.279167 0.718750 0.283333 0.732812 0.285417 0.775000 0.285417 0.784375 0.283333 0.790625 0.279167 0.807813 0.277083 0.814063 0.275000 0.820312 0.272917 0.823438 0.270833 0.831250 0.260417 0.835938 0.256250 0.839063 0.254167 0.848437 0.254167 0.854688 0.256250 0.857812 0.260417 0.864062 0.262500 0.879687 0.262500 0.884375 0.260417 0.889062 0.254167 0.892188 0.247917 0.895312 0.237500 0.896875 0.229167 0.898438 0.216667 0.898438 0.185417 0.896875 0.177083 0.890625 0.168750 0.885938 0.166667 0.864062 0.166667 0.856250 0.170833 0.848437 0.170833 0.845313 0.168750 0.842187 0.166667 0.837500 0.160417 0.829688 0.154167 0.826562 0.152083 0.823438 0.150000 0.815625 0.145833 0.803125 0.141667 0.795312 0.135417 0.789062 0.133333 0.781250 0.131250 0.770312 0.129167 0.729688 0.129167 0.720313 0.133333 0.714063 0.133333 0.681250 0.131250 0.662500 0.135417 0.625000 0.135417 0.601562 0.131250 0.575000 0.131250 0.568750 0.129167 0.559375 0.122917 0.551562 0.120833 0.542188 0.118750 0.498437 0.118750
