6 0.778125 0.814583 0.778125 0.822917 0.775000 0.827083 0.775000 0.831250 0.770312 0.837500 0.768750 0.841667 0.767188 0.845833 0.762500 0.860417 0.762500 0.864583 0.760938 0.875000 0.762500 0.875000 0.762500 0.881250 0.759375 0.881250 0.765625 0.881250 0.767188 0.883333 0.787500 0.883333 0.789062 0.881250 0.798438 0.881250 0.793750 0.877083 0.796875 0.870833 0.793750 0.864583 0.787500 0.854167 0.782813 0.841667 0.782813 0.822917 0.781250 0.820833 0.781250 0.814583 0.778125 0.814583
6 0.712500 0.233333 0.731250 0.239583 0.735938 0.241667 0.740625 0.243750 0.743750 0.245833 0.743750 0.250000 0.740625 0.256250 0.735938 0.262500 0.732812 0.268750 0.726562 0.285417 0.725000 0.291667 0.723437 0.308333 0.720313 0.314583 0.720313 0.325000 0.715625 0.343750 0.715625 0.370833 0.717187 0.379167 0.723437 0.395833 0.731250 0.406250 0.735938 0.410417 0.742188 0.412500 0.750000 0.418750 0.762500 0.431250 0.775000 0.439583 0.779687 0.441667 0.784375 0.443750 0.790625 0.445833 0.796875 0.447917 0.825000 0.447917 0.831250 0.445833 0.835938 0.443750 0.843750 0.439583 0.856250 0.431250 0.860938 0.427083 0.867188 0.420833 0.881250 0.402083 0.884375 0.395833 0.887500 0.389583 0.893750 0.372917 0.896875 0.362500 0.898438 0.354167 0.900000 0.341667 0.900000 0.316667 0.896875 0.300000 0.909375 0.295833 0.917188 0.297917 0.946875 0.306250 0.954688 0.308333 0.959375 0.310417 0.960938 0.322917 0.959375 0.331250 0.957812 0.339583 0.950000 0.370833 0.946875 0.393750 0.945312 0.402083 0.942187 0.408333 0.937500 0.437500 0.931250 0.458333 0.928125 0.472917 0.925000 0.487500 0.921875 0.510417 0.920312 0.516667 0.917188 0.522917 0.914062 0.537500 0.912500 0.552083 0.909375 0.566667 0.896875 0.616667 0.887500 0.660417 0.885938 0.677083 0.881250 0.697917 0.876563 0.710417 0.873437 0.714583 0.870313 0.714583 0.868750 0.712500 0.862500 0.710417 0.843750 0.710417 0.834375 0.714583 0.818750 0.714583 0.810937 0.716667 0.806250 0.718750 0.803125 0.720833 0.800000 0.722917 0.793750 0.729167 0.785937 0.739583 0.781250 0.739583 0.775000 0.735417 0.773438 0.735417 0.778125 0.735417 0.782813 0.731250 0.785937 0.727083 0.790625 0.714583 0.798438 0.704167 0.807813 0.675000 0.810937 0.670833 0.810937 0.666667 0.817187 0.652083 0.825000 0.635417 0.831250 0.627083 0.831250 0.625000 0.834375 0.620833 0.832812 0.616667 0.829688 0.612500 0.823438 0.608333 0.817187 0.606250 0.806250 0.606250 0.796875 0.604167 0.787500 0.597917 0.781250 0.593750 0.773438 0.587500 0.743750 0.560417 0.731250 0.550000 0.723437 0.543750 0.712500 0.535417 0.698438 0.527083 0.690625 0.518750 0.671875 0.506250 0.654687 0.491667 0.650000 0.487500 0.645312 0.481250 0.643750 0.475000 0.637500 0.466667 0.632812 0.462500 0.629687 0.460417 0.626563 0.458333 0.615625 0.460417 0.614062 0.464583 0.612500 0.468750 0.609375 0.483333 0.607812 0.487500 0.598437 0.500000 0.595313 0.506250 0.592187 0.512500 0.585938 0.529167 0.576562 0.543750 0.573438 0.550000 0.571875 0.556250 0.568750 0.560417 0.567187 0.564583 0.573438 0.572917 0.578125 0.577083 0.582812 0.579167 0.590625 0.581250 0.600000 0.581250 0.607812 0.587500 0.617188 0.589583 0.621875 0.591667 0.631250 0.597917 0.651563 0.614583 0.656250 0.620833 0.664062 0.625000 0.668750 0.629167 0.673438 0.635417 0.681250 0.641667 0.695312 0.650000 0.709375 0.660417 0.728125 0.677083 0.734375 0.685417 0.742188 0.689583 0.756250 0.702083 0.760938 0.708333 0.765625 0.720833 0.765625 0.727083 0.768750 0.731250 0.773438 0.735417 0.775000 0.735417 0.764062 0.735417 0.757812 0.733333 0.751563 0.731250 0.657813 0.695833 0.646875 0.689583 0.635938 0.687500 0.625000 0.681250 0.603125 0.675000 0.581250 0.666667 0.554688 0.656250 0.545312 0.652083 0.540625 0.650000 0.535937 0.643750 0.534375 0.639583 0.534375 0.629167 0.535937 0.620833 0.542188 0.589583 0.550000 0.560417 0.550000 0.552083 0.556250 0.520833 0.560937 0.497917 0.565625 0.485417 0.567187 0.477083 0.568750 0.462500 0.573438 0.447917 0.576562 0.433333 0.576562 0.425000 0.581250 0.404167 0.585938 0.381250 0.587500 0.375000 0.590625 0.368750 0.595313 0.339583 0.596875 0.333333 0.598437 0.329167 0.601562 0.325000 0.610938 0.322917 0.617188 0.325000 0.670312 0.322917 0.692187 0.322917 0.696875 0.320833 0.700000 0.316667 0.701562 0.308333 0.701562 0.241667 0.703125 0.239583 0.703125 0.233333 0.712500 0.233333
12 0.806250 0.210417 0.798438 0.212500 0.790625 0.214583 0.784375 0.216667 0.776563 0.220833 0.770312 0.227083 0.767188 0.227083 0.764062 0.229167 0.760938 0.231250 0.756250 0.235417 0.750000 0.241667 0.748437 0.243750 0.748437 0.245833 0.745313 0.250000 0.743750 0.256250 0.739062 0.262500 0.735938 0.268750 0.734375 0.272917 0.729688 0.287500 0.728125 0.297917 0.723437 0.308333 0.721875 0.314583 0.718750 0.329167 0.717187 0.337500 0.717187 0.350000 0.715625 0.352083 0.715625 0.362500 0.717187 0.372917 0.720313 0.383333 0.721875 0.387500 0.723437 0.391667 0.726562 0.397917 0.732812 0.406250 0.737500 0.410417 0.743750 0.414583 0.746875 0.416667 0.756250 0.420833 0.768750 0.431250 0.776563 0.435417 0.781250 0.437500 0.785937 0.439583 0.793750 0.441667 0.801562 0.443750 0.821875 0.443750 0.829688 0.441667 0.835938 0.439583 0.840625 0.437500 0.845313 0.435417 0.854688 0.429167 0.859375 0.425000 0.864062 0.420833 0.879687 0.400000 0.882812 0.393750 0.887500 0.383333 0.892188 0.370833 0.893750 0.364583 0.895312 0.358333 0.896875 0.347917 0.896875 0.308333 0.895312 0.300000 0.893750 0.293750 0.892188 0.287500 0.889062 0.279167 0.884375 0.266667 0.876563 0.247917 0.873437 0.243750 0.873437 0.241667 0.871875 0.239583 0.865625 0.233333 0.860938 0.231250 0.854688 0.222917 0.851562 0.220833 0.846875 0.218750 0.842187 0.216667 0.835938 0.214583 0.821875 0.210417 0.806250 0.210417
12 0.217188 0.768750 0.206250 0.770833 0.203125 0.772917 0.200000 0.775000 0.182812 0.791667 0.173437 0.804167 0.170313 0.814583 0.164062 0.822917 0.160938 0.831250 0.159375 0.839583 0.156250 0.843750 0.154688 0.850000 0.153125 0.866667 0.153125 0.897917 0.154688 0.908333 0.156250 0.912500 0.160938 0.922917 0.164062 0.929167 0.170313 0.939583 0.176563 0.947917 0.182812 0.954167 0.195312 0.962500 0.200000 0.964583 0.204687 0.966667 0.210938 0.968750 0.229687 0.968750 0.239063 0.966667 0.243750 0.964583 0.248438 0.962500 0.257812 0.956250 0.262500 0.952083 0.267188 0.947917 0.282813 0.927083 0.285938 0.920833 0.292187 0.904167 0.293750 0.897917 0.295312 0.889583 0.296875 0.881250 0.296875 0.852083 0.295312 0.825000 0.293750 0.820833 0.290625 0.814583 0.282813 0.800000 0.276562 0.789583 0.275000 0.787500 0.271875 0.785417 0.259375 0.777083 0.245312 0.770833 0.232813 0.768750 0.217188 0.768750
12 0.846875 0.712500 0.843750 0.716667 0.823438 0.716667 0.817187 0.718750 0.810937 0.720833 0.806250 0.722917 0.796875 0.729167 0.787500 0.741667 0.787500 0.756250 0.784375 0.766667 0.782813 0.793750 0.782813 0.820833 0.784375 0.831250 0.785937 0.837500 0.787500 0.843750 0.789062 0.847917 0.790625 0.852083 0.795312 0.862500 0.800000 0.870833 0.812500 0.887500 0.817187 0.891667 0.821875 0.895833 0.825000 0.897917 0.828125 0.900000 0.842187 0.906250 0.851562 0.908333 0.870313 0.908333 0.876563 0.906250 0.884375 0.902083 0.890625 0.897917 0.900000 0.891667 0.915625 0.870833 0.920312 0.862500 0.926562 0.843750 0.928125 0.837500 0.929688 0.829167 0.929688 0.797917 0.925000 0.779167 0.923438 0.775000 0.921875 0.770833 0.917188 0.760417 0.900000 0.739583 0.898438 0.737500 0.893750 0.729167 0.890625 0.727083 0.879687 0.720833 0.868750 0.716667 0.862500 0.716667 0.859375 0.712500 0.846875 0.712500
13 0.200000 0.147917 0.192188 0.150000 0.185938 0.152083 0.181250 0.154167 0.168750 0.162500 0.164062 0.166667 0.157812 0.172917 0.145313 0.189583 0.142187 0.195833 0.139063 0.202083 0.132812 0.218750 0.131250 0.225000 0.129688 0.231250 0.128125 0.239583 0.126562 0.258333 0.126562 0.266667 0.128125 0.285417 0.129688 0.293750 0.131250 0.300000 0.132812 0.306250 0.137500 0.318750 0.140625 0.325000 0.143750 0.331250 0.150000 0.341667 0.153125 0.345833 0.162500 0.356250 0.167187 0.360417 0.173437 0.364583 0.182812 0.370833 0.193750 0.375000 0.200000 0.377083 0.215625 0.377083 0.221875 0.381250 0.228125 0.383333 0.246875 0.383333 0.256250 0.381250 0.262500 0.379167 0.268750 0.375000 0.276562 0.370833 0.281250 0.366667 0.285938 0.362500 0.298438 0.345833 0.303125 0.337500 0.307812 0.327083 0.309375 0.316667 0.314063 0.306250 0.314063 0.291667 0.315625 0.289583 0.315625 0.277083 0.314063 0.256250 0.317188 0.252083 0.320312 0.252083 0.340625 0.237500 0.348438 0.227083 0.348438 0.210417 0.343750 0.204167 0.340625 0.202083 0.335938 0.200000 0.331250 0.200000 0.325000 0.202083 0.318750 0.204167 0.310937 0.210417 0.306250 0.210417 0.301563 0.214583 0.296875 0.214583 0.290625 0.206250 0.282813 0.189583 0.270313 0.172917 0.259375 0.162500 0.250000 0.156250 0.235937 0.150000 0.228125 0.147917 0.200000 0.147917
6 0.364063 0.162500 0.367188 0.166667 0.370312 0.172917 0.378125 0.189583 0.382812 0.200000 0.390625 0.220833 0.401562 0.241667 0.404687 0.252083 0.410938 0.262500 0.414062 0.272917 0.418750 0.283333 0.425000 0.293750 0.429688 0.304167 0.432812 0.314583 0.439063 0.325000 0.445312 0.343750 0.450000 0.354167 0.442188 0.354167 0.437500 0.341667 0.432812 0.333333 0.423438 0.320833 0.417187 0.314583 0.407813 0.308333 0.401562 0.306250 0.378125 0.306250 0.370312 0.308333 0.367188 0.310417 0.364063 0.312500 0.359375 0.316667 0.354687 0.320833 0.345313 0.333333 0.342187 0.339583 0.339062 0.345833 0.335938 0.356250 0.334375 0.364583 0.334375 0.391667 0.335938 0.400000 0.337500 0.406250 0.342187 0.418750 0.359375 0.441667 0.368750 0.447917 0.373437 0.450000 0.378125 0.452083 0.401562 0.452083 0.406250 0.450000 0.418750 0.441667 0.423438 0.437500 0.432812 0.425000 0.437500 0.416667 0.439063 0.412500 0.440625 0.408333 0.442188 0.402083 0.443750 0.395833 0.443750 0.362500 0.442188 0.354167 0.450000 0.354167 0.454688 0.364583 0.459375 0.370833 0.493750 0.447917 0.498437 0.458333 0.500000 0.462500 0.500000 0.466667 0.500000 0.472917 0.500000 0.475000 0.498437 0.477083 0.496875 0.477083 0.493750 0.481250 0.485938 0.487500 0.478125 0.491667 0.470313 0.500000 0.462500 0.500000 0.457813 0.493750 0.454688 0.487500 0.453125 0.483333 0.451562 0.479167 0.451562 0.470833 0.450000 0.466667 0.448437 0.462500 0.445312 0.458333 0.437500 0.458333 0.434375 0.460417 0.423438 0.468750 0.418750 0.475000 0.414062 0.477083 0.404687 0.487500 0.396875 0.493750 0.389062 0.497917 0.376563 0.508333 0.371875 0.514583 0.371875 0.518750 0.373437 0.522917 0.379688 0.531250 0.390625 0.539583 0.398438 0.541667 0.401562 0.545833 0.401562 0.550000 0.400000 0.554167 0.396875 0.558333 0.389062 0.562500 0.370312 0.577083 0.362500 0.585417 0.354687 0.591667 0.335938 0.604167 0.328125 0.612500 0.320312 0.618750 0.309375 0.625000 0.293750 0.639583 0.282813 0.645833 0.271875 0.656250 0.268750 0.658333 0.265625 0.660417 0.259375 0.662500 0.256250 0.660417 0.254688 0.658333 0.246875 0.641667 0.242188 0.627083 0.231250 0.602083 0.225000 0.591667 0.214062 0.566667 0.207813 0.552083 0.198437 0.525000 0.184375 0.493750 0.175000 0.477083 0.167187 0.456250 0.156250 0.435417 0.151562 0.425000 0.145313 0.410417 0.143750 0.406250 0.143750 0.402083 0.132812 0.377083 0.126562 0.360417 0.123438 0.352083 0.123438 0.345833 0.128125 0.339583 0.131250 0.337500 0.135937 0.335417 0.140625 0.333333 0.143750 0.337500 0.145313 0.337500 0.160938 0.358333 0.165625 0.362500 0.170313 0.366667 0.173437 0.368750 0.176563 0.370833 0.184375 0.375000 0.189062 0.377083 0.195312 0.379167 0.204687 0.381250 0.214062 0.381250 0.221875 0.385417 0.229687 0.387500 0.245312 0.387500 0.254688 0.385417 0.268750 0.379167 0.273438 0.377083 0.281250 0.370833 0.285938 0.366667 0.301563 0.345833 0.304688 0.339583 0.307812 0.333333 0.314063 0.316667 0.315625 0.310417 0.317188 0.300000 0.317188 0.258333 0.320312 0.254167 0.337500 0.243750 0.342187 0.239583 0.348438 0.233333 0.351562 0.225000 0.351562 0.214583 0.350000 0.208333 0.343750 0.200000 0.340625 0.197917 0.334375 0.197917 0.328125 0.193750 0.329688 0.189583 0.334375 0.183333 0.351562 0.168750 0.359375 0.162500 0.364063 0.162500
6 0.545312 0.658333 0.545312 0.662500 0.550000 0.672917 0.560937 0.693750 0.575000 0.718750 0.579688 0.725000 0.581250 0.725000 0.585938 0.731250 0.587500 0.735417 0.578125 0.747917 0.573438 0.752083 0.568750 0.756250 0.554688 0.766667 0.551562 0.768750 0.548438 0.770833 0.535937 0.770833 0.534375 0.772917 0.531250 0.772917 0.531250 0.787500 0.529687 0.791667 0.525000 0.793750 0.520312 0.787500 0.515625 0.779167 0.507812 0.758333 0.507812 0.754167 0.506250 0.750000 0.501563 0.743750 0.500000 0.737500 0.485938 0.710417 0.481250 0.704167 0.478125 0.695833 0.475000 0.689583 0.471875 0.685417 0.470313 0.685417 0.468750 0.679167 0.467187 0.677083 0.465625 0.672917 0.462500 0.675000 0.460938 0.677083 0.460938 0.679167 0.457813 0.683333 0.453125 0.693750 0.443750 0.716667 0.437500 0.733333 0.437500 0.737500 0.442188 0.743750 0.450000 0.750000 0.457813 0.756250 0.468750 0.764583 0.482812 0.772917 0.493750 0.783333 0.510938 0.793750 0.521875 0.802083 0.537500 0.816667 0.556250 0.829167 0.582812 0.850000 0.598437 0.862500 0.606250 0.868750 0.629687 0.889583 0.637500 0.895833 0.648438 0.904167 0.657813 0.910417 0.660937 0.910417 0.670312 0.916667 0.682813 0.931250 0.689063 0.935417 0.695312 0.937500 0.698438 0.939583 0.703125 0.945833 0.717187 0.956250 0.720313 0.958333 0.723437 0.958333 0.726562 0.954167 0.731250 0.943750 0.731250 0.939583 0.740625 0.918750 0.751563 0.887500 0.753125 0.877083 0.767188 0.835417 0.776563 0.814583 0.778125 0.808333 0.779687 0.802083 0.781250 0.791667 0.781250 0.770833 0.784375 0.754167 0.784375 0.750000 0.782813 0.745833 0.779687 0.743750 0.775000 0.743750 0.764062 0.737500 0.742188 0.731250 0.720313 0.720833 0.709375 0.716667 0.648438 0.695833 0.576562 0.668750 0.571875 0.664583 0.560937 0.660417 0.554688 0.658333 0.548438 0.656250 0.545312 0.658333
6 0.579688 0.393750 0.575000 0.402083 0.571875 0.408333 0.565625 0.422917 0.559375 0.437500 0.551562 0.460417 0.543750 0.479167 0.535937 0.493750 0.528125 0.512500 0.521875 0.531250 0.512500 0.550000 0.503125 0.575000 0.503125 0.581250 0.504687 0.585417 0.506250 0.589583 0.509375 0.595833 0.515625 0.604167 0.517188 0.610417 0.521875 0.618750 0.528125 0.629167 0.532813 0.625000 0.534375 0.618750 0.537500 0.606250 0.539062 0.591667 0.543750 0.577083 0.550000 0.545833 0.553125 0.522917 0.557813 0.500000 0.564063 0.479167 0.571875 0.441667 0.573438 0.433333 0.575000 0.416667 0.578125 0.408333 0.578125 0.402083 0.579688 0.400000 0.579688 0.393750
1 0.617188 0.462500 0.615625 0.466667 0.614062 0.470833 0.612500 0.481250 0.610938 0.485417 0.609375 0.489583 0.601562 0.497917 0.598437 0.504167 0.592187 0.520833 0.589063 0.527083 0.584375 0.533333 0.581250 0.539583 0.579688 0.545833 0.575000 0.552083 0.571875 0.558333 0.570312 0.562500 0.571875 0.568750 0.579688 0.575000 0.584375 0.577083 0.601562 0.577083 0.606250 0.583333 0.609375 0.585417 0.620313 0.587500 0.626563 0.591667 0.635938 0.597917 0.640625 0.604167 0.657813 0.616667 0.679688 0.637500 0.693750 0.645833 0.712500 0.660417 0.725000 0.670833 0.734375 0.679167 0.748437 0.691667 0.757812 0.702083 0.759375 0.702083 0.760938 0.704167 0.762500 0.710417 0.765625 0.714583 0.767188 0.718750 0.767188 0.722917 0.768750 0.727083 0.771875 0.731250 0.779687 0.731250 0.782813 0.727083 0.785937 0.718750 0.792188 0.710417 0.796875 0.702083 0.800000 0.693750 0.809375 0.664583 0.810937 0.660417 0.815625 0.650000 0.821875 0.637500 0.829688 0.625000 0.829688 0.616667 0.826562 0.614583 0.820312 0.610417 0.801562 0.610417 0.796875 0.608333 0.776563 0.593750 0.768750 0.587500 0.751563 0.570833 0.718750 0.543750 0.704688 0.535417 0.693750 0.527083 0.685937 0.518750 0.678125 0.514583 0.653125 0.493750 0.648438 0.489583 0.642188 0.481250 0.642188 0.477083 0.639062 0.472917 0.631250 0.466667 0.621875 0.460417 0.617188 0.462500
1 0.437500 0.462500 0.434375 0.464583 0.426563 0.470833 0.409375 0.487500 0.381250 0.510417 0.376563 0.512500 0.375000 0.518750 0.376563 0.522917 0.379688 0.527083 0.385937 0.531250 0.395313 0.537500 0.404687 0.541667 0.404687 0.543750 0.407813 0.547917 0.421875 0.579167 0.425000 0.589583 0.428125 0.595833 0.431250 0.602083 0.435937 0.610417 0.442188 0.618750 0.446875 0.627083 0.451562 0.635417 0.453125 0.641667 0.465625 0.662500 0.467187 0.668750 0.471875 0.675000 0.476562 0.689583 0.485938 0.704167 0.500000 0.731250 0.503125 0.737500 0.506250 0.743750 0.510938 0.754167 0.518750 0.777083 0.521875 0.783333 0.528125 0.789583 0.526563 0.777083 0.526563 0.772917 0.531250 0.766667 0.545312 0.766667 0.548438 0.766667 0.557813 0.760417 0.571875 0.750000 0.578125 0.743750 0.584375 0.735417 0.582812 0.731250 0.581250 0.729167 0.573438 0.720833 0.568750 0.712500 0.565625 0.704167 0.554688 0.687500 0.546875 0.672917 0.535937 0.652083 0.523438 0.625000 0.507812 0.597917 0.504687 0.591667 0.500000 0.579167 0.493750 0.570833 0.476562 0.537500 0.473438 0.531250 0.470313 0.525000 0.468750 0.518750 0.465625 0.512500 0.460938 0.506250 0.459375 0.500000 0.451562 0.487500 0.448437 0.481250 0.446875 0.475000 0.446875 0.466667 0.445312 0.462500 0.437500 0.462500
1 0.387500 0.641667 0.379688 0.643750 0.371875 0.645833 0.365625 0.647917 0.359375 0.650000 0.354687 0.652083 0.346875 0.656250 0.332813 0.664583 0.320312 0.672917 0.320312 0.681250 0.323437 0.695833 0.325000 0.702083 0.328125 0.712500 0.332813 0.725000 0.345313 0.752083 0.348438 0.760417 0.353125 0.777083 0.357812 0.785417 0.359375 0.789583 0.365625 0.814583 0.371875 0.831250 0.378125 0.841667 0.398438 0.891667 0.403125 0.902083 0.409375 0.912500 0.412500 0.922917 0.418750 0.933333 0.420312 0.937500 0.420312 0.941667 0.421875 0.945833 0.425000 0.952083 0.431250 0.960417 0.440625 0.966667 0.448437 0.966667 0.454688 0.964583 0.459375 0.962500 0.462500 0.960417 0.471875 0.952083 0.485938 0.939583 0.501563 0.925000 0.506250 0.918750 0.506250 0.912500 0.504687 0.908333 0.495312 0.893750 0.492188 0.889583 0.487500 0.885417 0.484375 0.883333 0.481250 0.881250 0.470313 0.879167 0.465625 0.872917 0.464062 0.868750 0.462500 0.864583 0.459375 0.850000 0.453125 0.833333 0.435937 0.787500 0.417187 0.739583 0.406250 0.714583 0.400000 0.704167 0.398438 0.700000 0.396875 0.695833 0.395313 0.689583 0.395313 0.677083 0.392188 0.666667 0.393750 0.652083 0.393750 0.647917 0.392188 0.643750 0.387500 0.641667
12 0.378125 0.308333 0.371875 0.310417 0.359375 0.318750 0.353125 0.325000 0.348438 0.331250 0.345313 0.337500 0.342187 0.343750 0.340625 0.347917 0.339062 0.354167 0.337500 0.360417 0.335938 0.368750 0.335938 0.389583 0.337500 0.397917 0.340625 0.408333 0.342187 0.412500 0.343750 0.416667 0.346875 0.422917 0.356250 0.435417 0.360938 0.439583 0.365625 0.443750 0.368750 0.445833 0.379688 0.450000 0.400000 0.450000 0.404687 0.447917 0.409375 0.445833 0.412500 0.443750 0.415625 0.441667 0.420312 0.437500 0.426563 0.431250 0.431250 0.425000 0.434375 0.418750 0.439063 0.408333 0.440625 0.402083 0.442188 0.395833 0.442188 0.385417 0.443750 0.383333 0.443750 0.375000 0.442188 0.372917 0.442188 0.362500 0.440625 0.356250 0.439063 0.350000 0.437500 0.345833 0.435937 0.341667 0.431250 0.333333 0.423438 0.322917 0.418750 0.318750 0.406250 0.310417 0.400000 0.308333 0.378125 0.308333
