0 0.345313 0.466667 0.340625 0.468750 0.335938 0.472917 0.329688 0.481250 0.323437 0.485417 0.315625 0.493750 0.295312 0.518750 0.285938 0.529167 0.279687 0.535417 0.273438 0.541667 0.268750 0.545833 0.260937 0.550000 0.245312 0.568750 0.237500 0.579167 0.237500 0.587500 0.239063 0.591667 0.242188 0.595833 0.243750 0.600000 0.243750 0.604167 0.245312 0.608333 0.273438 0.643750 0.279687 0.652083 0.289062 0.666667 0.300000 0.685417 0.317188 0.710417 0.326562 0.722917 0.328125 0.722917 0.335938 0.733333 0.335938 0.735417 0.343750 0.743750 0.346875 0.747917 0.353125 0.758333 0.359375 0.758333 0.362500 0.758333 0.367188 0.754167 0.373437 0.747917 0.381250 0.739583 0.400000 0.714583 0.414062 0.700000 0.428125 0.681250 0.442188 0.668750 0.450000 0.658333 0.456250 0.652083 0.457813 0.652083 0.460938 0.647917 0.460938 0.643750 0.462500 0.639583 0.459375 0.633333 0.457813 0.627083 0.453125 0.620833 0.451562 0.614583 0.448437 0.610417 0.439063 0.602083 0.426563 0.585417 0.421875 0.575000 0.412500 0.564583 0.407813 0.554167 0.393750 0.535417 0.385937 0.522917 0.385937 0.518750 0.381250 0.510417 0.376563 0.504167 0.373437 0.495833 0.370312 0.491667 0.362500 0.483333 0.360938 0.481250 0.354687 0.468750 0.345313 0.466667
0 0.831250 0.158333 0.818750 0.160417 0.814063 0.162500 0.809375 0.164583 0.803125 0.170833 0.800000 0.170833 0.796875 0.172917 0.792188 0.177083 0.787500 0.181250 0.768750 0.206250 0.765625 0.212500 0.760938 0.225000 0.759375 0.231250 0.757812 0.237500 0.756250 0.247917 0.756250 0.283333 0.759375 0.297917 0.760938 0.302083 0.762500 0.306250 0.767188 0.316667 0.771875 0.325000 0.781250 0.337500 0.785937 0.341667 0.795312 0.347917 0.800000 0.350000 0.806250 0.352083 0.815625 0.354167 0.834375 0.354167 0.842187 0.352083 0.850000 0.350000 0.856250 0.345833 0.865625 0.339583 0.870313 0.335417 0.876563 0.329167 0.892188 0.308333 0.895312 0.302083 0.898438 0.295833 0.900000 0.291667 0.901563 0.287500 0.903125 0.281250 0.904687 0.270833 0.904687 0.231250 0.903125 0.222917 0.901563 0.216667 0.896875 0.204167 0.893750 0.197917 0.884375 0.183333 0.878125 0.177083 0.867188 0.168750 0.864062 0.166667 0.860938 0.164583 0.856250 0.162500 0.851562 0.160417 0.835938 0.158333 0.831250 0.158333
0 0.220312 0.637500 0.215625 0.639583 0.206250 0.645833 0.190625 0.645833 0.179688 0.647917 0.173437 0.650000 0.162500 0.656250 0.154688 0.662500 0.140625 0.681250 0.135937 0.685417 0.131250 0.689583 0.123438 0.693750 0.117188 0.700000 0.112500 0.706250 0.109375 0.712500 0.107813 0.716667 0.109375 0.741667 0.109375 0.745833 0.106250 0.756250 0.106250 0.760417 0.107813 0.772917 0.115625 0.783333 0.123438 0.791667 0.129688 0.797917 0.134375 0.802083 0.135937 0.802083 0.137500 0.806250 0.142187 0.808333 0.143750 0.812500 0.148438 0.814583 0.154688 0.822917 0.165625 0.833333 0.170313 0.837500 0.173437 0.837500 0.179688 0.843750 0.190625 0.858333 0.196875 0.864583 0.203125 0.868750 0.209375 0.877083 0.214062 0.879167 0.221875 0.889583 0.228125 0.895833 0.232813 0.897917 0.239063 0.906250 0.242188 0.908333 0.250000 0.908333 0.257812 0.906250 0.260937 0.904167 0.262500 0.900000 0.264062 0.900000 0.268750 0.895833 0.282813 0.877083 0.284375 0.868750 0.285938 0.864583 0.289062 0.858333 0.295312 0.850000 0.301563 0.845833 0.307812 0.837500 0.312500 0.829167 0.317188 0.816667 0.317188 0.779167 0.315625 0.770833 0.314063 0.762500 0.312500 0.756250 0.306250 0.747917 0.304688 0.743750 0.303125 0.739583 0.303125 0.735417 0.301563 0.731250 0.298438 0.725000 0.295312 0.718750 0.285938 0.708333 0.281250 0.700000 0.279687 0.697917 0.273438 0.691667 0.270313 0.689583 0.260937 0.691667 0.257812 0.691667 0.254688 0.689583 0.240625 0.670833 0.237500 0.668750 0.234375 0.668750 0.231250 0.666667 0.223438 0.656250 0.223438 0.652083 0.226562 0.645833 0.226562 0.641667 0.225000 0.637500 0.220312 0.637500
0 0.542188 0.341667 0.517188 0.343750 0.510938 0.345833 0.498437 0.352083 0.485938 0.354167 0.479687 0.356250 0.475000 0.358333 0.462500 0.366667 0.457813 0.370833 0.450000 0.381250 0.448437 0.385417 0.446875 0.389583 0.446875 0.402083 0.448437 0.408333 0.451562 0.414583 0.457813 0.422917 0.468750 0.435417 0.473438 0.445833 0.481250 0.456250 0.489063 0.460417 0.496875 0.462500 0.500000 0.464583 0.515625 0.485417 0.525000 0.491667 0.542188 0.497917 0.550000 0.497917 0.571875 0.506250 0.589063 0.506250 0.593750 0.504167 0.596875 0.502083 0.600000 0.497917 0.604688 0.495833 0.615625 0.491667 0.635938 0.489583 0.640625 0.487500 0.653125 0.477083 0.657813 0.475000 0.662500 0.475000 0.667188 0.472917 0.679688 0.464583 0.682813 0.460417 0.684375 0.454167 0.684375 0.445833 0.682813 0.439583 0.678125 0.427083 0.671875 0.416667 0.659375 0.400000 0.653125 0.393750 0.645312 0.385417 0.637500 0.379167 0.629687 0.372917 0.623437 0.368750 0.614062 0.364583 0.610938 0.360417 0.592187 0.350000 0.578125 0.343750 0.570312 0.341667 0.542188 0.341667
0 0.612500 0.591667 0.609375 0.593750 0.606250 0.597917 0.601562 0.600000 0.590625 0.600000 0.587500 0.602083 0.584375 0.604167 0.578125 0.612500 0.575000 0.614583 0.571875 0.614583 0.568750 0.618750 0.567187 0.618750 0.565625 0.625000 0.562500 0.629167 0.556250 0.631250 0.550000 0.631250 0.545312 0.637500 0.543750 0.647917 0.540625 0.656250 0.539062 0.662500 0.531250 0.672917 0.531250 0.706250 0.528125 0.712500 0.528125 0.720833 0.529687 0.725000 0.532813 0.729167 0.535937 0.739583 0.537500 0.745833 0.537500 0.754167 0.546875 0.768750 0.545312 0.777083 0.546875 0.781250 0.550000 0.785417 0.553125 0.787500 0.559375 0.787500 0.567187 0.797917 0.567187 0.802083 0.568750 0.806250 0.570312 0.808333 0.573438 0.810417 0.576562 0.812500 0.581250 0.812500 0.582812 0.810417 0.587500 0.810417 0.593750 0.818750 0.607812 0.820833 0.618750 0.820833 0.623437 0.825000 0.626563 0.825000 0.629687 0.822917 0.632812 0.818750 0.634375 0.814583 0.635938 0.804167 0.640625 0.797917 0.642188 0.797917 0.648438 0.789583 0.656250 0.783333 0.660937 0.783333 0.668750 0.785417 0.673438 0.783333 0.678125 0.781250 0.684375 0.777083 0.687500 0.770833 0.687500 0.762500 0.693750 0.756250 0.696875 0.750000 0.696875 0.735417 0.695312 0.733333 0.693750 0.714583 0.698438 0.704167 0.698438 0.697917 0.696875 0.693750 0.690625 0.683333 0.690625 0.679167 0.692187 0.666667 0.689063 0.660417 0.689063 0.647917 0.685937 0.641667 0.682813 0.639583 0.675000 0.637500 0.671875 0.633333 0.668750 0.627083 0.667188 0.618750 0.665625 0.618750 0.662500 0.614583 0.657813 0.612500 0.653125 0.610417 0.646875 0.610417 0.642188 0.608333 0.635938 0.600000 0.631250 0.600000 0.628125 0.597917 0.625000 0.593750 0.621875 0.591667 0.612500 0.591667
0 0.246875 0.089583 0.240625 0.091667 0.235937 0.093750 0.228125 0.097917 0.225000 0.100000 0.221875 0.102083 0.206250 0.120833 0.204687 0.125000 0.193750 0.122917 0.189062 0.125000 0.184375 0.127083 0.173437 0.133333 0.168750 0.137500 0.164062 0.141667 0.159375 0.147917 0.157812 0.152083 0.154688 0.158333 0.153125 0.162500 0.151562 0.166667 0.151562 0.172917 0.146875 0.185417 0.142187 0.191667 0.140625 0.195833 0.139063 0.202083 0.137500 0.210417 0.137500 0.239583 0.139063 0.245833 0.142187 0.256250 0.146875 0.268750 0.151562 0.279167 0.157812 0.287500 0.157812 0.289583 0.162500 0.295833 0.168750 0.302083 0.173437 0.306250 0.178125 0.310417 0.187500 0.316667 0.195312 0.320833 0.200000 0.322917 0.206250 0.325000 0.231250 0.325000 0.240625 0.322917 0.246875 0.320833 0.250000 0.318750 0.253125 0.316667 0.260937 0.310417 0.265625 0.306250 0.271875 0.297917 0.276562 0.289583 0.281250 0.277083 0.282813 0.268750 0.282813 0.245833 0.287500 0.229167 0.289062 0.216667 0.289062 0.212500 0.287500 0.193750 0.282813 0.175000 0.278125 0.162500 0.271875 0.154167 0.271875 0.152083 0.267188 0.145833 0.257812 0.135417 0.253125 0.133333 0.251563 0.125000 0.253125 0.122917 0.254688 0.112500 0.254688 0.095833 0.253125 0.091667 0.246875 0.089583
8 0.665625 0.106250 0.651563 0.108333 0.646875 0.112500 0.642188 0.112500 0.634375 0.118750 0.628125 0.125000 0.618750 0.137500 0.614062 0.145833 0.609375 0.156250 0.607812 0.162500 0.604688 0.183333 0.601562 0.189583 0.600000 0.202083 0.595313 0.214583 0.595313 0.220833 0.592187 0.227083 0.592187 0.233333 0.589063 0.237500 0.587500 0.241667 0.587500 0.268750 0.589063 0.275000 0.590625 0.281250 0.595313 0.289583 0.598437 0.295833 0.603125 0.302083 0.607812 0.306250 0.612500 0.310417 0.617188 0.312500 0.621875 0.314583 0.631250 0.316667 0.643750 0.316667 0.651563 0.314583 0.656250 0.312500 0.665625 0.306250 0.676562 0.293750 0.687500 0.279167 0.700000 0.264583 0.707812 0.258333 0.709375 0.256250 0.717187 0.243750 0.720313 0.237500 0.723437 0.231250 0.725000 0.227083 0.729688 0.210417 0.731250 0.197917 0.731250 0.170833 0.729688 0.160417 0.726562 0.152083 0.720313 0.135417 0.710938 0.122917 0.706250 0.118750 0.701562 0.114583 0.698438 0.112500 0.695312 0.110417 0.690625 0.108333 0.675000 0.106250 0.671875 0.106250 0.670312 0.108333 0.665625 0.106250
5 0.757812 0.460417 0.756250 0.472917 0.756250 0.593750 0.757812 0.641667 0.759375 0.681250 0.762500 0.714583 0.764062 0.760417 0.764062 0.802083 0.765625 0.841667 0.767188 0.860417 0.768750 0.864583 0.770312 0.868750 0.775000 0.875000 0.778125 0.877083 0.781250 0.877083 0.785937 0.870833 0.787500 0.862500 0.787500 0.850000 0.785937 0.822917 0.782813 0.800000 0.781250 0.775000 0.779687 0.750000 0.778125 0.722917 0.776563 0.691667 0.775000 0.654167 0.775000 0.637500 0.776563 0.629167 0.778125 0.622917 0.789062 0.595833 0.790625 0.589583 0.792188 0.581250 0.792188 0.572917 0.790625 0.558333 0.789062 0.543750 0.785937 0.525000 0.779687 0.500000 0.776563 0.489583 0.770312 0.472917 0.764062 0.458333 0.757812 0.460417
16 0.235937 0.327083 0.228125 0.329167 0.220312 0.331250 0.210938 0.341667 0.200000 0.347917 0.195312 0.352083 0.178125 0.370833 0.162500 0.383333 0.154688 0.393750 0.148438 0.400000 0.139063 0.406250 0.128125 0.420833 0.121875 0.425000 0.115625 0.433333 0.114062 0.433333 0.109375 0.439583 0.107813 0.445833 0.103125 0.452083 0.101562 0.452083 0.093750 0.462500 0.087500 0.470833 0.085938 0.475000 0.084375 0.479167 0.084375 0.489583 0.085938 0.495833 0.087500 0.500000 0.096875 0.512500 0.100000 0.518750 0.101562 0.525000 0.106250 0.531250 0.107813 0.537500 0.110937 0.543750 0.114062 0.547917 0.123438 0.558333 0.134375 0.566667 0.140625 0.572917 0.148438 0.583333 0.151562 0.583333 0.154688 0.581250 0.157812 0.579167 0.165625 0.570833 0.173437 0.566667 0.179688 0.560417 0.187500 0.550000 0.193750 0.543750 0.201563 0.535417 0.206250 0.533333 0.210938 0.529167 0.220312 0.518750 0.225000 0.512500 0.229687 0.504167 0.234375 0.493750 0.243750 0.479167 0.250000 0.470833 0.251563 0.470833 0.259375 0.460417 0.267188 0.452083 0.275000 0.445833 0.289062 0.435417 0.293750 0.433333 0.296875 0.431250 0.300000 0.418750 0.298438 0.402083 0.295312 0.393750 0.289062 0.377083 0.285938 0.370833 0.282813 0.364583 0.278125 0.356250 0.270313 0.350000 0.267188 0.350000 0.262500 0.345833 0.251563 0.333333 0.242188 0.327083 0.235937 0.327083
3 0.809375 0.464583 0.806250 0.468750 0.804688 0.472917 0.803125 0.477083 0.798438 0.491667 0.795312 0.506250 0.793750 0.516667 0.793750 0.543750 0.795312 0.552083 0.801562 0.572917 0.804688 0.587500 0.806250 0.595833 0.807813 0.608333 0.809375 0.631250 0.809375 0.639583 0.809375 0.654167 0.807813 0.758333 0.804688 0.827083 0.804688 0.847917 0.806250 0.856250 0.807813 0.862500 0.809375 0.866667 0.812500 0.870833 0.815625 0.872917 0.818750 0.872917 0.821875 0.868750 0.823438 0.862500 0.823438 0.620833 0.825000 0.604167 0.826562 0.595833 0.828125 0.587500 0.829688 0.581250 0.831250 0.575000 0.834375 0.568750 0.835938 0.562500 0.837500 0.556250 0.839063 0.547917 0.840625 0.537500 0.842187 0.516667 0.842187 0.470833 0.840625 0.464583 0.839063 0.468750 0.837500 0.470833 0.835938 0.477083 0.834375 0.483333 0.832812 0.491667 0.829688 0.483333 0.828125 0.464583 0.826562 0.468750 0.823438 0.477083 0.821875 0.485417 0.817187 0.464583 0.817187 0.468750 0.815625 0.470833 0.810937 0.479167 0.809375 0.464583
