6 0.240625 0.454167 0.243750 0.456250 0.248438 0.458333 0.253125 0.462500 0.262500 0.475000 0.264062 0.479167 0.267188 0.489583 0.267188 0.527083 0.262500 0.545833 0.260937 0.550000 0.253125 0.560417 0.248438 0.564583 0.243750 0.568750 0.234375 0.575000 0.228125 0.575000 0.225000 0.577083 0.221875 0.581250 0.214062 0.585417 0.207813 0.585417 0.201563 0.589583 0.195312 0.591667 0.184375 0.593750 0.171875 0.593750 0.164062 0.597917 0.150000 0.597917 0.150000 0.612500 0.148438 0.614583 0.148438 0.679167 0.146875 0.729167 0.143750 0.766667 0.145313 0.827083 0.156250 0.829167 0.214062 0.831250 0.296875 0.833333 0.384375 0.835417 0.417187 0.835417 0.420312 0.831250 0.421875 0.797917 0.423438 0.706250 0.423438 0.629167 0.418750 0.631250 0.415625 0.637500 0.414062 0.643750 0.409375 0.650000 0.406250 0.656250 0.401562 0.664583 0.398438 0.672917 0.385937 0.695833 0.381250 0.704167 0.375000 0.712500 0.370312 0.720833 0.353125 0.752083 0.348438 0.760417 0.346875 0.766667 0.342187 0.772917 0.340625 0.779167 0.329688 0.793750 0.323437 0.793750 0.318750 0.789583 0.307812 0.779167 0.281250 0.754167 0.275000 0.745833 0.257812 0.731250 0.248438 0.718750 0.248438 0.710417 0.250000 0.706250 0.259375 0.687500 0.265625 0.677083 0.273438 0.666667 0.281250 0.652083 0.290625 0.635417 0.306250 0.604167 0.317188 0.587500 0.321875 0.575000 0.325000 0.568750 0.337500 0.550000 0.339062 0.543750 0.345313 0.535417 0.351562 0.520833 0.360938 0.508333 0.365625 0.504167 0.368750 0.504167 0.373437 0.500000 0.378125 0.491667 0.379688 0.489583 0.382812 0.487500 0.389062 0.483333 0.395313 0.481250 0.398438 0.479167 0.406250 0.468750 0.407813 0.458333 0.400000 0.456250 0.343750 0.454167 0.290625 0.454167 0.289062 0.452083 0.240625 0.454167
2 0.629687 0.445833 0.628125 0.452083 0.628125 0.460417 0.626563 0.466667 0.621875 0.479167 0.620313 0.489583 0.620313 0.500000 0.623437 0.502083 0.634375 0.508333 0.650000 0.514583 0.660937 0.516667 0.681250 0.527083 0.692187 0.529167 0.701562 0.533333 0.706250 0.535417 0.720313 0.543750 0.731250 0.547917 0.737500 0.545833 0.739062 0.539583 0.742188 0.527083 0.745313 0.508333 0.748437 0.502083 0.750000 0.495833 0.750000 0.487500 0.746875 0.485417 0.742188 0.483333 0.729688 0.479167 0.701562 0.462500 0.682813 0.454167 0.656250 0.443750 0.629687 0.445833
21 0.821875 0.772917 0.818750 0.775000 0.812500 0.781250 0.807813 0.787500 0.800000 0.800000 0.796875 0.806250 0.795312 0.812500 0.792188 0.816667 0.792188 0.818750 0.790625 0.820833 0.787500 0.822917 0.781250 0.835417 0.778125 0.839583 0.771875 0.843750 0.753125 0.868750 0.748437 0.877083 0.746875 0.881250 0.746875 0.902083 0.748437 0.906250 0.750000 0.910417 0.759375 0.929167 0.765625 0.939583 0.771875 0.945833 0.775000 0.947917 0.781250 0.950000 0.792188 0.950000 0.796875 0.947917 0.800000 0.945833 0.806250 0.939583 0.818750 0.922917 0.823438 0.912500 0.825000 0.910417 0.829688 0.908333 0.845313 0.887500 0.850000 0.879167 0.851562 0.872917 0.854688 0.868750 0.857812 0.866667 0.865625 0.854167 0.870313 0.845833 0.875000 0.831250 0.875000 0.816667 0.873437 0.810417 0.871875 0.806250 0.870313 0.802083 0.860938 0.789583 0.856250 0.785417 0.848437 0.779167 0.840625 0.775000 0.835938 0.772917 0.821875 0.772917
19 0.148438 0.433333 0.142187 0.435417 0.137500 0.437500 0.132812 0.439583 0.129688 0.441667 0.121875 0.447917 0.106250 0.468750 0.106250 0.472917 0.098437 0.487500 0.096875 0.493750 0.095312 0.500000 0.095312 0.508333 0.093750 0.510417 0.093750 0.516667 0.096875 0.520833 0.098437 0.535417 0.103125 0.547917 0.107813 0.558333 0.110937 0.564583 0.117188 0.572917 0.125000 0.581250 0.128125 0.583333 0.135937 0.585417 0.142187 0.591667 0.145313 0.593750 0.179688 0.593750 0.196875 0.589583 0.204687 0.587500 0.215625 0.579167 0.220312 0.577083 0.225000 0.577083 0.229687 0.575000 0.235937 0.570833 0.245312 0.564583 0.254688 0.556250 0.260937 0.547917 0.262500 0.543750 0.264062 0.539583 0.265625 0.529167 0.264062 0.516667 0.267188 0.506250 0.265625 0.497917 0.262500 0.489583 0.262500 0.479167 0.251563 0.464583 0.246875 0.460417 0.234375 0.450000 0.229687 0.447917 0.223438 0.445833 0.217188 0.443750 0.189062 0.443750 0.173437 0.435417 0.167187 0.433333 0.148438 0.433333
16 0.667188 0.593750 0.662500 0.595833 0.659375 0.597917 0.656250 0.600000 0.650000 0.606250 0.642188 0.614583 0.640625 0.618750 0.639062 0.620833 0.637500 0.620833 0.634375 0.625000 0.629687 0.627083 0.625000 0.631250 0.620313 0.637500 0.615625 0.641667 0.610938 0.643750 0.606250 0.647917 0.603125 0.652083 0.601562 0.656250 0.600000 0.662500 0.600000 0.670833 0.601562 0.675000 0.609375 0.687500 0.610938 0.691667 0.610938 0.695833 0.614062 0.700000 0.614062 0.704167 0.618750 0.714583 0.621875 0.720833 0.626563 0.729167 0.643750 0.752083 0.650000 0.762500 0.656250 0.772917 0.667188 0.795833 0.671875 0.804167 0.673438 0.808333 0.673438 0.812500 0.684375 0.833333 0.684375 0.837500 0.689063 0.845833 0.700000 0.866667 0.709375 0.879167 0.714063 0.879167 0.720313 0.875000 0.728125 0.885417 0.731250 0.885417 0.734375 0.881250 0.742188 0.868750 0.750000 0.866667 0.771875 0.839583 0.779687 0.827083 0.785937 0.820833 0.787500 0.818750 0.793750 0.808333 0.793750 0.802083 0.792188 0.797917 0.782813 0.783333 0.781250 0.777083 0.775000 0.766667 0.770312 0.760417 0.764062 0.750000 0.759375 0.737500 0.756250 0.731250 0.743750 0.710417 0.742188 0.704167 0.729688 0.681250 0.723437 0.672917 0.720313 0.664583 0.715625 0.656250 0.695312 0.620833 0.689063 0.610417 0.675000 0.591667 0.667188 0.593750
22 0.456250 0.322917 0.450000 0.329167 0.443750 0.339583 0.439063 0.341667 0.439063 0.360417 0.442188 0.364583 0.445312 0.366667 0.448437 0.366667 0.451562 0.368750 0.457813 0.377083 0.462500 0.379167 0.473438 0.379167 0.481250 0.375000 0.481250 0.372917 0.484375 0.368750 0.484375 0.352083 0.482812 0.345833 0.478125 0.337500 0.478125 0.335417 0.476562 0.331250 0.475000 0.329167 0.473438 0.329167 0.470313 0.325000 0.465625 0.322917 0.456250 0.322917
21 0.796875 0.200000 0.790625 0.202083 0.787500 0.204167 0.779687 0.212500 0.776563 0.216667 0.773438 0.222917 0.771875 0.229167 0.771875 0.239583 0.773438 0.245833 0.775000 0.250000 0.784375 0.262500 0.790625 0.266667 0.800000 0.272917 0.810937 0.277083 0.817187 0.279167 0.831250 0.283333 0.846875 0.285417 0.857812 0.285417 0.870313 0.283333 0.875000 0.281250 0.878125 0.279167 0.881250 0.277083 0.890625 0.264583 0.892188 0.260417 0.893750 0.250000 0.892188 0.239583 0.889062 0.233333 0.884375 0.227083 0.882812 0.227083 0.876563 0.218750 0.873437 0.216667 0.867188 0.214583 0.853125 0.212500 0.840625 0.206250 0.834375 0.204167 0.814063 0.200000 0.796875 0.200000
20 0.832812 0.343750 0.829688 0.345833 0.828125 0.347917 0.826562 0.352083 0.825000 0.356250 0.823438 0.370833 0.820312 0.400000 0.818750 0.433333 0.815625 0.464583 0.814063 0.479167 0.810937 0.489583 0.809375 0.502083 0.806250 0.529167 0.804688 0.556250 0.803125 0.568750 0.801562 0.581250 0.795312 0.614583 0.793750 0.627083 0.793750 0.645833 0.789062 0.672917 0.787500 0.687500 0.785937 0.702083 0.785937 0.710417 0.789062 0.718750 0.793750 0.720833 0.798438 0.725000 0.804688 0.727083 0.821875 0.729167 0.826562 0.731250 0.831250 0.735417 0.835938 0.737500 0.846875 0.741667 0.853125 0.743750 0.860938 0.745833 0.870313 0.747917 0.884375 0.747917 0.893750 0.750000 0.903125 0.754167 0.917188 0.756250 0.925000 0.754167 0.928125 0.752083 0.931250 0.743750 0.932813 0.733333 0.934375 0.718750 0.935937 0.704167 0.935937 0.685417 0.937500 0.668750 0.940625 0.654167 0.942187 0.622917 0.943750 0.608333 0.950000 0.566667 0.950000 0.552083 0.951562 0.537500 0.953125 0.525000 0.959375 0.477083 0.965625 0.433333 0.970313 0.412500 0.973437 0.389583 0.973437 0.370833 0.970313 0.366667 0.967187 0.364583 0.962500 0.362500 0.953125 0.360417 0.926562 0.358333 0.918750 0.356250 0.910937 0.352083 0.900000 0.350000 0.885938 0.350000 0.871875 0.345833 0.850000 0.343750 0.832812 0.343750
23 0.292187 0.285417 0.285938 0.287500 0.281250 0.289583 0.275000 0.295833 0.259375 0.304167 0.254688 0.304167 0.254688 0.314583 0.257812 0.316667 0.265625 0.318750 0.270313 0.322917 0.275000 0.325000 0.281250 0.327083 0.287500 0.329167 0.298438 0.329167 0.303125 0.331250 0.306250 0.333333 0.309375 0.331250 0.314063 0.327083 0.314063 0.312500 0.312500 0.308333 0.309375 0.302083 0.301563 0.289583 0.298438 0.285417 0.292187 0.285417
23 0.460938 0.233333 0.454688 0.237500 0.451562 0.241667 0.450000 0.247917 0.448437 0.256250 0.448437 0.266667 0.450000 0.272917 0.451562 0.277083 0.453125 0.281250 0.462500 0.293750 0.465625 0.295833 0.470313 0.297917 0.475000 0.297917 0.481250 0.293750 0.484375 0.287500 0.485938 0.281250 0.485938 0.252083 0.481250 0.241667 0.475000 0.233333 0.460938 0.233333
16 0.423438 0.441667 0.420312 0.445833 0.417187 0.452083 0.415625 0.458333 0.410938 0.464583 0.407813 0.475000 0.404687 0.479167 0.401562 0.481250 0.398438 0.483333 0.387500 0.487500 0.382812 0.491667 0.371875 0.506250 0.360938 0.512500 0.354687 0.520833 0.345313 0.541667 0.340625 0.550000 0.328125 0.568750 0.318750 0.589583 0.307812 0.606250 0.298438 0.627083 0.289062 0.643750 0.278125 0.660417 0.275000 0.668750 0.262500 0.687500 0.257812 0.695833 0.254688 0.702083 0.253125 0.706250 0.251563 0.710417 0.251563 0.718750 0.257812 0.727083 0.270313 0.737500 0.282813 0.752083 0.287500 0.756250 0.292187 0.758333 0.298438 0.764583 0.309375 0.777083 0.320312 0.787500 0.323437 0.789583 0.329688 0.789583 0.339062 0.777083 0.340625 0.770833 0.345313 0.764583 0.346875 0.758333 0.354687 0.743750 0.360938 0.735417 0.365625 0.727083 0.367188 0.720833 0.373437 0.710417 0.379688 0.702083 0.384375 0.693750 0.390625 0.679167 0.396875 0.670833 0.400000 0.660417 0.410938 0.643750 0.414062 0.637500 0.417187 0.631250 0.417187 0.627083 0.423438 0.618750 0.426563 0.612500 0.429688 0.602083 0.432812 0.595833 0.440625 0.585417 0.440625 0.577083 0.439063 0.562500 0.442188 0.547917 0.442188 0.514583 0.440625 0.508333 0.439063 0.504167 0.437500 0.500000 0.431250 0.491667 0.431250 0.481250 0.432812 0.477083 0.439063 0.466667 0.439063 0.460417 0.429688 0.450000 0.426563 0.443750 0.423438 0.441667
23 0.532813 0.850000 0.523438 0.852083 0.517188 0.860417 0.515625 0.866667 0.514062 0.889583 0.514062 0.914583 0.515625 0.918750 0.521875 0.927083 0.525000 0.929167 0.528125 0.931250 0.540625 0.931250 0.543750 0.929167 0.551562 0.918750 0.553125 0.914583 0.553125 0.891667 0.551562 0.875000 0.550000 0.868750 0.545312 0.858333 0.542188 0.854167 0.539062 0.852083 0.532813 0.850000
6 0.806250 0.402083 0.789062 0.406250 0.732812 0.422917 0.707812 0.427083 0.682813 0.433333 0.676562 0.435417 0.670312 0.437500 0.668750 0.439583 0.665625 0.439583 0.667188 0.443750 0.670312 0.445833 0.673438 0.447917 0.682813 0.452083 0.687500 0.454167 0.701562 0.458333 0.712500 0.464583 0.717187 0.468750 0.728125 0.475000 0.743750 0.479167 0.750000 0.483333 0.753125 0.487500 0.753125 0.491667 0.751563 0.493750 0.751563 0.500000 0.740625 0.543750 0.739062 0.547917 0.735938 0.552083 0.732812 0.552083 0.726562 0.547917 0.721875 0.547917 0.717187 0.545833 0.707812 0.539583 0.692187 0.533333 0.667188 0.522917 0.651563 0.518750 0.635938 0.512500 0.631250 0.510417 0.625000 0.506250 0.620313 0.504167 0.617188 0.500000 0.617188 0.491667 0.618750 0.483333 0.620313 0.475000 0.623437 0.466667 0.625000 0.458333 0.625000 0.450000 0.615625 0.450000 0.607812 0.452083 0.606250 0.454167 0.603125 0.454167 0.603125 0.477083 0.606250 0.516667 0.607812 0.572917 0.607812 0.591667 0.604688 0.595833 0.587500 0.597917 0.560937 0.602083 0.562500 0.614583 0.564063 0.627083 0.567187 0.650000 0.575000 0.691667 0.590625 0.797917 0.598437 0.864583 0.601562 0.875000 0.601562 0.883333 0.603125 0.885417 0.603125 0.889583 0.607812 0.891667 0.617188 0.889583 0.642188 0.881250 0.668750 0.877083 0.676562 0.875000 0.684375 0.872917 0.690625 0.870833 0.696875 0.866667 0.695312 0.862500 0.692187 0.856250 0.685937 0.847917 0.682813 0.841667 0.678125 0.827083 0.671875 0.816667 0.668750 0.806250 0.660937 0.789583 0.651563 0.770833 0.646875 0.762500 0.620313 0.725000 0.615625 0.714583 0.609375 0.700000 0.607812 0.691667 0.606250 0.687500 0.601562 0.681250 0.600000 0.677083 0.598437 0.672917 0.598437 0.656250 0.600000 0.652083 0.601562 0.647917 0.603125 0.645833 0.604688 0.645833 0.607812 0.641667 0.617188 0.635417 0.621875 0.631250 0.634375 0.616667 0.643750 0.610417 0.653125 0.597917 0.662500 0.591667 0.667188 0.589583 0.671875 0.587500 0.676562 0.587500 0.679688 0.589583 0.681250 0.591667 0.690625 0.606250 0.698438 0.620833 0.703125 0.631250 0.718750 0.656250 0.723437 0.664583 0.726562 0.672917 0.737500 0.689583 0.743750 0.704167 0.753125 0.718750 0.756250 0.725000 0.757812 0.731250 0.767188 0.745833 0.768750 0.752083 0.773438 0.760417 0.781250 0.770833 0.782813 0.777083 0.785937 0.783333 0.793750 0.793750 0.798438 0.793750 0.815625 0.770833 0.820312 0.768750 0.825000 0.766667 0.829688 0.766667 0.831250 0.768750 0.837500 0.768750 0.842187 0.770833 0.846875 0.772917 0.850000 0.775000 0.854688 0.779167 0.859375 0.783333 0.865625 0.789583 0.870313 0.795833 0.873437 0.802083 0.878125 0.814583 0.878125 0.825000 0.879687 0.829167 0.931250 0.829167 0.940625 0.825000 0.940625 0.814583 0.939063 0.812500 0.939063 0.800000 0.935937 0.777083 0.934375 0.768750 0.932813 0.762500 0.931250 0.758333 0.925000 0.758333 0.912500 0.760417 0.901563 0.758333 0.892188 0.754167 0.878125 0.754167 0.868750 0.752083 0.851562 0.747917 0.839063 0.743750 0.832812 0.741667 0.828125 0.737500 0.823438 0.735417 0.817187 0.733333 0.803125 0.731250 0.796875 0.729167 0.793750 0.727083 0.790625 0.725000 0.784375 0.716667 0.782813 0.710417 0.782813 0.702083 0.784375 0.687500 0.790625 0.641667 0.790625 0.622917 0.792188 0.608333 0.793750 0.595833 0.798438 0.579167 0.800000 0.568750 0.801562 0.556250 0.803125 0.541667 0.804688 0.512500 0.814063 0.445833 0.815625 0.431250 0.817187 0.414583 0.817187 0.406250 0.815625 0.402083 0.806250 0.402083
22 0.537500 0.714583 0.534375 0.716667 0.529687 0.722917 0.528125 0.727083 0.526563 0.735417 0.526563 0.758333 0.528125 0.766667 0.529687 0.770833 0.532813 0.777083 0.535937 0.779167 0.540625 0.781250 0.554688 0.783333 0.560937 0.783333 0.565625 0.777083 0.567187 0.772917 0.568750 0.768750 0.568750 0.760417 0.567187 0.756250 0.559375 0.743750 0.557813 0.737500 0.557813 0.731250 0.556250 0.727083 0.554688 0.722917 0.548438 0.714583 0.537500 0.714583
6 0.835938 0.097917 0.821875 0.102083 0.798438 0.102083 0.785937 0.104167 0.776563 0.108333 0.765625 0.108333 0.756250 0.112500 0.746875 0.112500 0.732812 0.118750 0.723437 0.120833 0.710938 0.122917 0.687500 0.122917 0.675000 0.125000 0.660937 0.127083 0.639062 0.133333 0.626563 0.133333 0.606250 0.137500 0.593750 0.139583 0.589063 0.143750 0.565625 0.143750 0.546875 0.150000 0.534375 0.150000 0.526563 0.154167 0.514062 0.154167 0.510938 0.158333 0.510938 0.175000 0.514062 0.185417 0.514062 0.208333 0.518750 0.237500 0.518750 0.256250 0.523438 0.300000 0.528125 0.327083 0.529687 0.341667 0.529687 0.362500 0.534375 0.387500 0.534375 0.404167 0.535937 0.420833 0.539062 0.431250 0.568750 0.431250 0.570312 0.429167 0.598437 0.429167 0.601562 0.433333 0.603125 0.437500 0.603125 0.445833 0.606250 0.447917 0.615625 0.447917 0.623437 0.445833 0.631250 0.439583 0.637500 0.437500 0.656250 0.437500 0.665625 0.435417 0.692187 0.429167 0.709375 0.425000 0.717187 0.420833 0.726562 0.420833 0.742188 0.416667 0.757812 0.410417 0.775000 0.406250 0.800000 0.400000 0.807813 0.400000 0.809375 0.397917 0.815625 0.397917 0.817187 0.393750 0.818750 0.387500 0.820312 0.375000 0.820312 0.362500 0.821875 0.354167 0.823438 0.347917 0.828125 0.341667 0.831250 0.339583 0.837500 0.337500 0.850000 0.337500 0.870313 0.339583 0.871875 0.333333 0.870313 0.308333 0.867188 0.297917 0.867188 0.289583 0.864062 0.287500 0.859375 0.287500 0.850000 0.289583 0.832812 0.287500 0.825000 0.285417 0.818750 0.283333 0.812500 0.279167 0.806250 0.279167 0.801562 0.277083 0.796875 0.275000 0.784375 0.266667 0.773438 0.252083 0.770312 0.245833 0.768750 0.235417 0.770312 0.225000 0.771875 0.220833 0.773438 0.216667 0.781250 0.206250 0.782813 0.204167 0.787500 0.200000 0.790625 0.197917 0.800000 0.195833 0.812500 0.195833 0.814063 0.197917 0.828125 0.197917 0.842187 0.202083 0.853125 0.208333 0.860938 0.206250 0.860938 0.104167 0.859375 0.100000 0.835938 0.097917
