18 0.226562 0.072917 0.225000 0.077083 0.223438 0.091667 0.223438 0.114583 0.220312 0.129167 0.218750 0.125000 0.217188 0.122917 0.214062 0.112500 0.214062 0.108333 0.212500 0.104167 0.209375 0.102083 0.204687 0.104167 0.200000 0.097917 0.200000 0.089583 0.198437 0.083333 0.196875 0.079167 0.189062 0.079167 0.187500 0.083333 0.184375 0.091667 0.184375 0.129167 0.185938 0.147917 0.189062 0.183333 0.190625 0.197917 0.196875 0.239583 0.200000 0.258333 0.204687 0.277083 0.206250 0.295833 0.207813 0.306250 0.215625 0.345833 0.217188 0.352083 0.221875 0.364583 0.223438 0.377083 0.228125 0.391667 0.232813 0.402083 0.235937 0.408333 0.243750 0.418750 0.248438 0.420833 0.253125 0.420833 0.257812 0.418750 0.265625 0.408333 0.270313 0.400000 0.275000 0.387500 0.276562 0.381250 0.278125 0.370833 0.278125 0.335417 0.276562 0.314583 0.273438 0.300000 0.273438 0.285417 0.271875 0.270833 0.270313 0.262500 0.268750 0.258333 0.267188 0.254167 0.246875 0.227083 0.239063 0.212500 0.237500 0.208333 0.235937 0.204167 0.234375 0.193750 0.234375 0.158333 0.235937 0.147917 0.240625 0.129167 0.243750 0.122917 0.245312 0.116667 0.245312 0.112500 0.243750 0.110417 0.243750 0.104167 0.240625 0.093750 0.235937 0.081250 0.229687 0.072917 0.226562 0.072917
15 0.612500 0.295833 0.601562 0.297917 0.595313 0.300000 0.590625 0.302083 0.578125 0.310417 0.573438 0.314583 0.568750 0.318750 0.557813 0.333333 0.554688 0.341667 0.550000 0.352083 0.548438 0.356250 0.543750 0.375000 0.540625 0.389583 0.540625 0.420833 0.542188 0.427083 0.543750 0.433333 0.551562 0.452083 0.556250 0.460417 0.565625 0.477083 0.573438 0.487500 0.579688 0.491667 0.592187 0.500000 0.598437 0.502083 0.612500 0.504167 0.615625 0.504167 0.629687 0.502083 0.634375 0.500000 0.639062 0.497917 0.651563 0.489583 0.657813 0.483333 0.665625 0.475000 0.675000 0.464583 0.681250 0.454167 0.684375 0.447917 0.685937 0.443750 0.689063 0.433333 0.692187 0.422917 0.693750 0.416667 0.695312 0.408333 0.695312 0.381250 0.693750 0.368750 0.692187 0.362500 0.690625 0.356250 0.689063 0.352083 0.687500 0.347917 0.682813 0.339583 0.678125 0.331250 0.665625 0.314583 0.657813 0.308333 0.648438 0.302083 0.640625 0.300000 0.634375 0.297917 0.625000 0.295833 0.612500 0.295833
0 0.154688 0.793750 0.148438 0.800000 0.143750 0.806250 0.142187 0.812500 0.142187 0.825000 0.145313 0.829167 0.150000 0.833333 0.157812 0.839583 0.165625 0.845833 0.187500 0.860417 0.196875 0.860417 0.217188 0.858333 0.234375 0.854167 0.234375 0.847917 0.232813 0.843750 0.231250 0.839583 0.228125 0.833333 0.223438 0.827083 0.220312 0.825000 0.217188 0.822917 0.203125 0.816667 0.187500 0.812500 0.181250 0.810417 0.176563 0.806250 0.168750 0.797917 0.165625 0.795833 0.160938 0.793750 0.154688 0.793750
0 0.203125 0.745833 0.196875 0.747917 0.185938 0.754167 0.173437 0.756250 0.167187 0.758333 0.157812 0.764583 0.154688 0.768750 0.154688 0.781250 0.156250 0.787500 0.159375 0.791667 0.162500 0.793750 0.165625 0.793750 0.168750 0.795833 0.176563 0.804167 0.179688 0.806250 0.182812 0.808333 0.192188 0.808333 0.198437 0.810417 0.203125 0.812500 0.214062 0.820833 0.218750 0.820833 0.220312 0.816667 0.220312 0.802083 0.223438 0.787500 0.223438 0.760417 0.221875 0.754167 0.220312 0.750000 0.217188 0.747917 0.212500 0.745833 0.203125 0.745833
3 0.746875 0.460417 0.740625 0.466667 0.737500 0.466667 0.734375 0.468750 0.728125 0.475000 0.721875 0.477083 0.717187 0.481250 0.709375 0.489583 0.706250 0.491667 0.700000 0.493750 0.696875 0.495833 0.690625 0.502083 0.687500 0.504167 0.682813 0.504167 0.675000 0.508333 0.662500 0.516667 0.657813 0.518750 0.642188 0.518750 0.634375 0.520833 0.628125 0.525000 0.617188 0.531250 0.609375 0.537500 0.598437 0.547917 0.581250 0.560417 0.578125 0.560417 0.575000 0.562500 0.567187 0.570833 0.564063 0.572917 0.560937 0.575000 0.556250 0.577083 0.554688 0.581250 0.554688 0.587500 0.557813 0.591667 0.559375 0.591667 0.560937 0.597917 0.564063 0.602083 0.567187 0.604167 0.573438 0.604167 0.578125 0.610417 0.590625 0.608333 0.593750 0.608333 0.595313 0.610417 0.598437 0.610417 0.603125 0.606250 0.607812 0.606250 0.612500 0.604167 0.618750 0.597917 0.621875 0.595833 0.632812 0.591667 0.645312 0.583333 0.650000 0.579167 0.660937 0.564583 0.660937 0.558333 0.662500 0.554167 0.668750 0.545833 0.679688 0.533333 0.684375 0.529167 0.690625 0.527083 0.693750 0.522917 0.696875 0.520833 0.709375 0.514583 0.714063 0.512500 0.718750 0.506250 0.723437 0.506250 0.737500 0.495833 0.745313 0.491667 0.750000 0.491667 0.751563 0.489583 0.754687 0.489583 0.754687 0.458333 0.746875 0.460417
3 0.859375 0.395833 0.835938 0.406250 0.823438 0.412500 0.820312 0.414583 0.814063 0.420833 0.809375 0.422917 0.796875 0.427083 0.789062 0.431250 0.785937 0.433333 0.784375 0.445833 0.785937 0.447917 0.785937 0.460417 0.787500 0.462500 0.787500 0.466667 0.793750 0.466667 0.801562 0.464583 0.806250 0.462500 0.809375 0.460417 0.835938 0.441667 0.846875 0.431250 0.867188 0.418750 0.868750 0.414583 0.868750 0.404167 0.867188 0.400000 0.864062 0.395833 0.859375 0.395833
0 0.826562 0.143750 0.818750 0.145833 0.812500 0.147917 0.798438 0.154167 0.789062 0.160417 0.784375 0.164583 0.768750 0.185417 0.765625 0.191667 0.759375 0.208333 0.756250 0.218750 0.754687 0.225000 0.753125 0.237500 0.753125 0.254167 0.754687 0.264583 0.756250 0.272917 0.757812 0.279167 0.759375 0.285417 0.765625 0.302083 0.775000 0.316667 0.782813 0.325000 0.787500 0.329167 0.790625 0.331250 0.793750 0.333333 0.801562 0.337500 0.806250 0.339583 0.812500 0.341667 0.818750 0.343750 0.843750 0.343750 0.850000 0.341667 0.856250 0.339583 0.860938 0.337500 0.870313 0.331250 0.878125 0.325000 0.882812 0.320833 0.892188 0.310417 0.900000 0.297917 0.904687 0.289583 0.907813 0.283333 0.912500 0.270833 0.914062 0.262500 0.915625 0.252083 0.915625 0.214583 0.914062 0.208333 0.910937 0.200000 0.906250 0.187500 0.900000 0.179167 0.900000 0.177083 0.895312 0.170833 0.889062 0.164583 0.882812 0.160417 0.873437 0.154167 0.859375 0.147917 0.853125 0.145833 0.845313 0.143750 0.826562 0.143750
0 0.253125 0.735417 0.251563 0.741667 0.250000 0.750000 0.248438 0.768750 0.246875 0.777083 0.245312 0.787500 0.240625 0.800000 0.239063 0.806250 0.237500 0.816667 0.237500 0.820833 0.239063 0.825000 0.243750 0.829167 0.250000 0.835417 0.253125 0.837500 0.260937 0.837500 0.270313 0.831250 0.287500 0.816667 0.289062 0.814583 0.290625 0.810417 0.290625 0.795833 0.289062 0.781250 0.287500 0.766667 0.285938 0.760417 0.284375 0.756250 0.281250 0.750000 0.275000 0.741667 0.270313 0.737500 0.267188 0.735417 0.262500 0.733333 0.253125 0.735417
0 0.470313 0.675000 0.454688 0.677083 0.448437 0.679167 0.439063 0.683333 0.434375 0.685417 0.429688 0.691667 0.428125 0.695833 0.426563 0.700000 0.426563 0.714583 0.428125 0.720833 0.429688 0.725000 0.431250 0.729167 0.432812 0.731250 0.435937 0.733333 0.442188 0.737500 0.448437 0.739583 0.456250 0.741667 0.473438 0.741667 0.487500 0.743750 0.498437 0.750000 0.504687 0.750000 0.509375 0.752083 0.514062 0.754167 0.525000 0.760417 0.532813 0.764583 0.539062 0.770833 0.543750 0.770833 0.567187 0.783333 0.571875 0.781250 0.576562 0.779167 0.579688 0.777083 0.584375 0.770833 0.585938 0.764583 0.585938 0.756250 0.584375 0.752083 0.581250 0.750000 0.578125 0.747917 0.568750 0.743750 0.557813 0.739583 0.550000 0.735417 0.535937 0.725000 0.529687 0.716667 0.525000 0.704167 0.525000 0.697917 0.523438 0.693750 0.517188 0.691667 0.514062 0.689583 0.509375 0.683333 0.504687 0.681250 0.487500 0.681250 0.478125 0.675000 0.470313 0.675000
0 0.543750 0.670833 0.539062 0.672917 0.532813 0.677083 0.529687 0.681250 0.528125 0.685417 0.526563 0.691667 0.526563 0.700000 0.528125 0.708333 0.529687 0.712500 0.537500 0.722917 0.545312 0.729167 0.553125 0.733333 0.564063 0.739583 0.568750 0.739583 0.576562 0.743750 0.590625 0.752083 0.593750 0.754167 0.596875 0.756250 0.601562 0.760417 0.612500 0.770833 0.623437 0.785417 0.637500 0.797917 0.640625 0.800000 0.645312 0.802083 0.653125 0.800000 0.654687 0.797917 0.657813 0.797917 0.660937 0.791667 0.662500 0.787500 0.664062 0.779167 0.664062 0.768750 0.662500 0.760417 0.660937 0.754167 0.659375 0.747917 0.657813 0.743750 0.656250 0.739583 0.653125 0.733333 0.646875 0.725000 0.640625 0.720833 0.629687 0.706250 0.618750 0.700000 0.612500 0.689583 0.607812 0.687500 0.603125 0.683333 0.598437 0.683333 0.593750 0.681250 0.590625 0.679167 0.584375 0.672917 0.578125 0.670833 0.543750 0.670833
0 0.526563 0.589583 0.523438 0.591667 0.520312 0.593750 0.514062 0.602083 0.512500 0.606250 0.512500 0.620833 0.514062 0.625000 0.515625 0.629167 0.518750 0.635417 0.531250 0.652083 0.535937 0.656250 0.540625 0.660417 0.548438 0.664583 0.553125 0.666667 0.560937 0.668750 0.579688 0.668750 0.585938 0.670833 0.592187 0.677083 0.600000 0.681250 0.604688 0.681250 0.609375 0.683333 0.617188 0.689583 0.625000 0.693750 0.648438 0.693750 0.664062 0.691667 0.670312 0.687500 0.673438 0.683333 0.675000 0.679167 0.676562 0.675000 0.676562 0.656250 0.675000 0.650000 0.673438 0.645833 0.670312 0.641667 0.665625 0.637500 0.662500 0.635417 0.657813 0.633333 0.651563 0.631250 0.642188 0.629167 0.628125 0.629167 0.617188 0.627083 0.609375 0.625000 0.604688 0.620833 0.589063 0.618750 0.575000 0.612500 0.567187 0.608333 0.564063 0.606250 0.560937 0.602083 0.557813 0.600000 0.553125 0.597917 0.548438 0.597917 0.539062 0.591667 0.534375 0.589583 0.526563 0.589583
6 0.793750 0.468750 0.790625 0.470833 0.789062 0.477083 0.790625 0.487500 0.793750 0.506250 0.798438 0.531250 0.803125 0.545833 0.804688 0.554167 0.804688 0.566667 0.801562 0.570833 0.800000 0.575000 0.800000 0.581250 0.804688 0.589583 0.807813 0.602083 0.814063 0.625000 0.815625 0.631250 0.818750 0.645833 0.821875 0.660417 0.826562 0.691667 0.832812 0.722917 0.835938 0.735417 0.843750 0.760417 0.848437 0.779167 0.851562 0.793750 0.853125 0.804167 0.851562 0.812500 0.848437 0.818750 0.845313 0.825000 0.834375 0.839583 0.829688 0.843750 0.823438 0.843750 0.818750 0.837500 0.817187 0.833333 0.815625 0.829167 0.814063 0.822917 0.814063 0.816667 0.810937 0.810417 0.810937 0.804167 0.807813 0.797917 0.806250 0.789583 0.804688 0.781250 0.801562 0.762500 0.800000 0.743750 0.796875 0.725000 0.793750 0.716667 0.793750 0.706250 0.790625 0.687500 0.787500 0.679167 0.784375 0.660417 0.782813 0.637500 0.778125 0.606250 0.776563 0.597917 0.771875 0.581250 0.768750 0.564583 0.760938 0.520833 0.759375 0.502083 0.757812 0.493750 0.754687 0.485417 0.748437 0.493750 0.745313 0.495833 0.742188 0.497917 0.731250 0.504167 0.726562 0.504167 0.723437 0.506250 0.717187 0.512500 0.715625 0.518750 0.717187 0.595833 0.715625 0.681250 0.718750 0.716667 0.718750 0.731250 0.715625 0.760417 0.714063 0.808333 0.714063 0.850000 0.715625 0.854167 0.718750 0.856250 0.725000 0.858333 0.742188 0.860417 0.757812 0.860417 0.773438 0.862500 0.789062 0.866667 0.804688 0.868750 0.823438 0.870833 0.835938 0.870833 0.839063 0.866667 0.842187 0.854167 0.845313 0.852083 0.857812 0.852083 0.860938 0.850000 0.860938 0.804167 0.857812 0.762500 0.856250 0.629167 0.856250 0.587500 0.857812 0.556250 0.862500 0.522917 0.862500 0.495833 0.857812 0.489583 0.856250 0.485417 0.854688 0.468750 0.793750 0.468750
0 0.226562 0.679167 0.228125 0.693750 0.225000 0.700000 0.225000 0.706250 0.223438 0.712500 0.221875 0.716667 0.220312 0.720833 0.210938 0.733333 0.210938 0.743750 0.214062 0.745833 0.217188 0.745833 0.220312 0.747917 0.221875 0.750000 0.223438 0.754167 0.225000 0.760417 0.226562 0.789583 0.229687 0.789583 0.234375 0.793750 0.242188 0.791667 0.243750 0.787500 0.245312 0.779167 0.246875 0.760417 0.250000 0.752083 0.250000 0.739583 0.253125 0.735417 0.253125 0.729167 0.246875 0.718750 0.245312 0.712500 0.243750 0.700000 0.234375 0.675000 0.226562 0.679167
0 0.489063 0.758333 0.479687 0.760417 0.473438 0.762500 0.465625 0.766667 0.460938 0.770833 0.456250 0.777083 0.454688 0.781250 0.454688 0.795833 0.456250 0.802083 0.464062 0.812500 0.468750 0.814583 0.485938 0.822917 0.490625 0.825000 0.498437 0.825000 0.507812 0.829167 0.518750 0.833333 0.523438 0.835417 0.528125 0.837500 0.535937 0.843750 0.543750 0.845833 0.546875 0.847917 0.550000 0.850000 0.556250 0.856250 0.565625 0.862500 0.579688 0.870833 0.587500 0.875000 0.598437 0.875000 0.607812 0.868750 0.612500 0.862500 0.614062 0.858333 0.615625 0.852083 0.615625 0.847917 0.614062 0.841667 0.609375 0.829167 0.585938 0.797917 0.582812 0.795833 0.575000 0.793750 0.571875 0.791667 0.568750 0.787500 0.565625 0.785417 0.562500 0.783333 0.550000 0.779167 0.534375 0.768750 0.529687 0.766667 0.525000 0.764583 0.517188 0.762500 0.501563 0.758333 0.489063 0.758333
0 0.217188 0.525000 0.212500 0.527083 0.209375 0.529167 0.206250 0.531250 0.198437 0.541667 0.196875 0.545833 0.196875 0.554167 0.200000 0.560417 0.200000 0.568750 0.192188 0.587500 0.192188 0.600000 0.195312 0.608333 0.196875 0.612500 0.198437 0.614583 0.201563 0.618750 0.203125 0.620833 0.204687 0.620833 0.207813 0.625000 0.210938 0.627083 0.214062 0.627083 0.217188 0.629167 0.220312 0.633333 0.221875 0.639583 0.226562 0.645833 0.232813 0.660417 0.234375 0.670833 0.240625 0.689583 0.243750 0.693750 0.245312 0.697917 0.246875 0.704167 0.246875 0.710417 0.248438 0.716667 0.251563 0.722917 0.256250 0.729167 0.259375 0.731250 0.264062 0.731250 0.268750 0.733333 0.273438 0.737500 0.284375 0.752083 0.285938 0.756250 0.287500 0.760417 0.289062 0.766667 0.290625 0.772917 0.292187 0.789583 0.292187 0.820833 0.293750 0.825000 0.300000 0.833333 0.303125 0.835417 0.309375 0.837500 0.317188 0.835417 0.326562 0.831250 0.332813 0.829167 0.335938 0.827083 0.348438 0.816667 0.354687 0.810417 0.356250 0.806250 0.354687 0.785417 0.354687 0.777083 0.362500 0.766667 0.365625 0.760417 0.370312 0.747917 0.371875 0.739583 0.371875 0.733333 0.368750 0.720833 0.370312 0.712500 0.373437 0.706250 0.373437 0.702083 0.371875 0.695833 0.368750 0.681250 0.367188 0.677083 0.356250 0.662500 0.350000 0.647917 0.348438 0.643750 0.346875 0.633333 0.339062 0.622917 0.334375 0.618750 0.321875 0.608333 0.318750 0.608333 0.315625 0.604167 0.312500 0.602083 0.300000 0.600000 0.292187 0.595833 0.289062 0.591667 0.289062 0.585417 0.285938 0.581250 0.282813 0.579167 0.279687 0.577083 0.276562 0.577083 0.273438 0.575000 0.268750 0.570833 0.264062 0.566667 0.250000 0.545833 0.246875 0.541667 0.239063 0.535417 0.234375 0.527083 0.217188 0.525000
0 0.160938 0.570833 0.157812 0.577083 0.154688 0.585417 0.150000 0.597917 0.148438 0.604167 0.146875 0.610417 0.143750 0.633333 0.137500 0.656250 0.134375 0.672917 0.134375 0.679167 0.146875 0.679167 0.154688 0.683333 0.162500 0.683333 0.165625 0.681250 0.167187 0.679167 0.171875 0.668750 0.179688 0.656250 0.184375 0.650000 0.187500 0.650000 0.190625 0.647917 0.200000 0.650000 0.201563 0.641667 0.200000 0.633333 0.198437 0.627083 0.196875 0.620833 0.193750 0.610417 0.189062 0.595833 0.184375 0.583333 0.181250 0.579167 0.176563 0.577083 0.165625 0.570833 0.160938 0.570833
0 0.134375 0.681250 0.132812 0.685417 0.131250 0.695833 0.129688 0.733333 0.129688 0.789583 0.132812 0.802083 0.137500 0.802083 0.140625 0.797917 0.143750 0.789583 0.153125 0.777083 0.153125 0.768750 0.159375 0.760417 0.164062 0.758333 0.165625 0.754167 0.167187 0.745833 0.170313 0.722917 0.170313 0.702083 0.168750 0.697917 0.162500 0.689583 0.153125 0.683333 0.148438 0.681250 0.134375 0.681250
5 0.751563 0.329167 0.745313 0.333333 0.743750 0.337500 0.743750 0.343750 0.745313 0.345833 0.750000 0.379167 0.751563 0.391667 0.753125 0.410417 0.754687 0.429167 0.756250 0.450000 0.756250 0.472917 0.757812 0.487500 0.759375 0.497917 0.760938 0.508333 0.764062 0.527083 0.773438 0.581250 0.778125 0.597917 0.779687 0.606250 0.784375 0.637500 0.784375 0.647917 0.785937 0.658333 0.787500 0.668750 0.793750 0.695833 0.796875 0.714583 0.800000 0.733333 0.803125 0.762500 0.809375 0.795833 0.817187 0.829167 0.818750 0.835417 0.820312 0.839583 0.829688 0.841667 0.834375 0.837500 0.845313 0.822917 0.848437 0.816667 0.850000 0.812500 0.851562 0.808333 0.851562 0.802083 0.850000 0.793750 0.845313 0.772917 0.829688 0.716667 0.826562 0.700000 0.820312 0.660417 0.817187 0.645833 0.814063 0.633333 0.812500 0.627083 0.806250 0.608333 0.806250 0.602083 0.804688 0.595833 0.803125 0.591667 0.798438 0.583333 0.798438 0.572917 0.803125 0.564583 0.803125 0.558333 0.801562 0.556250 0.801562 0.547917 0.796875 0.533333 0.790625 0.500000 0.787500 0.481250 0.785937 0.470833 0.784375 0.460417 0.784375 0.450000 0.782813 0.439583 0.781250 0.429167 0.778125 0.410417 0.775000 0.391667 0.773438 0.383333 0.771875 0.375000 0.767188 0.356250 0.764062 0.345833 0.759375 0.333333 0.756250 0.329167 0.751563 0.329167
8 0.509375 0.091667 0.500000 0.093750 0.495312 0.095833 0.490625 0.097917 0.478125 0.106250 0.464062 0.125000 0.460938 0.131250 0.456250 0.143750 0.454688 0.150000 0.454688 0.156250 0.451562 0.162500 0.450000 0.170833 0.450000 0.206250 0.451562 0.216667 0.453125 0.222917 0.454688 0.229167 0.456250 0.233333 0.462500 0.243750 0.468750 0.264583 0.475000 0.275000 0.482812 0.285417 0.489063 0.291667 0.498437 0.297917 0.504687 0.300000 0.528125 0.300000 0.534375 0.297917 0.540625 0.293750 0.546875 0.293750 0.559375 0.277083 0.565625 0.262500 0.567187 0.258333 0.568750 0.254167 0.570312 0.243750 0.573438 0.239583 0.575000 0.231250 0.579688 0.206250 0.579688 0.189583 0.581250 0.187500 0.581250 0.172917 0.579688 0.162500 0.578125 0.154167 0.576562 0.147917 0.571875 0.141667 0.571875 0.137500 0.568750 0.131250 0.565625 0.125000 0.553125 0.108333 0.546875 0.102083 0.543750 0.100000 0.540625 0.097917 0.535937 0.095833 0.531250 0.093750 0.523438 0.091667 0.509375 0.091667
0 0.189062 0.650000 0.184375 0.652083 0.181250 0.656250 0.175000 0.666667 0.170313 0.675000 0.167187 0.681250 0.167187 0.691667 0.171875 0.700000 0.171875 0.706250 0.173437 0.708333 0.173437 0.712500 0.171875 0.720833 0.176563 0.725000 0.181250 0.727083 0.196875 0.727083 0.198437 0.729167 0.212500 0.729167 0.218750 0.720833 0.223438 0.708333 0.226562 0.691667 0.226562 0.679167 0.223438 0.668750 0.221875 0.664583 0.218750 0.660417 0.214062 0.656250 0.207813 0.654167 0.200000 0.652083 0.189062 0.650000
8 0.679688 0.087500 0.668750 0.089583 0.664062 0.091667 0.651563 0.100000 0.645312 0.106250 0.637500 0.116667 0.634375 0.122917 0.629687 0.133333 0.626563 0.141667 0.623437 0.154167 0.620313 0.158333 0.618750 0.162500 0.617188 0.172917 0.615625 0.177083 0.612500 0.181250 0.610938 0.185417 0.609375 0.193750 0.603125 0.206250 0.601562 0.214583 0.601562 0.243750 0.603125 0.252083 0.604688 0.256250 0.606250 0.260417 0.609375 0.266667 0.612500 0.272917 0.623437 0.287500 0.632812 0.293750 0.639062 0.295833 0.648438 0.297917 0.657813 0.297917 0.665625 0.295833 0.671875 0.293750 0.681250 0.287500 0.685937 0.283333 0.690625 0.279167 0.701562 0.266667 0.706250 0.264583 0.710938 0.260417 0.721875 0.247917 0.740625 0.222917 0.745313 0.210417 0.748437 0.200000 0.748437 0.154167 0.746875 0.145833 0.745313 0.137500 0.740625 0.125000 0.735938 0.116667 0.726562 0.104167 0.720313 0.097917 0.710938 0.091667 0.706250 0.089583 0.696875 0.087500 0.679688 0.087500
8 0.275000 0.091667 0.271875 0.093750 0.268750 0.095833 0.260937 0.104167 0.250000 0.116667 0.248438 0.118750 0.248438 0.120833 0.245312 0.125000 0.245312 0.129167 0.242188 0.133333 0.240625 0.139583 0.239063 0.147917 0.237500 0.158333 0.237500 0.193750 0.239063 0.202083 0.240625 0.208333 0.242188 0.212500 0.245312 0.218750 0.248438 0.225000 0.260937 0.239583 0.267188 0.247917 0.267188 0.250000 0.275000 0.260417 0.284375 0.270833 0.295312 0.277083 0.303125 0.285417 0.310937 0.291667 0.314063 0.293750 0.329688 0.300000 0.354687 0.300000 0.359375 0.297917 0.367188 0.293750 0.376563 0.285417 0.382812 0.277083 0.385937 0.270833 0.392188 0.254167 0.392188 0.218750 0.390625 0.212500 0.385937 0.197917 0.384375 0.193750 0.379688 0.185417 0.375000 0.179167 0.370312 0.170833 0.365625 0.156250 0.360938 0.150000 0.359375 0.143750 0.353125 0.135417 0.350000 0.127083 0.345313 0.118750 0.334375 0.104167 0.325000 0.097917 0.320312 0.095833 0.315625 0.093750 0.298438 0.091667 0.275000 0.091667
