6 0.285938 0.243750 0.282813 0.247917 0.282813 0.254167 0.284375 0.258333 0.301563 0.281250 0.328125 0.314583 0.345313 0.335417 0.350000 0.339583 0.353125 0.341667 0.354687 0.337500 0.356250 0.325000 0.357812 0.320833 0.359375 0.316667 0.360938 0.314583 0.364063 0.312500 0.368750 0.312500 0.371875 0.314583 0.376563 0.320833 0.378125 0.325000 0.379688 0.329167 0.381250 0.343750 0.381250 0.375000 0.382812 0.381250 0.389062 0.391667 0.406250 0.410417 0.407813 0.412500 0.414062 0.422917 0.440625 0.456250 0.450000 0.466667 0.456250 0.470833 0.465625 0.475000 0.470313 0.479167 0.479687 0.489583 0.482812 0.493750 0.487500 0.504167 0.487500 0.508333 0.492188 0.518750 0.496875 0.525000 0.496875 0.527083 0.500000 0.531250 0.515625 0.550000 0.520312 0.552083 0.523438 0.550000 0.548438 0.516667 0.559375 0.500000 0.560937 0.495833 0.545312 0.475000 0.539062 0.460417 0.537500 0.456250 0.539062 0.450000 0.535937 0.447917 0.534375 0.445833 0.521875 0.443750 0.515625 0.441667 0.510938 0.439583 0.504687 0.435417 0.495312 0.429167 0.490625 0.425000 0.485938 0.420833 0.476562 0.408333 0.473438 0.402083 0.468750 0.391667 0.465625 0.381250 0.464062 0.370833 0.459375 0.358333 0.454688 0.352083 0.448437 0.345833 0.445312 0.343750 0.431250 0.337500 0.428125 0.333333 0.417187 0.327083 0.403125 0.320833 0.385937 0.310417 0.368750 0.300000 0.365625 0.295833 0.362500 0.295833 0.359375 0.293750 0.350000 0.285417 0.337500 0.279167 0.326562 0.268750 0.306250 0.256250 0.295312 0.245833 0.292187 0.243750 0.285938 0.243750
6 0.448437 0.000000 0.440625 0.004167 0.429688 0.018750 0.423438 0.029167 0.420312 0.037500 0.415625 0.045833 0.417187 0.050000 0.431250 0.070833 0.470313 0.125000 0.485938 0.147917 0.498437 0.166667 0.500000 0.172917 0.445312 0.243750 0.439063 0.254167 0.414062 0.285417 0.410938 0.285417 0.400000 0.272917 0.390625 0.260417 0.378125 0.239583 0.373437 0.233333 0.371875 0.233333 0.368750 0.229167 0.343750 0.191667 0.340625 0.187500 0.335938 0.181250 0.332813 0.179167 0.329688 0.179167 0.323437 0.187500 0.318750 0.195833 0.314063 0.204167 0.314063 0.206250 0.310937 0.210417 0.317188 0.216667 0.321875 0.220833 0.329688 0.227083 0.340625 0.235417 0.354687 0.243750 0.362500 0.252083 0.376563 0.262500 0.393750 0.272917 0.404687 0.285417 0.410938 0.287500 0.418750 0.297917 0.423438 0.302083 0.428125 0.306250 0.435937 0.310417 0.443750 0.318750 0.451562 0.325000 0.460938 0.331250 0.465625 0.333333 0.479687 0.333333 0.492188 0.327083 0.512500 0.327083 0.520312 0.329167 0.525000 0.331250 0.529687 0.333333 0.535937 0.337500 0.545312 0.343750 0.551562 0.350000 0.568750 0.372917 0.573438 0.385417 0.575000 0.395833 0.576562 0.400000 0.581250 0.400000 0.585938 0.395833 0.592187 0.389583 0.598437 0.381250 0.607812 0.375000 0.609375 0.366667 0.604688 0.358333 0.598437 0.350000 0.595313 0.343750 0.592187 0.337500 0.587500 0.325000 0.584375 0.314583 0.582812 0.308333 0.579688 0.285417 0.578125 0.279167 0.576562 0.272917 0.571875 0.256250 0.568750 0.247917 0.564063 0.235417 0.553125 0.212500 0.537500 0.183333 0.528125 0.160417 0.514062 0.131250 0.510938 0.125000 0.503125 0.112500 0.498437 0.100000 0.495312 0.093750 0.490625 0.087500 0.481250 0.068750 0.476562 0.058333 0.471875 0.045833 0.470313 0.039583 0.470313 0.029167 0.475000 0.022917 0.481250 0.022917 0.485938 0.029167 0.487500 0.029167 0.490625 0.033333 0.490625 0.035417 0.495312 0.041667 0.496875 0.047917 0.501563 0.054167 0.525000 0.106250 0.528125 0.116667 0.540625 0.143750 0.545312 0.150000 0.550000 0.160417 0.556250 0.177083 0.564063 0.189583 0.567187 0.200000 0.575000 0.216667 0.584375 0.235417 0.592187 0.247917 0.603125 0.262500 0.612500 0.270833 0.632812 0.297917 0.642188 0.316667 0.653125 0.347917 0.657813 0.345833 0.664062 0.339583 0.670312 0.333333 0.679688 0.322917 0.690625 0.310417 0.706250 0.289583 0.717187 0.279167 0.735938 0.252083 0.735938 0.250000 0.739062 0.245833 0.737500 0.239583 0.734375 0.233333 0.703125 0.191667 0.664062 0.143750 0.660937 0.137500 0.659375 0.135417 0.621875 0.089583 0.620313 0.087500 0.585938 0.039583 0.567187 0.016667 0.557813 0.006250 0.550000 0.000000 0.543750 0.000000 0.507812 0.002083 0.453125 0.000000 0.448437 0.000000
6 0.637500 0.420833 0.631250 0.429167 0.631250 0.433333 0.628125 0.437500 0.626563 0.447917 0.621875 0.458333 0.617188 0.479167 0.612500 0.493750 0.603125 0.518750 0.598437 0.533333 0.596875 0.543750 0.592187 0.558333 0.578125 0.597917 0.568750 0.629167 0.565625 0.641667 0.565625 0.645833 0.567187 0.650000 0.571875 0.656250 0.582812 0.666667 0.590625 0.677083 0.592187 0.681250 0.593750 0.685417 0.593750 0.693750 0.592187 0.700000 0.585938 0.708333 0.582812 0.710417 0.579688 0.712500 0.575000 0.712500 0.571875 0.710417 0.567187 0.706250 0.562500 0.700000 0.562500 0.695833 0.556250 0.687500 0.551562 0.689583 0.550000 0.693750 0.545312 0.706250 0.539062 0.727083 0.534375 0.747917 0.529687 0.758333 0.523438 0.781250 0.521875 0.795833 0.515625 0.812500 0.507812 0.841667 0.509375 0.852083 0.512500 0.854167 0.515625 0.856250 0.534375 0.864583 0.548438 0.875000 0.556250 0.879167 0.564063 0.881250 0.575000 0.889583 0.585938 0.895833 0.590625 0.895833 0.600000 0.902083 0.604688 0.904167 0.609375 0.904167 0.623437 0.910417 0.634375 0.916667 0.648438 0.925000 0.668750 0.937500 0.671875 0.939583 0.675000 0.943750 0.678125 0.945833 0.701562 0.958333 0.704688 0.962500 0.734375 0.981250 0.748437 0.989583 0.756250 0.993750 0.760938 0.993750 0.764062 0.997917 0.843750 0.997917 0.846875 0.991667 0.848437 0.987500 0.850000 0.983333 0.851562 0.977083 0.856250 0.950000 0.865625 0.916667 0.867188 0.902083 0.871875 0.881250 0.875000 0.875000 0.882812 0.835417 0.885938 0.825000 0.892188 0.808333 0.907813 0.766667 0.914062 0.747917 0.914062 0.741667 0.917188 0.737500 0.923438 0.718750 0.932813 0.683333 0.943750 0.654167 0.948438 0.633333 0.959375 0.606250 0.960938 0.600000 0.960938 0.595833 0.957812 0.591667 0.954688 0.589583 0.945312 0.585417 0.935937 0.577083 0.925000 0.570833 0.912500 0.566667 0.904687 0.562500 0.889062 0.552083 0.881250 0.547917 0.860938 0.537500 0.835938 0.525000 0.831250 0.522917 0.825000 0.520833 0.820312 0.520833 0.820312 0.529167 0.818750 0.531250 0.817187 0.554167 0.817187 0.577083 0.815625 0.579167 0.815625 0.600000 0.818750 0.606250 0.818750 0.612500 0.820312 0.616667 0.825000 0.625000 0.826562 0.637500 0.823438 0.666667 0.825000 0.731250 0.823438 0.770833 0.818750 0.770833 0.817187 0.768750 0.814063 0.768750 0.812500 0.770833 0.807813 0.770833 0.784375 0.766667 0.782813 0.762500 0.781250 0.754167 0.779687 0.735417 0.778125 0.700000 0.778125 0.654167 0.779687 0.633333 0.781250 0.625000 0.792188 0.610417 0.795312 0.604167 0.796875 0.597917 0.798438 0.579167 0.796875 0.529167 0.798438 0.518750 0.798438 0.514583 0.796875 0.512500 0.795312 0.504167 0.792188 0.502083 0.785937 0.497917 0.778125 0.493750 0.760938 0.485417 0.751563 0.481250 0.748437 0.497917 0.750000 0.533333 0.750000 0.547917 0.750000 0.552083 0.748437 0.554167 0.748437 0.560417 0.748437 0.577083 0.748437 0.583333 0.750000 0.618750 0.748437 0.643750 0.746875 0.652083 0.745313 0.658333 0.742188 0.668750 0.739062 0.672917 0.737500 0.679167 0.735938 0.685417 0.734375 0.695833 0.732812 0.712500 0.731250 0.731250 0.731250 0.754167 0.732812 0.766667 0.734375 0.777083 0.739062 0.795833 0.742188 0.806250 0.748437 0.822917 0.754687 0.835417 0.757812 0.843750 0.759375 0.850000 0.756250 0.854167 0.753125 0.854167 0.743750 0.847917 0.739062 0.841667 0.735938 0.835417 0.731250 0.825000 0.717187 0.787500 0.712500 0.770833 0.710938 0.762500 0.707812 0.745833 0.707812 0.720833 0.709375 0.712500 0.710938 0.704167 0.712500 0.700000 0.714063 0.695833 0.717187 0.689583 0.723437 0.681250 0.728125 0.668750 0.731250 0.658333 0.732812 0.652083 0.734375 0.643750 0.735938 0.622917 0.735938 0.489583 0.734375 0.472917 0.731250 0.468750 0.728125 0.466667 0.718750 0.462500 0.690625 0.447917 0.682813 0.450000 0.681250 0.458333 0.679688 0.470833 0.675000 0.508333 0.673438 0.525000 0.670312 0.558333 0.670312 0.579167 0.668750 0.600000 0.665625 0.614583 0.664062 0.643750 0.660937 0.660417 0.659375 0.672917 0.659375 0.679167 0.660937 0.683333 0.664062 0.687500 0.664062 0.689583 0.665625 0.691667 0.675000 0.702083 0.679688 0.712500 0.681250 0.716667 0.682813 0.720833 0.684375 0.727083 0.685937 0.741667 0.685937 0.756250 0.684375 0.772917 0.682813 0.781250 0.681250 0.789583 0.676562 0.806250 0.671875 0.818750 0.668750 0.825000 0.664062 0.833333 0.653125 0.847917 0.650000 0.850000 0.637500 0.850000 0.634375 0.847917 0.631250 0.845833 0.623437 0.835417 0.620313 0.829167 0.614062 0.812500 0.612500 0.806250 0.610938 0.800000 0.609375 0.791667 0.607812 0.779167 0.607812 0.737500 0.609375 0.727083 0.610938 0.720833 0.612500 0.714583 0.614062 0.710417 0.617188 0.704167 0.629687 0.687500 0.637500 0.683333 0.642188 0.677083 0.643750 0.672917 0.645312 0.666667 0.646875 0.654167 0.648438 0.641667 0.650000 0.618750 0.651563 0.595833 0.654687 0.547917 0.656250 0.518750 0.657813 0.470833 0.657813 0.433333 0.656250 0.429167 0.653125 0.427083 0.648438 0.425000 0.643750 0.422917 0.637500 0.420833
3 0.829688 0.172917 0.826562 0.175000 0.823438 0.177083 0.814063 0.185417 0.800000 0.197917 0.782813 0.216667 0.776563 0.222917 0.743750 0.250000 0.737500 0.256250 0.729688 0.264583 0.723437 0.272917 0.723437 0.275000 0.718750 0.281250 0.706250 0.293750 0.692187 0.312500 0.684375 0.318750 0.670312 0.335417 0.657813 0.350000 0.650000 0.362500 0.645312 0.366667 0.642188 0.366667 0.639062 0.370833 0.632812 0.372917 0.625000 0.375000 0.612500 0.375000 0.603125 0.381250 0.598437 0.385417 0.592187 0.391667 0.579688 0.406250 0.575000 0.412500 0.571875 0.422917 0.567187 0.429167 0.560937 0.435417 0.550000 0.441667 0.545312 0.445833 0.540625 0.452083 0.540625 0.458333 0.543750 0.460417 0.543750 0.464583 0.548438 0.472917 0.556250 0.485417 0.562500 0.489583 0.565625 0.489583 0.570312 0.485417 0.589063 0.460417 0.595313 0.454167 0.610938 0.441667 0.617188 0.433333 0.621875 0.429167 0.625000 0.429167 0.632812 0.418750 0.635938 0.412500 0.639062 0.404167 0.640625 0.395833 0.642188 0.391667 0.645312 0.385417 0.651563 0.377083 0.659375 0.368750 0.664062 0.364583 0.673438 0.358333 0.678125 0.354167 0.703125 0.329167 0.715625 0.318750 0.718750 0.318750 0.723437 0.312500 0.728125 0.310417 0.734375 0.302083 0.750000 0.289583 0.760938 0.277083 0.771875 0.268750 0.779687 0.258333 0.785937 0.254167 0.795312 0.241667 0.803125 0.235417 0.812500 0.225000 0.821875 0.214583 0.832812 0.202083 0.842187 0.189583 0.842187 0.185417 0.840625 0.181250 0.834375 0.172917 0.829688 0.172917
3 0.746875 0.362500 0.743750 0.364583 0.740625 0.368750 0.739062 0.372917 0.737500 0.383333 0.735938 0.412500 0.735938 0.445833 0.739062 0.520833 0.739062 0.633333 0.737500 0.643750 0.735938 0.652083 0.734375 0.658333 0.731250 0.668750 0.726562 0.681250 0.720313 0.689583 0.717187 0.695833 0.714063 0.702083 0.712500 0.708333 0.710938 0.714583 0.710938 0.747917 0.712500 0.756250 0.714063 0.764583 0.718750 0.783333 0.721875 0.793750 0.731250 0.818750 0.737500 0.833333 0.740625 0.839583 0.745313 0.845833 0.756250 0.852083 0.756250 0.845833 0.753125 0.839583 0.746875 0.827083 0.740625 0.810417 0.737500 0.800000 0.731250 0.775000 0.729688 0.764583 0.729688 0.750000 0.728125 0.747917 0.728125 0.735417 0.729688 0.733333 0.731250 0.716667 0.731250 0.700000 0.732812 0.685417 0.734375 0.679167 0.735938 0.675000 0.739062 0.670833 0.743750 0.654167 0.745313 0.645833 0.746875 0.631250 0.746875 0.422917 0.748437 0.408333 0.751563 0.395833 0.753125 0.381250 0.754687 0.366667 0.753125 0.362500 0.746875 0.362500
4 0.442188 0.470833 0.437500 0.472917 0.434375 0.475000 0.432812 0.477083 0.431250 0.481250 0.429688 0.485417 0.429688 0.504167 0.431250 0.512500 0.432812 0.518750 0.435937 0.525000 0.439063 0.531250 0.443750 0.539583 0.448437 0.545833 0.454688 0.552083 0.459375 0.554167 0.464062 0.556250 0.478125 0.556250 0.481250 0.558333 0.484375 0.560417 0.485938 0.562500 0.501563 0.585417 0.510938 0.600000 0.518750 0.612500 0.532813 0.635417 0.537500 0.645833 0.546875 0.658333 0.556250 0.679167 0.562500 0.687500 0.565625 0.697917 0.571875 0.706250 0.575000 0.708333 0.581250 0.708333 0.584375 0.706250 0.589063 0.700000 0.590625 0.695833 0.590625 0.683333 0.587500 0.677083 0.578125 0.668750 0.567187 0.654167 0.557813 0.645833 0.551562 0.637500 0.551562 0.635417 0.545312 0.627083 0.543750 0.627083 0.537500 0.618750 0.525000 0.597917 0.489063 0.550000 0.487500 0.545833 0.487500 0.537500 0.489063 0.518750 0.485938 0.510417 0.481250 0.497917 0.470313 0.483333 0.465625 0.479167 0.462500 0.477083 0.454688 0.472917 0.450000 0.470833 0.442188 0.470833
3 0.473438 0.027083 0.471875 0.031250 0.471875 0.035417 0.473438 0.037500 0.473438 0.043750 0.475000 0.050000 0.476562 0.054167 0.481250 0.064583 0.487500 0.077083 0.490625 0.083333 0.501563 0.102083 0.514062 0.131250 0.518750 0.137500 0.529687 0.160417 0.543750 0.193750 0.551562 0.206250 0.553125 0.212500 0.557813 0.218750 0.560937 0.229167 0.565625 0.235417 0.567187 0.239583 0.568750 0.247917 0.571875 0.252083 0.576562 0.266667 0.581250 0.285417 0.584375 0.308333 0.585938 0.314583 0.587500 0.320833 0.593750 0.337500 0.596875 0.343750 0.600000 0.350000 0.606250 0.360417 0.618750 0.377083 0.623437 0.381250 0.626563 0.383333 0.629687 0.383333 0.635938 0.377083 0.642188 0.377083 0.643750 0.368750 0.645312 0.366667 0.648438 0.364583 0.651563 0.360417 0.653125 0.356250 0.653125 0.352083 0.651563 0.345833 0.640625 0.316667 0.631250 0.297917 0.626563 0.289583 0.615625 0.279167 0.603125 0.264583 0.589063 0.245833 0.582812 0.235417 0.573438 0.216667 0.565625 0.200000 0.562500 0.189583 0.557813 0.183333 0.550000 0.166667 0.546875 0.156250 0.542188 0.150000 0.537500 0.139583 0.531250 0.122917 0.517188 0.095833 0.501563 0.058333 0.492188 0.039583 0.482812 0.027083 0.479687 0.025000 0.473438 0.027083
4 0.401562 0.491667 0.401562 0.495833 0.403125 0.506250 0.407813 0.527083 0.414062 0.554167 0.415625 0.560417 0.418750 0.566667 0.418750 0.572917 0.421875 0.579167 0.423438 0.585417 0.423438 0.591667 0.425000 0.597917 0.426563 0.604167 0.431250 0.620833 0.434375 0.631250 0.439063 0.641667 0.443750 0.662500 0.451562 0.683333 0.453125 0.689583 0.453125 0.695833 0.459375 0.712500 0.460938 0.720833 0.460938 0.735417 0.456250 0.752083 0.454688 0.760417 0.454688 0.781250 0.456250 0.789583 0.460938 0.802083 0.464062 0.808333 0.471875 0.820833 0.476562 0.827083 0.482812 0.833333 0.485938 0.835417 0.489063 0.837500 0.493750 0.839583 0.506250 0.837500 0.507812 0.833333 0.510938 0.816667 0.518750 0.793750 0.518750 0.779167 0.517188 0.768750 0.515625 0.762500 0.514062 0.758333 0.512500 0.754167 0.509375 0.747917 0.501563 0.737500 0.496875 0.733333 0.492188 0.731250 0.487500 0.727083 0.476562 0.712500 0.473438 0.706250 0.471875 0.702083 0.470313 0.691667 0.465625 0.681250 0.462500 0.670833 0.459375 0.654167 0.448437 0.625000 0.445312 0.608333 0.440625 0.597917 0.439063 0.587500 0.431250 0.566667 0.428125 0.550000 0.420312 0.531250 0.415625 0.512500 0.409375 0.495833 0.407813 0.491667 0.401562 0.491667
5 0.364063 0.316667 0.359375 0.322917 0.357812 0.329167 0.357812 0.350000 0.360938 0.366667 0.362500 0.393750 0.364063 0.422917 0.365625 0.452083 0.367188 0.487500 0.368750 0.531250 0.368750 0.543750 0.367188 0.554167 0.365625 0.560417 0.356250 0.583333 0.353125 0.593750 0.353125 0.602083 0.351562 0.604167 0.351562 0.610417 0.353125 0.633333 0.354687 0.643750 0.356250 0.654167 0.357812 0.662500 0.364063 0.687500 0.367188 0.697917 0.373437 0.714583 0.378125 0.725000 0.382812 0.727083 0.385937 0.722917 0.385937 0.572917 0.382812 0.516667 0.384375 0.512500 0.382812 0.458333 0.381250 0.408333 0.379688 0.364583 0.378125 0.335417 0.376563 0.329167 0.373437 0.320833 0.368750 0.316667 0.364063 0.316667
5 0.326562 0.410417 0.317188 0.416667 0.306250 0.425000 0.300000 0.433333 0.300000 0.468750 0.301563 0.489583 0.304688 0.508333 0.304688 0.581250 0.306250 0.610417 0.309375 0.635417 0.309375 0.675000 0.303125 0.681250 0.301563 0.858333 0.303125 0.885417 0.304688 0.908333 0.306250 0.918750 0.307812 0.927083 0.310937 0.931250 0.314063 0.933333 0.317188 0.933333 0.323437 0.929167 0.325000 0.925000 0.325000 0.843750 0.326562 0.822917 0.328125 0.804167 0.332813 0.770833 0.332813 0.618750 0.335938 0.518750 0.335938 0.468750 0.334375 0.429167 0.331250 0.410417 0.326562 0.410417
4 0.665625 0.368750 0.662500 0.372917 0.660937 0.383333 0.660937 0.472917 0.659375 0.512500 0.657813 0.541667 0.656250 0.566667 0.653125 0.589583 0.653125 0.612500 0.651563 0.639583 0.650000 0.654167 0.648438 0.668750 0.646875 0.675000 0.645312 0.679167 0.640625 0.685417 0.629687 0.691667 0.623437 0.697917 0.621875 0.700000 0.621875 0.702083 0.615625 0.712500 0.614062 0.716667 0.612500 0.722917 0.610938 0.731250 0.610938 0.785417 0.612500 0.795833 0.615625 0.810417 0.617188 0.814583 0.625000 0.833333 0.632812 0.843750 0.635938 0.845833 0.640625 0.845833 0.642188 0.847917 0.645312 0.847917 0.650000 0.845833 0.653125 0.843750 0.656250 0.841667 0.657813 0.839583 0.662500 0.831250 0.667188 0.822917 0.671875 0.812500 0.673438 0.808333 0.676562 0.797917 0.678125 0.791667 0.679688 0.785417 0.681250 0.777083 0.682813 0.762500 0.682813 0.737500 0.681250 0.725000 0.679688 0.718750 0.678125 0.714583 0.675000 0.708333 0.670312 0.700000 0.668750 0.697917 0.657813 0.685417 0.657813 0.660417 0.660937 0.647917 0.662500 0.633333 0.662500 0.614583 0.665625 0.579167 0.670312 0.529167 0.671875 0.514583 0.673438 0.500000 0.676562 0.487500 0.678125 0.460417 0.681250 0.447917 0.681250 0.435417 0.684375 0.416667 0.687500 0.408333 0.689063 0.400000 0.690625 0.389583 0.690625 0.381250 0.685937 0.375000 0.682813 0.372917 0.679688 0.370833 0.671875 0.368750 0.665625 0.368750
6 0.423438 0.525000 0.423438 0.529167 0.426563 0.535417 0.426563 0.541667 0.431250 0.552083 0.434375 0.568750 0.435937 0.572917 0.439063 0.577083 0.440625 0.581250 0.443750 0.593750 0.450000 0.620833 0.454688 0.633333 0.457813 0.635417 0.459375 0.629167 0.459375 0.616667 0.462500 0.604167 0.464062 0.589583 0.465625 0.570833 0.465625 0.562500 0.462500 0.558333 0.454688 0.556250 0.450000 0.552083 0.435937 0.531250 0.431250 0.525000 0.428125 0.522917 0.423438 0.525000
6 0.337500 0.506250 0.335938 0.541667 0.334375 0.645833 0.335938 0.668750 0.334375 0.779167 0.331250 0.793750 0.329688 0.812500 0.328125 0.829167 0.326562 0.850000 0.328125 0.872917 0.332813 0.875000 0.343750 0.877083 0.353125 0.877083 0.370312 0.881250 0.378125 0.883333 0.385937 0.885417 0.392188 0.889583 0.398438 0.891667 0.415625 0.895833 0.423438 0.895833 0.426563 0.893750 0.428125 0.889583 0.429688 0.883333 0.431250 0.868750 0.432812 0.843750 0.437500 0.818750 0.439063 0.806250 0.442188 0.764583 0.443750 0.750000 0.446875 0.737500 0.448437 0.725000 0.450000 0.710417 0.450000 0.691667 0.448437 0.683333 0.446875 0.677083 0.442188 0.666667 0.442188 0.660417 0.439063 0.650000 0.432812 0.635417 0.428125 0.612500 0.421875 0.595833 0.421875 0.589583 0.418750 0.583333 0.417187 0.577083 0.417187 0.570833 0.414062 0.564583 0.409375 0.545833 0.407813 0.533333 0.404687 0.520833 0.401562 0.516667 0.398438 0.514583 0.385937 0.514583 0.385937 0.556250 0.389062 0.704167 0.385937 0.727083 0.384375 0.727083 0.381250 0.729167 0.378125 0.727083 0.375000 0.722917 0.370312 0.712500 0.368750 0.708333 0.367188 0.704167 0.364063 0.693750 0.360938 0.683333 0.356250 0.664583 0.354687 0.656250 0.353125 0.647917 0.351562 0.637500 0.350000 0.620833 0.350000 0.597917 0.351562 0.591667 0.353125 0.585417 0.359375 0.566667 0.364063 0.558333 0.365625 0.550000 0.365625 0.514583 0.364063 0.510417 0.357812 0.506250 0.348438 0.506250 0.346875 0.504167 0.337500 0.506250
6 0.264062 0.487500 0.264062 0.500000 0.270313 0.531250 0.276562 0.554167 0.278125 0.562500 0.282813 0.589583 0.284375 0.600000 0.287500 0.633333 0.293750 0.662500 0.293750 0.675000 0.296875 0.683333 0.296875 0.693750 0.298438 0.695833 0.298438 0.704167 0.298438 0.685417 0.300000 0.681250 0.303125 0.677083 0.304688 0.677083 0.306250 0.675000 0.307812 0.670833 0.307812 0.643750 0.306250 0.614583 0.303125 0.585417 0.303125 0.506250 0.300000 0.493750 0.292187 0.491667 0.281250 0.489583 0.268750 0.487500 0.264062 0.487500
6 0.200000 0.475000 0.196875 0.477083 0.195312 0.479167 0.195312 0.481250 0.192188 0.485417 0.190625 0.489583 0.189062 0.500000 0.187500 0.508333 0.185938 0.518750 0.184375 0.529167 0.181250 0.562500 0.178125 0.572917 0.176563 0.597917 0.175000 0.608333 0.170313 0.629167 0.168750 0.639583 0.167187 0.666667 0.165625 0.677083 0.164062 0.687500 0.159375 0.706250 0.157812 0.716667 0.153125 0.750000 0.151562 0.772917 0.145313 0.802083 0.143750 0.814583 0.143750 0.829167 0.145313 0.831250 0.145313 0.835417 0.148438 0.837500 0.154688 0.839583 0.164062 0.841667 0.175000 0.843750 0.200000 0.845833 0.212500 0.847917 0.235937 0.852083 0.256250 0.856250 0.273438 0.862500 0.282813 0.864583 0.293750 0.866667 0.300000 0.864583 0.298438 0.722917 0.292187 0.727083 0.279687 0.727083 0.276562 0.722917 0.275000 0.718750 0.273438 0.712500 0.271875 0.706250 0.262500 0.666667 0.257812 0.641667 0.254688 0.622917 0.250000 0.591667 0.250000 0.579167 0.245312 0.558333 0.243750 0.541667 0.243750 0.525000 0.242188 0.510417 0.240625 0.495833 0.237500 0.481250 0.234375 0.479167 0.226562 0.479167 0.215625 0.475000 0.204687 0.472917 0.200000 0.475000
3 0.223438 0.402083 0.217188 0.410417 0.200000 0.435417 0.195312 0.445833 0.168750 0.483333 0.167187 0.485417 0.151562 0.504167 0.146875 0.508333 0.135937 0.514583 0.129688 0.516667 0.125000 0.516667 0.118750 0.518750 0.109375 0.531250 0.104688 0.541667 0.098437 0.554167 0.093750 0.564583 0.087500 0.579167 0.085938 0.583333 0.079687 0.602083 0.076563 0.612500 0.076563 0.620833 0.084375 0.631250 0.098437 0.647917 0.103125 0.647917 0.106250 0.645833 0.109375 0.639583 0.112500 0.633333 0.114062 0.627083 0.115625 0.625000 0.123438 0.614583 0.125000 0.608333 0.131250 0.600000 0.134375 0.591667 0.139063 0.583333 0.146875 0.572917 0.150000 0.566667 0.156250 0.550000 0.156250 0.539583 0.157812 0.533333 0.159375 0.529167 0.160938 0.525000 0.164062 0.518750 0.189062 0.483333 0.207813 0.460417 0.209375 0.458333 0.214062 0.447917 0.217188 0.443750 0.220312 0.441667 0.223438 0.437500 0.229687 0.429167 0.232813 0.422917 0.232813 0.418750 0.231250 0.408333 0.226562 0.402083 0.223438 0.402083
3 0.298438 0.291667 0.295312 0.293750 0.290625 0.300000 0.289062 0.300000 0.285938 0.304167 0.285938 0.306250 0.284375 0.308333 0.264062 0.333333 0.262500 0.337500 0.260937 0.341667 0.259375 0.350000 0.259375 0.362500 0.254688 0.370833 0.253125 0.379167 0.246875 0.391667 0.245312 0.397917 0.245312 0.410417 0.248438 0.408333 0.250000 0.406250 0.257812 0.395833 0.260937 0.391667 0.285938 0.356250 0.293750 0.341667 0.296875 0.335417 0.298438 0.329167 0.303125 0.322917 0.310937 0.304167 0.310937 0.297917 0.306250 0.291667 0.303125 0.289583 0.298438 0.291667
3 0.809375 0.270833 0.807813 0.275000 0.806250 0.287500 0.803125 0.293750 0.801562 0.302083 0.800000 0.329167 0.798438 0.368750 0.798438 0.429167 0.801562 0.527083 0.801562 0.593750 0.800000 0.600000 0.798438 0.604167 0.795312 0.610417 0.785937 0.622917 0.782813 0.629167 0.781250 0.637500 0.781250 0.710417 0.782813 0.745833 0.784375 0.758333 0.785937 0.760417 0.785937 0.764583 0.789062 0.764583 0.790625 0.762500 0.793750 0.762500 0.796875 0.766667 0.821875 0.766667 0.821875 0.627083 0.815625 0.612500 0.814063 0.606250 0.814063 0.564583 0.817187 0.541667 0.817187 0.510417 0.820312 0.479167 0.821875 0.437500 0.823438 0.387500 0.823438 0.281250 0.820312 0.270833 0.809375 0.270833
4 0.221875 0.245833 0.214062 0.247917 0.210938 0.250000 0.207813 0.252083 0.203125 0.256250 0.198437 0.262500 0.195312 0.268750 0.192188 0.275000 0.189062 0.285417 0.187500 0.293750 0.185938 0.302083 0.185938 0.335417 0.187500 0.345833 0.189062 0.352083 0.192188 0.362500 0.195312 0.368750 0.206250 0.383333 0.210938 0.385417 0.221875 0.395833 0.231250 0.408333 0.232813 0.412500 0.234375 0.416667 0.235937 0.425000 0.237500 0.441667 0.243750 0.500000 0.245312 0.531250 0.246875 0.547917 0.248438 0.560417 0.251563 0.572917 0.251563 0.585417 0.256250 0.618750 0.259375 0.637500 0.265625 0.670833 0.275000 0.710417 0.276562 0.716667 0.278125 0.720833 0.281250 0.725000 0.289062 0.725000 0.293750 0.722917 0.296875 0.720833 0.296875 0.702083 0.292187 0.668750 0.289062 0.658333 0.289062 0.647917 0.285938 0.637500 0.282813 0.604167 0.281250 0.593750 0.278125 0.577083 0.273438 0.552083 0.267188 0.529167 0.262500 0.506250 0.260937 0.497917 0.260937 0.487500 0.254688 0.460417 0.254688 0.450000 0.251563 0.441667 0.251563 0.433333 0.250000 0.427083 0.245312 0.416667 0.245312 0.395833 0.248438 0.387500 0.254688 0.370833 0.256250 0.364583 0.257812 0.358333 0.259375 0.350000 0.260937 0.341667 0.260937 0.312500 0.259375 0.300000 0.257812 0.291667 0.256250 0.285417 0.251563 0.272917 0.246875 0.264583 0.235937 0.250000 0.232813 0.247917 0.228125 0.245833 0.221875 0.245833
4 0.253125 0.183333 0.250000 0.187500 0.248438 0.191667 0.248438 0.195833 0.246875 0.200000 0.253125 0.208333 0.257812 0.212500 0.284375 0.233333 0.289062 0.239583 0.300000 0.247917 0.317188 0.260417 0.331250 0.270833 0.334375 0.272917 0.337500 0.272917 0.387500 0.308333 0.426563 0.329167 0.437500 0.335417 0.440625 0.337500 0.443750 0.339583 0.451562 0.345833 0.456250 0.350000 0.462500 0.358333 0.464062 0.364583 0.470313 0.389583 0.471875 0.393750 0.473438 0.397917 0.476562 0.404167 0.489063 0.420833 0.496875 0.427083 0.509375 0.435417 0.517188 0.439583 0.525000 0.441667 0.537500 0.443750 0.545312 0.441667 0.553125 0.437500 0.556250 0.435417 0.564063 0.429167 0.570312 0.420833 0.571875 0.416667 0.573438 0.410417 0.573438 0.397917 0.571875 0.387500 0.567187 0.375000 0.564063 0.368750 0.554688 0.356250 0.548438 0.350000 0.543750 0.345833 0.537500 0.341667 0.528125 0.335417 0.523438 0.333333 0.517188 0.331250 0.504687 0.329167 0.498437 0.329167 0.496875 0.331250 0.489063 0.331250 0.481250 0.335417 0.473438 0.337500 0.462500 0.335417 0.450000 0.327083 0.442188 0.320833 0.434375 0.312500 0.426563 0.308333 0.410938 0.291667 0.406250 0.287500 0.393750 0.277083 0.385937 0.270833 0.375000 0.262500 0.360938 0.254167 0.353125 0.245833 0.335938 0.235417 0.325000 0.227083 0.317188 0.218750 0.314063 0.216667 0.310937 0.214583 0.300000 0.210417 0.296875 0.208333 0.290625 0.202083 0.284375 0.200000 0.281250 0.197917 0.275000 0.191667 0.268750 0.187500 0.259375 0.183333 0.253125 0.183333
