13 0.584375 0.293750 0.571875 0.295833 0.565625 0.297917 0.560937 0.302083 0.556250 0.302083 0.553125 0.304167 0.550000 0.306250 0.545312 0.312500 0.537500 0.316667 0.526563 0.331250 0.518750 0.347917 0.514062 0.360417 0.512500 0.366667 0.509375 0.385417 0.507812 0.402083 0.507812 0.433333 0.509375 0.443750 0.510938 0.450000 0.512500 0.456250 0.514062 0.460417 0.520312 0.470833 0.525000 0.479167 0.534375 0.491667 0.548438 0.504167 0.557813 0.510417 0.562500 0.512500 0.567187 0.514583 0.573438 0.516667 0.601562 0.516667 0.607812 0.514583 0.614062 0.512500 0.618750 0.510417 0.626563 0.506250 0.629687 0.502083 0.631250 0.502083 0.632812 0.500000 0.632812 0.497917 0.635938 0.493750 0.653125 0.475000 0.657813 0.466667 0.660937 0.460417 0.664062 0.454167 0.665625 0.450000 0.668750 0.439583 0.670312 0.433333 0.671875 0.416667 0.671875 0.383333 0.670312 0.370833 0.668750 0.362500 0.665625 0.354167 0.660937 0.341667 0.657813 0.335417 0.643750 0.316667 0.637500 0.310417 0.629687 0.304167 0.626563 0.302083 0.621875 0.300000 0.617188 0.297917 0.610938 0.295833 0.596875 0.293750 0.584375 0.293750
1 0.785937 0.256250 0.776563 0.260417 0.759375 0.266667 0.754687 0.268750 0.746875 0.272917 0.743750 0.275000 0.737500 0.281250 0.731250 0.283333 0.721875 0.293750 0.720313 0.293750 0.718750 0.300000 0.717187 0.304167 0.718750 0.308333 0.726562 0.318750 0.728125 0.322917 0.729688 0.331250 0.732812 0.350000 0.732812 0.360417 0.737500 0.379167 0.739062 0.389583 0.740625 0.402083 0.740625 0.416667 0.742188 0.429167 0.745313 0.450000 0.746875 0.462500 0.750000 0.468750 0.751563 0.477083 0.754687 0.493750 0.754687 0.506250 0.757812 0.518750 0.759375 0.533333 0.759375 0.545833 0.756250 0.552083 0.756250 0.581250 0.753125 0.585417 0.751563 0.589583 0.751563 0.600000 0.753125 0.602083 0.753125 0.606250 0.768750 0.606250 0.785937 0.604167 0.795312 0.602083 0.804688 0.600000 0.818750 0.595833 0.823438 0.593750 0.828125 0.591667 0.832812 0.585417 0.834375 0.581250 0.834375 0.570833 0.832812 0.562500 0.831250 0.554167 0.828125 0.545833 0.826562 0.541667 0.820312 0.529167 0.818750 0.525000 0.817187 0.520833 0.817187 0.504167 0.812500 0.477083 0.812500 0.450000 0.809375 0.422917 0.804688 0.385417 0.803125 0.375000 0.800000 0.364583 0.798438 0.352083 0.796875 0.333333 0.798438 0.291667 0.798438 0.281250 0.796875 0.270833 0.795312 0.268750 0.795312 0.260417 0.793750 0.256250 0.785937 0.256250
6 0.184375 0.212500 0.289062 0.214583 0.284375 0.216667 0.284375 0.218750 0.278125 0.220833 0.273438 0.225000 0.268750 0.225000 0.264062 0.227083 0.251563 0.235417 0.245312 0.235417 0.229687 0.243750 0.220312 0.243750 0.214062 0.237500 0.203125 0.237500 0.200000 0.241667 0.196875 0.241667 0.193750 0.245833 0.193750 0.254167 0.196875 0.258333 0.196875 0.262500 0.200000 0.266667 0.201563 0.272917 0.201563 0.279167 0.203125 0.287500 0.209375 0.295833 0.210938 0.302083 0.210938 0.310417 0.212500 0.316667 0.214062 0.320833 0.215625 0.325000 0.220312 0.331250 0.221875 0.335417 0.223438 0.345833 0.223438 0.356250 0.225000 0.362500 0.235937 0.364583 0.242188 0.362500 0.246875 0.360417 0.251563 0.358333 0.254688 0.356250 0.260937 0.350000 0.264062 0.347917 0.271875 0.343750 0.284375 0.337500 0.312500 0.325000 0.337500 0.314583 0.353125 0.310417 0.367188 0.300000 0.371875 0.297917 0.392188 0.289583 0.403125 0.285417 0.420312 0.279167 0.426563 0.279167 0.435937 0.283333 0.450000 0.283333 0.456250 0.281250 0.459375 0.279167 0.464062 0.272917 0.462500 0.266667 0.457813 0.254167 0.456250 0.241667 0.451562 0.231250 0.451562 0.220833 0.454688 0.220833 0.456250 0.218750 0.496875 0.216667 0.507812 0.218750 0.507812 0.222917 0.509375 0.225000 0.507812 0.281250 0.507812 0.293750 0.509375 0.362500 0.506250 0.377083 0.504687 0.391667 0.504687 0.439583 0.509375 0.458333 0.509375 0.477083 0.507812 0.512500 0.506250 0.516667 0.484375 0.516667 0.481250 0.520833 0.481250 0.539583 0.484375 0.550000 0.484375 0.560417 0.485938 0.568750 0.487500 0.579167 0.489063 0.583333 0.490625 0.587500 0.496875 0.595833 0.496875 0.602083 0.495312 0.606250 0.492188 0.610417 0.490625 0.616667 0.493750 0.620833 0.504687 0.620833 0.504687 0.629167 0.506250 0.631250 0.506250 0.658333 0.504687 0.672917 0.503125 0.677083 0.489063 0.681250 0.390625 0.679167 0.339062 0.677083 0.334375 0.675000 0.329688 0.672917 0.325000 0.668750 0.320312 0.666667 0.306250 0.664583 0.293750 0.664583 0.296875 0.614583 0.317188 0.614583 0.325000 0.612500 0.329688 0.610417 0.334375 0.608333 0.343750 0.602083 0.348438 0.597917 0.354687 0.589583 0.356250 0.589583 0.360938 0.583333 0.365625 0.575000 0.368750 0.568750 0.373437 0.558333 0.375000 0.552083 0.376563 0.545833 0.378125 0.537500 0.378125 0.504167 0.376563 0.493750 0.367188 0.468750 0.364063 0.462500 0.351562 0.445833 0.343750 0.437500 0.334375 0.431250 0.329688 0.429167 0.325000 0.427083 0.317188 0.425000 0.293750 0.425000 0.287500 0.427083 0.282813 0.429167 0.275000 0.433333 0.271875 0.435417 0.267188 0.439583 0.248438 0.464583 0.245312 0.470833 0.243750 0.475000 0.242188 0.479167 0.239063 0.489583 0.237500 0.497917 0.235937 0.508333 0.235937 0.533333 0.237500 0.541667 0.239063 0.547917 0.240625 0.554167 0.242188 0.558333 0.245312 0.564583 0.250000 0.572917 0.253125 0.577083 0.254688 0.579167 0.262500 0.589583 0.264062 0.591667 0.270313 0.597917 0.275000 0.602083 0.279687 0.606250 0.282813 0.608333 0.290625 0.612500 0.296875 0.614583 0.293750 0.664583 0.292187 0.666667 0.278125 0.666667 0.264062 0.672917 0.256250 0.675000 0.253125 0.675000 0.250000 0.672917 0.246875 0.666667 0.239063 0.658333 0.229687 0.647917 0.226562 0.645833 0.223438 0.643750 0.212500 0.643750 0.207813 0.645833 0.204687 0.647917 0.203125 0.650000 0.201563 0.654167 0.198437 0.662500 0.198437 0.670833 0.195312 0.675000 0.171875 0.675000 0.168750 0.666667 0.168750 0.625000 0.171875 0.562500 0.170313 0.456250 0.170313 0.450000 0.173437 0.420833 0.175000 0.287500 0.175000 0.262500 0.171875 0.229167 0.171875 0.218750 0.173437 0.214583 0.176563 0.212500 0.184375 0.212500
13 0.301563 0.427083 0.292187 0.429167 0.285938 0.431250 0.281250 0.433333 0.268750 0.441667 0.260937 0.450000 0.254688 0.458333 0.250000 0.466667 0.246875 0.472917 0.245312 0.477083 0.243750 0.481250 0.242188 0.487500 0.240625 0.493750 0.239063 0.502083 0.239063 0.537500 0.240625 0.543750 0.242188 0.550000 0.246875 0.562500 0.260937 0.583333 0.264062 0.587500 0.271875 0.595833 0.276562 0.600000 0.281250 0.604167 0.284375 0.606250 0.287500 0.608333 0.293750 0.610417 0.309375 0.612500 0.323437 0.610417 0.328125 0.608333 0.332813 0.606250 0.345313 0.597917 0.351562 0.591667 0.360938 0.579167 0.365625 0.570833 0.368750 0.564583 0.371875 0.554167 0.373437 0.547917 0.375000 0.541667 0.376563 0.531250 0.376563 0.510417 0.375000 0.500000 0.373437 0.493750 0.371875 0.487500 0.365625 0.470833 0.362500 0.464583 0.356250 0.454167 0.348438 0.445833 0.343750 0.441667 0.339062 0.437500 0.335938 0.435417 0.331250 0.433333 0.326562 0.431250 0.320312 0.429167 0.310937 0.429167 0.309375 0.427083 0.301563 0.427083
6 0.767188 0.002083 0.750000 0.004167 0.737500 0.008333 0.715625 0.014583 0.704688 0.018750 0.679688 0.031250 0.667188 0.035417 0.654687 0.037500 0.648438 0.039583 0.642188 0.047917 0.642188 0.064583 0.643750 0.075000 0.648438 0.093750 0.650000 0.104167 0.651563 0.127083 0.659375 0.166667 0.660937 0.191667 0.664062 0.202083 0.665625 0.225000 0.668750 0.235417 0.671875 0.258333 0.675000 0.281250 0.675000 0.293750 0.681250 0.335417 0.685937 0.354167 0.685937 0.366667 0.689063 0.377083 0.690625 0.387500 0.692187 0.402083 0.692187 0.414583 0.693750 0.429167 0.695312 0.439583 0.696875 0.447917 0.701562 0.466667 0.703125 0.472917 0.704688 0.477083 0.712500 0.477083 0.717187 0.475000 0.729688 0.466667 0.742188 0.464583 0.743750 0.456250 0.742188 0.443750 0.739062 0.431250 0.739062 0.416667 0.734375 0.393750 0.734375 0.381250 0.731250 0.370833 0.731250 0.360417 0.728125 0.341667 0.726562 0.333333 0.725000 0.327083 0.723437 0.320833 0.718750 0.314583 0.715625 0.308333 0.715625 0.295833 0.721875 0.287500 0.726562 0.283333 0.731250 0.279167 0.750000 0.266667 0.759375 0.262500 0.773438 0.256250 0.784375 0.252083 0.796875 0.254167 0.798438 0.260417 0.800000 0.270833 0.800000 0.335417 0.801562 0.350000 0.803125 0.362500 0.806250 0.372917 0.807813 0.385417 0.809375 0.408333 0.814063 0.439583 0.817187 0.452083 0.832812 0.452083 0.854688 0.447917 0.865625 0.445833 0.875000 0.441667 0.885938 0.441667 0.892188 0.437500 0.903125 0.437500 0.912500 0.435417 0.960938 0.420833 0.985938 0.416667 0.993750 0.412500 0.998437 0.412500 0.998437 0.256250 0.995313 0.250000 0.995313 0.241667 0.992188 0.233333 0.990625 0.225000 0.990625 0.216667 0.985938 0.200000 0.984375 0.183333 0.982812 0.175000 0.976562 0.152083 0.975000 0.135417 0.973437 0.127083 0.968750 0.104167 0.962500 0.083333 0.960938 0.068750 0.953125 0.041667 0.951562 0.027083 0.946875 0.008333 0.943750 0.004167 0.935937 0.002083 0.870313 0.004167 0.867188 0.004167 0.865625 0.002083 0.859375 0.004167 0.845313 0.004167 0.835938 0.004167 0.828125 0.004167 0.820312 0.004167 0.807813 0.004167 0.804688 0.004167 0.767188 0.002083
14 0.210938 0.647917 0.201563 0.660417 0.201563 0.675000 0.203125 0.679167 0.204687 0.683333 0.217188 0.710417 0.214062 0.714583 0.214062 0.716667 0.204687 0.731250 0.201563 0.737500 0.198437 0.745833 0.193750 0.758333 0.193750 0.768750 0.190625 0.777083 0.190625 0.804167 0.193750 0.822917 0.195312 0.833333 0.200000 0.850000 0.204687 0.860417 0.207813 0.866667 0.217188 0.879167 0.217188 0.881250 0.225000 0.891667 0.231250 0.893750 0.237500 0.900000 0.243750 0.904167 0.251563 0.908333 0.256250 0.910417 0.262500 0.912500 0.295312 0.912500 0.303125 0.910417 0.307812 0.908333 0.315625 0.904167 0.325000 0.897917 0.329688 0.893750 0.334375 0.889583 0.345313 0.875000 0.351562 0.864583 0.354687 0.858333 0.357812 0.852083 0.359375 0.847917 0.360938 0.843750 0.373437 0.808333 0.375000 0.802083 0.376563 0.793750 0.376563 0.752083 0.375000 0.743750 0.373437 0.737500 0.371875 0.731250 0.368750 0.727083 0.368750 0.722917 0.364063 0.712500 0.359375 0.704167 0.353125 0.695833 0.340625 0.681250 0.335938 0.677083 0.331250 0.675000 0.326562 0.675000 0.321875 0.670833 0.309375 0.670833 0.307812 0.668750 0.296875 0.668750 0.278125 0.670833 0.271875 0.672917 0.265625 0.675000 0.260937 0.677083 0.257812 0.681250 0.253125 0.681250 0.235937 0.658333 0.228125 0.650000 0.225000 0.647917 0.210938 0.647917
13 0.542188 0.689583 0.535937 0.691667 0.531250 0.693750 0.525000 0.697917 0.515625 0.704167 0.510938 0.708333 0.501563 0.720833 0.495312 0.731250 0.493750 0.735417 0.492188 0.739583 0.489063 0.750000 0.487500 0.758333 0.485938 0.772917 0.485938 0.785417 0.487500 0.800000 0.489063 0.808333 0.490625 0.814583 0.495312 0.827083 0.498437 0.833333 0.507812 0.847917 0.515625 0.856250 0.520312 0.860417 0.523438 0.862500 0.531250 0.866667 0.535937 0.868750 0.543750 0.870833 0.565625 0.870833 0.573438 0.868750 0.578125 0.866667 0.582812 0.864583 0.585938 0.862500 0.589063 0.860417 0.600000 0.850000 0.606250 0.841667 0.610938 0.833333 0.614062 0.827083 0.620313 0.810417 0.621875 0.802083 0.623437 0.785417 0.623437 0.777083 0.621875 0.758333 0.620313 0.752083 0.618750 0.743750 0.615625 0.739583 0.615625 0.735417 0.612500 0.729167 0.607812 0.720833 0.595313 0.704167 0.587500 0.697917 0.579688 0.693750 0.575000 0.691667 0.568750 0.689583 0.542188 0.689583
13 0.737500 0.706250 0.729688 0.708333 0.721875 0.712500 0.712500 0.718750 0.700000 0.735417 0.696875 0.741667 0.695312 0.745833 0.692187 0.756250 0.690625 0.764583 0.690625 0.791667 0.692187 0.800000 0.693750 0.806250 0.698438 0.818750 0.701562 0.825000 0.710938 0.837500 0.715625 0.841667 0.728125 0.850000 0.732812 0.852083 0.740625 0.854167 0.753125 0.854167 0.760938 0.852083 0.765625 0.850000 0.775000 0.843750 0.779687 0.839583 0.787500 0.829167 0.792188 0.820833 0.796875 0.808333 0.798438 0.802083 0.800000 0.793750 0.800000 0.772917 0.798438 0.760417 0.795312 0.750000 0.793750 0.745833 0.790625 0.739583 0.785937 0.731250 0.781250 0.725000 0.775000 0.718750 0.770312 0.714583 0.757812 0.708333 0.750000 0.706250 0.737500 0.706250
1 0.420312 0.145833 0.415625 0.147917 0.412500 0.152083 0.403125 0.166667 0.401562 0.172917 0.398438 0.175000 0.392188 0.179167 0.371875 0.185417 0.367188 0.189583 0.362500 0.189583 0.360938 0.187500 0.356250 0.187500 0.353125 0.189583 0.350000 0.195833 0.342187 0.200000 0.337500 0.202083 0.332813 0.204167 0.321875 0.206250 0.312500 0.212500 0.306250 0.212500 0.300000 0.214583 0.282813 0.225000 0.278125 0.227083 0.273438 0.227083 0.264062 0.233333 0.259375 0.235417 0.248438 0.237500 0.239063 0.243750 0.223438 0.250000 0.220312 0.245833 0.218750 0.245833 0.214062 0.239583 0.203125 0.239583 0.200000 0.241667 0.196875 0.243750 0.195312 0.254167 0.196875 0.258333 0.201563 0.266667 0.203125 0.270833 0.204687 0.281250 0.206250 0.285417 0.207813 0.289583 0.210938 0.293750 0.212500 0.297917 0.214062 0.302083 0.214062 0.312500 0.217188 0.322917 0.223438 0.329167 0.225000 0.337500 0.226562 0.347917 0.228125 0.360417 0.237500 0.360417 0.242188 0.358333 0.246875 0.356250 0.250000 0.354167 0.253125 0.352083 0.256250 0.347917 0.259375 0.345833 0.262500 0.343750 0.270313 0.341667 0.281250 0.335417 0.284375 0.331250 0.287500 0.329167 0.293750 0.327083 0.304688 0.325000 0.325000 0.314583 0.331250 0.314583 0.340625 0.310417 0.359375 0.302083 0.367188 0.295833 0.371875 0.293750 0.376563 0.293750 0.385937 0.287500 0.396875 0.283333 0.409375 0.281250 0.415625 0.279167 0.420312 0.275000 0.428125 0.275000 0.440625 0.279167 0.442188 0.281250 0.445312 0.281250 0.453125 0.279167 0.456250 0.277083 0.459375 0.275000 0.459375 0.268750 0.459375 0.264583 0.453125 0.241667 0.448437 0.231250 0.446875 0.225000 0.446875 0.214583 0.443750 0.204167 0.443750 0.193750 0.437500 0.168750 0.431250 0.152083 0.429688 0.145833 0.426563 0.141667 0.420312 0.145833
1 0.735938 0.472917 0.729688 0.475000 0.725000 0.477083 0.721875 0.479167 0.715625 0.485417 0.707812 0.487500 0.701562 0.487500 0.695312 0.491667 0.687500 0.493750 0.665625 0.495833 0.656250 0.497917 0.637500 0.504167 0.632812 0.506250 0.628125 0.508333 0.620313 0.514583 0.615625 0.516667 0.610938 0.518750 0.600000 0.520833 0.573438 0.518750 0.551562 0.518750 0.534375 0.522917 0.498437 0.520833 0.484375 0.520833 0.484375 0.539583 0.487500 0.547917 0.489063 0.558333 0.489063 0.568750 0.490625 0.577083 0.492188 0.583333 0.503125 0.597917 0.501563 0.606250 0.498437 0.606250 0.495312 0.610417 0.495312 0.614583 0.507812 0.614583 0.517188 0.612500 0.521875 0.610417 0.525000 0.606250 0.529687 0.608333 0.537500 0.604167 0.553125 0.604167 0.560937 0.600000 0.575000 0.597917 0.585938 0.597917 0.596875 0.595833 0.618750 0.589583 0.629687 0.587500 0.643750 0.587500 0.654687 0.585417 0.662500 0.581250 0.673438 0.581250 0.684375 0.577083 0.695312 0.577083 0.712500 0.570833 0.723437 0.570833 0.729688 0.577083 0.740625 0.583333 0.753125 0.583333 0.753125 0.554167 0.750000 0.535417 0.742188 0.493750 0.742188 0.481250 0.740625 0.477083 0.739062 0.475000 0.735938 0.472917
6 0.717187 0.577083 0.729688 0.581250 0.737500 0.587500 0.745313 0.589583 0.748437 0.597917 0.748437 0.606250 0.751563 0.610417 0.770312 0.610417 0.785937 0.608333 0.796875 0.606250 0.804688 0.604167 0.820312 0.597917 0.832812 0.597917 0.846875 0.608333 0.865625 0.618750 0.873437 0.620833 0.881250 0.627083 0.893750 0.631250 0.904687 0.637500 0.915625 0.645833 0.923438 0.650000 0.928125 0.650000 0.939063 0.658333 0.950000 0.662500 0.964063 0.672917 0.971875 0.675000 0.982812 0.681250 0.985938 0.683333 0.989062 0.685417 0.990625 0.700000 0.971875 0.747917 0.962500 0.775000 0.957812 0.793750 0.954688 0.797917 0.950000 0.812500 0.940625 0.841667 0.932813 0.866667 0.914062 0.927083 0.906250 0.952083 0.900000 0.979167 0.898438 0.983333 0.896875 0.987500 0.890625 0.995833 0.885938 0.997917 0.875000 0.997917 0.787500 0.995833 0.781250 0.993750 0.759375 0.979167 0.745313 0.966667 0.732812 0.960417 0.726562 0.956250 0.689063 0.931250 0.685937 0.927083 0.665625 0.916667 0.653125 0.906250 0.637500 0.895833 0.632812 0.895833 0.620313 0.887500 0.615625 0.883333 0.610938 0.877083 0.610938 0.870833 0.614062 0.860417 0.620313 0.845833 0.623437 0.835417 0.623437 0.829167 0.631250 0.812500 0.637500 0.793750 0.651563 0.752083 0.654687 0.737500 0.690625 0.754167 0.689063 0.762500 0.687500 0.777083 0.689063 0.795833 0.692187 0.808333 0.693750 0.814583 0.696875 0.820833 0.700000 0.827083 0.709375 0.839583 0.715625 0.845833 0.725000 0.852083 0.729688 0.854167 0.734375 0.856250 0.759375 0.856250 0.764062 0.854167 0.768750 0.852083 0.771875 0.850000 0.775000 0.847917 0.779687 0.843750 0.790625 0.829167 0.795312 0.820833 0.800000 0.808333 0.801562 0.800000 0.803125 0.791667 0.803125 0.775000 0.801562 0.762500 0.800000 0.756250 0.798438 0.750000 0.796875 0.745833 0.793750 0.739583 0.787500 0.729167 0.781250 0.720833 0.771875 0.712500 0.768750 0.710417 0.765625 0.708333 0.760938 0.706250 0.756250 0.704167 0.748437 0.704167 0.746875 0.702083 0.740625 0.702083 0.739062 0.704167 0.731250 0.704167 0.726562 0.706250 0.721875 0.708333 0.714063 0.714583 0.709375 0.718750 0.700000 0.731250 0.696875 0.737500 0.690625 0.754167 0.654687 0.737500 0.659375 0.722917 0.670312 0.695833 0.675000 0.677083 0.682813 0.654167 0.698438 0.608333 0.703125 0.595833 0.707812 0.585417 0.709375 0.579167 0.712500 0.577083 0.717187 0.577083
