13 0.362500 0.727083 0.354687 0.729167 0.345313 0.735417 0.340625 0.739583 0.335938 0.743750 0.326562 0.756250 0.323437 0.762500 0.320312 0.768750 0.318750 0.772917 0.317188 0.777083 0.315625 0.783333 0.314063 0.791667 0.314063 0.804167 0.312500 0.810417 0.307812 0.820833 0.306250 0.833333 0.306250 0.858333 0.307812 0.864583 0.309375 0.870833 0.310937 0.875000 0.315625 0.885417 0.325000 0.897917 0.337500 0.906250 0.345313 0.908333 0.354687 0.908333 0.365625 0.906250 0.375000 0.900000 0.389062 0.881250 0.392188 0.879167 0.395313 0.877083 0.400000 0.877083 0.407813 0.870833 0.420312 0.854167 0.423438 0.847917 0.425000 0.843750 0.426563 0.837500 0.428125 0.831250 0.429688 0.822917 0.431250 0.804167 0.431250 0.800000 0.429688 0.785417 0.428125 0.777083 0.426563 0.768750 0.425000 0.764583 0.423438 0.760417 0.410938 0.743750 0.406250 0.739583 0.401562 0.735417 0.392188 0.729167 0.387500 0.727083 0.362500 0.727083
8 0.660937 0.058333 0.654687 0.060417 0.650000 0.062500 0.642188 0.066667 0.639062 0.068750 0.634375 0.072917 0.629687 0.079167 0.628125 0.079167 0.625000 0.083333 0.618750 0.093750 0.615625 0.100000 0.612500 0.106250 0.610938 0.110417 0.609375 0.114583 0.606250 0.129167 0.603125 0.133333 0.601562 0.137500 0.598437 0.147917 0.598437 0.154167 0.595313 0.160417 0.592187 0.175000 0.587500 0.195833 0.585938 0.208333 0.585938 0.227083 0.587500 0.237500 0.589063 0.243750 0.590625 0.247917 0.592187 0.252083 0.595313 0.258333 0.600000 0.264583 0.601562 0.264583 0.607812 0.272917 0.618750 0.279167 0.645312 0.279167 0.653125 0.277083 0.657813 0.275000 0.665625 0.270833 0.675000 0.264583 0.696875 0.235417 0.703125 0.220833 0.712500 0.208333 0.717187 0.200000 0.717187 0.195833 0.720313 0.191667 0.721875 0.181250 0.731250 0.160417 0.731250 0.154167 0.729688 0.116667 0.726562 0.106250 0.723437 0.100000 0.720313 0.093750 0.715625 0.085417 0.704688 0.070833 0.701562 0.068750 0.698438 0.066667 0.684375 0.058333 0.660937 0.058333
8 0.514062 0.325000 0.504687 0.327083 0.498437 0.329167 0.495312 0.331250 0.487500 0.337500 0.482812 0.341667 0.470313 0.358333 0.467187 0.364583 0.460938 0.381250 0.459375 0.389583 0.457813 0.400000 0.457813 0.414583 0.459375 0.427083 0.460938 0.433333 0.464062 0.443750 0.465625 0.447917 0.471875 0.460417 0.478125 0.468750 0.484375 0.475000 0.489063 0.479167 0.492188 0.481250 0.500000 0.485417 0.504687 0.487500 0.514062 0.489583 0.525000 0.489583 0.534375 0.487500 0.540625 0.485417 0.553125 0.477083 0.560937 0.468750 0.564063 0.464583 0.564063 0.462500 0.568750 0.456250 0.571875 0.450000 0.573438 0.445833 0.575000 0.441667 0.576562 0.435417 0.578125 0.429167 0.579688 0.418750 0.579688 0.397917 0.578125 0.387500 0.576562 0.381250 0.575000 0.375000 0.568750 0.358333 0.562500 0.347917 0.560937 0.345833 0.559375 0.345833 0.546875 0.333333 0.543750 0.331250 0.539062 0.329167 0.534375 0.327083 0.525000 0.325000 0.514062 0.325000
1 0.876563 0.364583 0.871875 0.366667 0.864062 0.372917 0.859375 0.372917 0.853125 0.370833 0.848437 0.366667 0.837500 0.366667 0.832812 0.370833 0.829688 0.372917 0.832812 0.375000 0.842187 0.377083 0.846875 0.379167 0.856250 0.385417 0.864062 0.391667 0.876563 0.408333 0.879687 0.416667 0.884375 0.429167 0.885938 0.435417 0.887500 0.441667 0.887500 0.462500 0.890625 0.466667 0.893750 0.468750 0.898438 0.468750 0.904687 0.472917 0.907813 0.477083 0.910937 0.487500 0.914062 0.487500 0.923438 0.475000 0.929688 0.470833 0.929688 0.462500 0.928125 0.456250 0.920312 0.431250 0.915625 0.416667 0.904687 0.385417 0.900000 0.377083 0.898438 0.375000 0.895312 0.372917 0.892188 0.370833 0.887500 0.368750 0.882812 0.366667 0.876563 0.364583
17 0.437500 0.443750 0.439063 0.447917 0.439063 0.452083 0.435937 0.464583 0.435937 0.477083 0.432812 0.485417 0.434375 0.493750 0.435937 0.487500 0.440625 0.481250 0.442188 0.466667 0.446875 0.460417 0.450000 0.462500 0.451562 0.462500 0.448437 0.479167 0.445312 0.493750 0.443750 0.502083 0.443750 0.510417 0.450000 0.518750 0.451562 0.522917 0.451562 0.529167 0.453125 0.533333 0.457813 0.535417 0.467187 0.533333 0.470313 0.535417 0.475000 0.541667 0.481250 0.554167 0.481250 0.556250 0.492188 0.554167 0.510938 0.552083 0.520312 0.550000 0.532813 0.543750 0.545312 0.541667 0.560937 0.541667 0.564063 0.545833 0.564063 0.556250 0.560937 0.560417 0.554688 0.564583 0.546875 0.566667 0.540625 0.568750 0.526563 0.570833 0.512500 0.575000 0.495312 0.583333 0.489063 0.583333 0.485938 0.587500 0.485938 0.600000 0.484375 0.608333 0.482812 0.612500 0.478125 0.616667 0.473438 0.618750 0.468750 0.620833 0.464062 0.620833 0.459375 0.616667 0.454688 0.620833 0.456250 0.625000 0.462500 0.637500 0.464062 0.645833 0.465625 0.650000 0.471875 0.662500 0.475000 0.670833 0.478125 0.679167 0.478125 0.687500 0.475000 0.691667 0.467187 0.697917 0.464062 0.697917 0.457813 0.697917 0.459375 0.691667 0.446875 0.662500 0.445312 0.654167 0.440625 0.645833 0.440625 0.641667 0.434375 0.633333 0.429688 0.639583 0.423438 0.650000 0.423438 0.658333 0.432812 0.670833 0.448437 0.687500 0.457813 0.697917 0.464062 0.697917 0.467187 0.710417 0.468750 0.712500 0.470313 0.714583 0.473438 0.718750 0.481250 0.725000 0.490625 0.739583 0.493750 0.741667 0.498437 0.743750 0.503125 0.737500 0.506250 0.737500 0.506250 0.741667 0.509375 0.743750 0.509375 0.747917 0.512500 0.752083 0.517188 0.752083 0.520312 0.754167 0.523438 0.758333 0.523438 0.762500 0.517188 0.770833 0.515625 0.775000 0.515625 0.783333 0.510938 0.783333 0.507812 0.787500 0.506250 0.787500 0.504687 0.789583 0.504687 0.791667 0.498437 0.793750 0.495312 0.789583 0.495312 0.783333 0.489063 0.781250 0.481250 0.770833 0.481250 0.766667 0.489063 0.756250 0.484375 0.750000 0.475000 0.739583 0.473438 0.739583 0.467187 0.729167 0.446875 0.702083 0.442188 0.695833 0.415625 0.662500 0.406250 0.675000 0.404687 0.679167 0.403125 0.685417 0.401562 0.697917 0.400000 0.704167 0.396875 0.714583 0.395313 0.718750 0.390625 0.725000 0.385937 0.725000 0.384375 0.720833 0.384375 0.704167 0.390625 0.693750 0.393750 0.685417 0.390625 0.679167 0.387500 0.677083 0.384375 0.679167 0.378125 0.689583 0.375000 0.691667 0.368750 0.691667 0.367188 0.681250 0.368750 0.677083 0.375000 0.666667 0.376563 0.662500 0.376563 0.650000 0.378125 0.643750 0.379688 0.637500 0.381250 0.633333 0.385937 0.627083 0.389062 0.620833 0.389062 0.606250 0.392188 0.595833 0.382812 0.593750 0.378125 0.591667 0.375000 0.589583 0.371875 0.587500 0.370312 0.585417 0.368750 0.579167 0.362500 0.570833 0.354687 0.568750 0.340625 0.568750 0.329688 0.564583 0.320312 0.564583 0.317188 0.562500 0.315625 0.554167 0.337500 0.554167 0.342187 0.554167 0.362500 0.552083 0.370312 0.550000 0.373437 0.547917 0.376563 0.543750 0.379688 0.541667 0.395313 0.543750 0.400000 0.539583 0.401562 0.527083 0.403125 0.520833 0.406250 0.514583 0.415625 0.504167 0.417187 0.500000 0.418750 0.495833 0.421875 0.485417 0.423438 0.479167 0.425000 0.472917 0.426563 0.460417 0.428125 0.452083 0.429688 0.447917 0.434375 0.441667 0.437500 0.443750
9 0.776563 0.370833 0.770312 0.372917 0.767188 0.375000 0.765625 0.377083 0.765625 0.379167 0.764062 0.383333 0.767188 0.391667 0.764062 0.393750 0.762500 0.395833 0.754687 0.397917 0.751563 0.400000 0.748437 0.402083 0.740625 0.408333 0.735938 0.412500 0.731250 0.418750 0.723437 0.431250 0.718750 0.443750 0.717187 0.450000 0.715625 0.456250 0.715625 0.489583 0.717187 0.495833 0.718750 0.502083 0.720313 0.506250 0.726562 0.518750 0.732812 0.527083 0.739062 0.533333 0.745313 0.537500 0.754687 0.543750 0.765625 0.547917 0.773438 0.547917 0.775000 0.550000 0.781250 0.550000 0.782813 0.547917 0.787500 0.547917 0.800000 0.552083 0.815625 0.554167 0.825000 0.554167 0.832812 0.552083 0.837500 0.550000 0.840625 0.547917 0.845313 0.543750 0.848437 0.537500 0.853125 0.527083 0.859375 0.518750 0.862500 0.516667 0.865625 0.514583 0.871875 0.516667 0.875000 0.516667 0.878125 0.512500 0.882812 0.500000 0.884375 0.491667 0.885938 0.481250 0.887500 0.468750 0.887500 0.462500 0.885938 0.447917 0.884375 0.439583 0.882812 0.433333 0.878125 0.418750 0.873437 0.408333 0.864062 0.395833 0.857812 0.389583 0.851562 0.385417 0.842187 0.379167 0.835938 0.377083 0.828125 0.375000 0.817187 0.375000 0.798438 0.377083 0.787500 0.370833 0.776563 0.370833
11 0.604688 0.470833 0.601562 0.470833 0.598437 0.472917 0.579688 0.493750 0.578125 0.493750 0.575000 0.497917 0.573438 0.502083 0.573438 0.512500 0.576562 0.516667 0.578125 0.516667 0.581250 0.520833 0.582812 0.527083 0.587500 0.533333 0.589063 0.533333 0.595313 0.541667 0.601562 0.558333 0.606250 0.564583 0.607812 0.570833 0.612500 0.577083 0.617188 0.589583 0.625000 0.602083 0.628125 0.608333 0.637500 0.631250 0.639062 0.635417 0.640625 0.639583 0.640625 0.670833 0.637500 0.683333 0.637500 0.687500 0.639062 0.691667 0.648438 0.710417 0.653125 0.718750 0.668750 0.741667 0.673438 0.754167 0.682813 0.766667 0.693750 0.787500 0.700000 0.797917 0.710938 0.812500 0.721875 0.833333 0.729688 0.843750 0.740625 0.864583 0.745313 0.870833 0.756250 0.883333 0.764062 0.895833 0.770312 0.906250 0.773438 0.912500 0.775000 0.920833 0.778125 0.929167 0.784375 0.937500 0.787500 0.939583 0.798438 0.941667 0.807813 0.939583 0.812500 0.937500 0.817187 0.935417 0.820312 0.931250 0.823438 0.931250 0.834375 0.922917 0.839063 0.918750 0.848437 0.908333 0.860938 0.891667 0.865625 0.883333 0.868750 0.877083 0.871875 0.870833 0.873437 0.866667 0.875000 0.862500 0.875000 0.847917 0.873437 0.841667 0.870313 0.835417 0.865625 0.827083 0.850000 0.808333 0.846875 0.800000 0.832812 0.779167 0.826562 0.768750 0.821875 0.758333 0.815625 0.747917 0.809375 0.737500 0.806250 0.733333 0.795312 0.720833 0.787500 0.708333 0.784375 0.702083 0.778125 0.685417 0.775000 0.679167 0.771875 0.672917 0.767188 0.664583 0.762500 0.656250 0.751563 0.637500 0.743750 0.627083 0.739062 0.616667 0.725000 0.597917 0.721875 0.595833 0.718750 0.593750 0.714063 0.591667 0.695312 0.591667 0.692187 0.589583 0.689063 0.587500 0.679688 0.577083 0.660937 0.552083 0.654687 0.547917 0.645312 0.535417 0.640625 0.527083 0.637500 0.518750 0.626563 0.504167 0.625000 0.495833 0.612500 0.479167 0.612500 0.475000 0.607812 0.468750 0.604688 0.470833
2 0.609375 0.316667 0.604688 0.320833 0.600000 0.320833 0.592187 0.325000 0.570312 0.339583 0.564063 0.345833 0.565625 0.350000 0.571875 0.360417 0.578125 0.377083 0.579688 0.383333 0.581250 0.389583 0.581250 0.400000 0.582812 0.410417 0.585938 0.418750 0.590625 0.431250 0.593750 0.437500 0.601562 0.450000 0.601562 0.454167 0.614062 0.470833 0.618750 0.472917 0.621875 0.468750 0.634375 0.460417 0.654687 0.445833 0.667188 0.431250 0.670312 0.427083 0.670312 0.418750 0.668750 0.414583 0.660937 0.402083 0.657813 0.395833 0.650000 0.377083 0.650000 0.372917 0.646875 0.368750 0.645312 0.364583 0.643750 0.354167 0.637500 0.339583 0.634375 0.333333 0.626563 0.318750 0.623437 0.316667 0.609375 0.316667
1 0.864062 0.518750 0.860938 0.520833 0.853125 0.531250 0.851562 0.535417 0.850000 0.543750 0.845313 0.550000 0.823438 0.579167 0.815625 0.589583 0.809375 0.593750 0.803125 0.602083 0.801562 0.606250 0.801562 0.614583 0.812500 0.627083 0.818750 0.635417 0.820312 0.639583 0.820312 0.647917 0.815625 0.654167 0.814063 0.658333 0.815625 0.662500 0.817187 0.666667 0.818750 0.668750 0.820312 0.668750 0.823438 0.672917 0.828125 0.672917 0.832812 0.675000 0.835938 0.679167 0.839063 0.681250 0.845313 0.681250 0.850000 0.677083 0.864062 0.658333 0.870313 0.654167 0.882812 0.635417 0.887500 0.633333 0.890625 0.629167 0.890625 0.620833 0.887500 0.616667 0.887500 0.579167 0.884375 0.566667 0.881250 0.552083 0.876563 0.535417 0.871875 0.522917 0.870313 0.518750 0.864062 0.518750
26 0.432812 0.118750 0.426563 0.120833 0.414062 0.127083 0.400000 0.137500 0.392188 0.139583 0.389062 0.141667 0.384375 0.145833 0.381250 0.150000 0.381250 0.154167 0.367188 0.172917 0.362500 0.177083 0.356250 0.183333 0.353125 0.183333 0.350000 0.187500 0.346875 0.193750 0.342187 0.208333 0.335938 0.218750 0.334375 0.231250 0.335938 0.239583 0.332813 0.247917 0.332813 0.262500 0.329688 0.270833 0.334375 0.277083 0.335938 0.281250 0.335938 0.302083 0.342187 0.310417 0.343750 0.310417 0.348438 0.316667 0.350000 0.320833 0.351562 0.331250 0.350000 0.335417 0.353125 0.339583 0.356250 0.339583 0.359375 0.341667 0.371875 0.358333 0.381250 0.364583 0.395313 0.366667 0.412500 0.366667 0.421875 0.370833 0.428125 0.364583 0.432812 0.364583 0.434375 0.356250 0.440625 0.347917 0.445312 0.345833 0.448437 0.347917 0.450000 0.341667 0.456250 0.333333 0.456250 0.329167 0.459375 0.322917 0.465625 0.314583 0.470313 0.306250 0.471875 0.302083 0.473438 0.285417 0.471875 0.243750 0.473438 0.212500 0.473438 0.202083 0.467187 0.193750 0.467187 0.187500 0.464062 0.183333 0.462500 0.179167 0.460938 0.158333 0.459375 0.150000 0.457813 0.145833 0.454688 0.139583 0.439063 0.118750 0.432812 0.118750
25 0.153125 0.279167 0.150000 0.281250 0.150000 0.285417 0.148438 0.287500 0.148438 0.320833 0.146875 0.345833 0.143750 0.370833 0.142187 0.431250 0.139063 0.454167 0.139063 0.495833 0.137500 0.525000 0.134375 0.550000 0.134375 0.579167 0.131250 0.606250 0.131250 0.633333 0.129688 0.656250 0.128125 0.679167 0.126562 0.700000 0.123438 0.714583 0.123438 0.729167 0.120313 0.743750 0.118750 0.760417 0.118750 0.777083 0.115625 0.793750 0.117188 0.827083 0.135937 0.829167 0.281250 0.827083 0.282813 0.814583 0.282813 0.795833 0.279687 0.781250 0.278125 0.762500 0.278125 0.758333 0.279687 0.735417 0.281250 0.714583 0.284375 0.693750 0.285938 0.670833 0.287500 0.647917 0.289062 0.597917 0.292187 0.577083 0.293750 0.552083 0.295312 0.520833 0.296875 0.483333 0.296875 0.433333 0.303125 0.406250 0.304688 0.395833 0.306250 0.379167 0.309375 0.339583 0.310937 0.318750 0.309375 0.310417 0.306250 0.308333 0.295312 0.308333 0.284375 0.304167 0.271875 0.302083 0.259375 0.302083 0.248438 0.300000 0.217188 0.293750 0.196875 0.287500 0.185938 0.287500 0.164062 0.281250 0.153125 0.279167
14 0.329688 0.139583 0.326562 0.141667 0.323437 0.145833 0.323437 0.158333 0.325000 0.162500 0.329688 0.170833 0.340625 0.185417 0.342187 0.189583 0.342187 0.193750 0.340625 0.197917 0.335938 0.204167 0.329688 0.220833 0.328125 0.227083 0.326562 0.235417 0.325000 0.247917 0.325000 0.277083 0.326562 0.287500 0.328125 0.295833 0.329688 0.302083 0.332813 0.310417 0.337500 0.322917 0.342187 0.333333 0.350000 0.345833 0.359375 0.356250 0.365625 0.362500 0.371875 0.366667 0.375000 0.368750 0.384375 0.372917 0.387500 0.377083 0.393750 0.377083 0.398438 0.381250 0.407813 0.383333 0.435937 0.383333 0.442188 0.379167 0.450000 0.379167 0.462500 0.370833 0.465625 0.366667 0.467187 0.360417 0.481250 0.341667 0.489063 0.327083 0.492188 0.320833 0.496875 0.306250 0.498437 0.297917 0.500000 0.287500 0.501563 0.270833 0.501563 0.260417 0.498437 0.252083 0.498437 0.243750 0.495312 0.229167 0.493750 0.222917 0.492188 0.216667 0.489063 0.208333 0.484375 0.195833 0.481250 0.189583 0.467187 0.170833 0.462500 0.172917 0.462500 0.179167 0.464062 0.183333 0.467187 0.187500 0.468750 0.193750 0.473438 0.197917 0.475000 0.202083 0.475000 0.212500 0.473438 0.214583 0.471875 0.229167 0.471875 0.243750 0.475000 0.250000 0.475000 0.279167 0.473438 0.302083 0.471875 0.306250 0.459375 0.322917 0.457813 0.335417 0.453125 0.335417 0.450000 0.339583 0.448437 0.347917 0.442188 0.347917 0.435937 0.352083 0.435937 0.360417 0.434375 0.364583 0.423438 0.368750 0.407813 0.368750 0.395313 0.366667 0.381250 0.364583 0.373437 0.358333 0.370312 0.354167 0.368750 0.354167 0.367188 0.352083 0.364063 0.345833 0.359375 0.341667 0.354687 0.339583 0.351562 0.335417 0.350000 0.333333 0.348438 0.314583 0.335938 0.300000 0.334375 0.295833 0.334375 0.275000 0.331250 0.270833 0.331250 0.260417 0.334375 0.245833 0.335938 0.241667 0.334375 0.227083 0.335938 0.218750 0.343750 0.206250 0.350000 0.187500 0.353125 0.183333 0.357812 0.181250 0.364063 0.172917 0.370312 0.170833 0.370312 0.166667 0.373437 0.162500 0.378125 0.160417 0.378125 0.156250 0.371875 0.156250 0.368750 0.158333 0.365625 0.160417 0.360938 0.164583 0.357812 0.168750 0.335938 0.139583 0.329688 0.139583
