9 0.545312 0.070833 0.535937 0.072917 0.521875 0.079167 0.517188 0.081250 0.510938 0.087500 0.506250 0.091667 0.500000 0.097917 0.495312 0.104167 0.495312 0.106250 0.489063 0.114583 0.485938 0.120833 0.482812 0.127083 0.479687 0.137500 0.475000 0.150000 0.468750 0.168750 0.467187 0.177083 0.467187 0.195833 0.468750 0.204167 0.471875 0.212500 0.471875 0.235417 0.473438 0.250000 0.475000 0.258333 0.476562 0.264583 0.481250 0.275000 0.481250 0.281250 0.482812 0.287500 0.489063 0.304167 0.492188 0.310417 0.506250 0.329167 0.510938 0.333333 0.514062 0.335417 0.517188 0.337500 0.526563 0.337500 0.529687 0.335417 0.535937 0.327083 0.540625 0.322917 0.548438 0.316667 0.556250 0.310417 0.562500 0.306250 0.571875 0.300000 0.576562 0.297917 0.585938 0.295833 0.596875 0.295833 0.603125 0.289583 0.610938 0.277083 0.617188 0.266667 0.621875 0.254167 0.623437 0.247917 0.626563 0.233333 0.628125 0.225000 0.629687 0.216667 0.631250 0.206250 0.632812 0.189583 0.634375 0.166667 0.640625 0.164583 0.650000 0.166667 0.654687 0.164583 0.657813 0.162500 0.659375 0.158333 0.657813 0.150000 0.654687 0.145833 0.651563 0.143750 0.640625 0.143750 0.631250 0.147917 0.628125 0.143750 0.626563 0.139583 0.625000 0.131250 0.621875 0.122917 0.618750 0.116667 0.615625 0.110417 0.603125 0.093750 0.596875 0.087500 0.589063 0.081250 0.578125 0.075000 0.570312 0.072917 0.562500 0.070833 0.545312 0.070833
9 0.459375 0.470833 0.451562 0.472917 0.445312 0.475000 0.440625 0.477083 0.421875 0.489583 0.417187 0.493750 0.412500 0.497917 0.404687 0.508333 0.403125 0.510417 0.395313 0.522917 0.392188 0.529167 0.389062 0.535417 0.387500 0.539583 0.385937 0.543750 0.382812 0.554167 0.381250 0.560417 0.379688 0.566667 0.378125 0.577083 0.378125 0.637500 0.379688 0.643750 0.381250 0.650000 0.382812 0.654167 0.387500 0.664583 0.389062 0.668750 0.390625 0.670833 0.393750 0.672917 0.398438 0.681250 0.401562 0.691667 0.404687 0.697917 0.414062 0.710417 0.418750 0.714583 0.426563 0.720833 0.434375 0.727083 0.437500 0.729167 0.450000 0.735417 0.457813 0.735417 0.462500 0.731250 0.473438 0.729167 0.478125 0.731250 0.487500 0.729167 0.493750 0.727083 0.504687 0.722917 0.509375 0.720833 0.514062 0.718750 0.521875 0.714583 0.525000 0.712500 0.529687 0.708333 0.535937 0.702083 0.550000 0.683333 0.554688 0.675000 0.557813 0.668750 0.562500 0.658333 0.565625 0.647917 0.570312 0.629167 0.571875 0.612500 0.571875 0.589583 0.570312 0.572917 0.565625 0.552083 0.562500 0.541667 0.554688 0.525000 0.546875 0.514583 0.546875 0.510417 0.535937 0.497917 0.521875 0.485417 0.518750 0.483333 0.515625 0.481250 0.507812 0.477083 0.496875 0.472917 0.489063 0.470833 0.459375 0.470833
9 0.659375 0.527083 0.656250 0.529167 0.651563 0.537500 0.648438 0.541667 0.643750 0.543750 0.637500 0.545833 0.634375 0.547917 0.629687 0.552083 0.623437 0.558333 0.618750 0.564583 0.614062 0.572917 0.610938 0.579167 0.607812 0.585417 0.603125 0.595833 0.601562 0.604167 0.600000 0.614583 0.600000 0.637500 0.601562 0.650000 0.603125 0.656250 0.606250 0.666667 0.607812 0.670833 0.609375 0.675000 0.614062 0.683333 0.625000 0.697917 0.629687 0.702083 0.634375 0.706250 0.643750 0.712500 0.648438 0.714583 0.653125 0.716667 0.660937 0.718750 0.675000 0.718750 0.685937 0.716667 0.690625 0.714583 0.695312 0.712500 0.707812 0.704167 0.714063 0.697917 0.721875 0.685417 0.725000 0.679167 0.729688 0.668750 0.732812 0.658333 0.734375 0.652083 0.735938 0.641667 0.735938 0.620833 0.734375 0.610417 0.732812 0.602083 0.731250 0.593750 0.728125 0.585417 0.723437 0.577083 0.723437 0.572917 0.720313 0.566667 0.714063 0.558333 0.706250 0.550000 0.696875 0.543750 0.690625 0.541667 0.681250 0.535417 0.676562 0.529167 0.673438 0.527083 0.659375 0.527083
9 0.376563 0.583333 0.378125 0.587500 0.378125 0.606250 0.378125 0.614583 0.378125 0.633333 0.378125 0.643750 0.381250 0.647917 0.381250 0.652083 0.384375 0.656250 0.384375 0.660417 0.389062 0.666667 0.390625 0.672917 0.395313 0.679167 0.400000 0.689583 0.404687 0.704167 0.409375 0.710417 0.410938 0.710417 0.417187 0.718750 0.421875 0.720833 0.425000 0.725000 0.425000 0.733333 0.423438 0.737500 0.421875 0.741667 0.418750 0.745833 0.417187 0.754167 0.414062 0.760417 0.407813 0.768750 0.406250 0.772917 0.406250 0.779167 0.407813 0.816667 0.406250 0.831250 0.396875 0.825000 0.396875 0.814583 0.389062 0.812500 0.385937 0.816667 0.384375 0.822917 0.379688 0.831250 0.378125 0.833333 0.376563 0.833333 0.373437 0.837500 0.360938 0.847917 0.357812 0.852083 0.350000 0.852083 0.348438 0.854167 0.337500 0.854167 0.334375 0.858333 0.334375 0.862500 0.337500 0.866667 0.351562 0.868750 0.359375 0.868750 0.365625 0.866667 0.370312 0.864583 0.375000 0.862500 0.378125 0.860417 0.381250 0.858333 0.385937 0.852083 0.387500 0.845833 0.392188 0.839583 0.393750 0.835417 0.395313 0.831250 0.396875 0.825000 0.406250 0.831250 0.404687 0.839583 0.403125 0.845833 0.398438 0.858333 0.395313 0.866667 0.387500 0.877083 0.379688 0.883333 0.371875 0.887500 0.367188 0.889583 0.360938 0.891667 0.351562 0.893750 0.342187 0.895833 0.293750 0.895833 0.281250 0.893750 0.271875 0.891667 0.262500 0.885417 0.256250 0.881250 0.251563 0.877083 0.240625 0.862500 0.232813 0.854167 0.231250 0.854167 0.226562 0.845833 0.225000 0.843750 0.218750 0.837500 0.207813 0.831250 0.201563 0.822917 0.201563 0.775000 0.203125 0.762500 0.204687 0.754167 0.206250 0.747917 0.207813 0.741667 0.214062 0.733333 0.217188 0.731250 0.228125 0.731250 0.231250 0.729167 0.239063 0.718750 0.240625 0.714583 0.242188 0.710417 0.243750 0.697917 0.245312 0.691667 0.246875 0.687500 0.248438 0.683333 0.257812 0.664583 0.268750 0.650000 0.275000 0.643750 0.279687 0.639583 0.284375 0.635417 0.293750 0.629167 0.301563 0.625000 0.309375 0.622917 0.317188 0.618750 0.320312 0.616667 0.328125 0.608333 0.332813 0.608333 0.339062 0.602083 0.346875 0.602083 0.353125 0.600000 0.357812 0.595833 0.368750 0.595833 0.373437 0.589583 0.376563 0.583333
6 0.390625 0.814583 0.385937 0.820833 0.385937 0.822917 0.378125 0.831250 0.376563 0.839583 0.379688 0.843750 0.379688 0.845833 0.384375 0.847917 0.389062 0.841667 0.392188 0.831250 0.392188 0.825000 0.395313 0.818750 0.395313 0.814583 0.390625 0.814583
6 0.571875 0.566667 0.571875 0.570833 0.575000 0.593750 0.575000 0.600000 0.573438 0.622917 0.571875 0.633333 0.570312 0.641667 0.567187 0.652083 0.565625 0.656250 0.564063 0.660417 0.559375 0.670833 0.556250 0.677083 0.553125 0.683333 0.535937 0.706250 0.529687 0.712500 0.521875 0.718750 0.514062 0.722917 0.509375 0.725000 0.504687 0.727083 0.485938 0.733333 0.476562 0.733333 0.465625 0.735417 0.462500 0.739583 0.445312 0.739583 0.431250 0.729167 0.426563 0.727083 0.426563 0.731250 0.421875 0.745833 0.420312 0.750000 0.414062 0.760417 0.410938 0.766667 0.409375 0.777083 0.409375 0.789583 0.410938 0.800000 0.409375 0.818750 0.407813 0.831250 0.406250 0.839583 0.396875 0.864583 0.396875 0.870833 0.400000 0.875000 0.406250 0.883333 0.410938 0.893750 0.415625 0.900000 0.420312 0.902083 0.423438 0.900000 0.437500 0.881250 0.446875 0.872917 0.467187 0.847917 0.490625 0.816667 0.506250 0.797917 0.507812 0.797917 0.523438 0.779167 0.525000 0.777083 0.528125 0.770833 0.531250 0.766667 0.545312 0.752083 0.550000 0.743750 0.568750 0.722917 0.589063 0.697917 0.604688 0.677083 0.606250 0.672917 0.604688 0.666667 0.600000 0.656250 0.598437 0.647917 0.596875 0.633333 0.596875 0.616667 0.600000 0.597917 0.600000 0.589583 0.596875 0.587500 0.590625 0.587500 0.575000 0.566667 0.571875 0.566667
6 0.446875 0.379167 0.442188 0.383333 0.431250 0.395833 0.415625 0.414583 0.401562 0.433333 0.385937 0.452083 0.371875 0.466667 0.356250 0.487500 0.337500 0.510417 0.329688 0.516667 0.314063 0.537500 0.301563 0.550000 0.289062 0.564583 0.271875 0.585417 0.256250 0.606250 0.254688 0.606250 0.240625 0.625000 0.239063 0.631250 0.246875 0.641667 0.246875 0.643750 0.256250 0.656250 0.259375 0.656250 0.262500 0.654167 0.268750 0.647917 0.279687 0.635417 0.284375 0.631250 0.292187 0.625000 0.298438 0.625000 0.306250 0.620833 0.312500 0.618750 0.317188 0.614583 0.321875 0.610417 0.326562 0.606250 0.331250 0.606250 0.334375 0.602083 0.340625 0.600000 0.356250 0.597917 0.360938 0.595833 0.367188 0.593750 0.370312 0.589583 0.371875 0.589583 0.373437 0.587500 0.375000 0.583333 0.376563 0.566667 0.378125 0.560417 0.381250 0.550000 0.390625 0.525000 0.398438 0.512500 0.409375 0.497917 0.415625 0.491667 0.420312 0.487500 0.428125 0.481250 0.431250 0.479167 0.439063 0.475000 0.453125 0.468750 0.460938 0.466667 0.487500 0.466667 0.503125 0.472917 0.509375 0.472917 0.509375 0.466667 0.507812 0.462500 0.501563 0.456250 0.500000 0.454167 0.492188 0.439583 0.482812 0.425000 0.467187 0.404167 0.457813 0.387500 0.451562 0.379167 0.446875 0.379167
6 0.770312 0.100000 0.767188 0.102083 0.762500 0.106250 0.750000 0.122917 0.743750 0.127083 0.735938 0.135417 0.726562 0.145833 0.712500 0.164583 0.681250 0.200000 0.670312 0.212500 0.660937 0.220833 0.657813 0.227083 0.645312 0.239583 0.632812 0.254167 0.618750 0.270833 0.612500 0.281250 0.609375 0.287500 0.607812 0.291667 0.607812 0.297917 0.610938 0.302083 0.614062 0.304167 0.629687 0.312500 0.640625 0.327083 0.645312 0.335417 0.650000 0.345833 0.651563 0.352083 0.653125 0.360417 0.654687 0.372917 0.654687 0.393750 0.657813 0.406250 0.657813 0.422917 0.656250 0.435417 0.651563 0.454167 0.650000 0.458333 0.648438 0.462500 0.643750 0.470833 0.637500 0.481250 0.625000 0.497917 0.620313 0.502083 0.615625 0.506250 0.601562 0.514583 0.596875 0.522917 0.598437 0.527083 0.610938 0.545833 0.615625 0.552083 0.618750 0.554167 0.621875 0.554167 0.625000 0.552083 0.628125 0.550000 0.645312 0.537500 0.654687 0.525000 0.657813 0.522917 0.673438 0.522917 0.676562 0.525000 0.679688 0.527083 0.687500 0.535417 0.690625 0.537500 0.695312 0.539583 0.704688 0.537500 0.704688 0.525000 0.710938 0.487500 0.714063 0.450000 0.715625 0.437500 0.720313 0.414583 0.720313 0.400000 0.721875 0.391667 0.725000 0.381250 0.728125 0.379167 0.731250 0.379167 0.742188 0.381250 0.751563 0.385417 0.760938 0.385417 0.768750 0.389583 0.779687 0.391667 0.800000 0.393750 0.829688 0.402083 0.840625 0.402083 0.845313 0.404167 0.848437 0.408333 0.848437 0.416667 0.846875 0.435417 0.845313 0.450000 0.842187 0.462500 0.842187 0.475000 0.837500 0.510417 0.834375 0.533333 0.831250 0.543750 0.831250 0.556250 0.829688 0.564583 0.826562 0.568750 0.817187 0.568750 0.806250 0.566667 0.796875 0.564583 0.787500 0.560417 0.768750 0.558333 0.750000 0.552083 0.729688 0.547917 0.712500 0.547917 0.714063 0.552083 0.715625 0.556250 0.725000 0.568750 0.728125 0.575000 0.729688 0.579167 0.731250 0.583333 0.734375 0.593750 0.737500 0.608333 0.739062 0.618750 0.739062 0.643750 0.737500 0.654167 0.735938 0.660417 0.729688 0.677083 0.726562 0.683333 0.715625 0.700000 0.715625 0.704167 0.717187 0.708333 0.720313 0.712500 0.725000 0.712500 0.728125 0.710417 0.737500 0.700000 0.750000 0.683333 0.760938 0.672917 0.785937 0.641667 0.796875 0.629167 0.806250 0.618750 0.823438 0.600000 0.848437 0.572917 0.864062 0.556250 0.879687 0.541667 0.887500 0.533333 0.895312 0.522917 0.903125 0.514583 0.917188 0.502083 0.925000 0.491667 0.939063 0.479167 0.946875 0.470833 0.954688 0.460417 0.962500 0.454167 0.970313 0.445833 0.979688 0.435417 0.989062 0.422917 0.990625 0.418750 0.989062 0.414583 0.978125 0.397917 0.970313 0.389583 0.931250 0.335417 0.910937 0.304167 0.850000 0.222917 0.840625 0.208333 0.829688 0.189583 0.812500 0.160417 0.807813 0.152083 0.803125 0.143750 0.793750 0.122917 0.787500 0.112500 0.782813 0.104167 0.781250 0.102083 0.778125 0.100000 0.770312 0.100000
9 0.582812 0.300000 0.575000 0.302083 0.564063 0.308333 0.560937 0.310417 0.556250 0.314583 0.551562 0.320833 0.539062 0.329167 0.534375 0.333333 0.523438 0.347917 0.517188 0.358333 0.512500 0.366667 0.510938 0.370833 0.509375 0.375000 0.504687 0.393750 0.504687 0.408333 0.503125 0.410417 0.503125 0.422917 0.504687 0.425000 0.504687 0.439583 0.506250 0.447917 0.509375 0.456250 0.515625 0.472917 0.521875 0.481250 0.532813 0.489583 0.548438 0.508333 0.551562 0.510417 0.556250 0.512500 0.562500 0.514583 0.592187 0.514583 0.606250 0.508333 0.615625 0.502083 0.621875 0.495833 0.629687 0.487500 0.631250 0.485417 0.642188 0.466667 0.645312 0.460417 0.650000 0.447917 0.651563 0.441667 0.653125 0.435417 0.653125 0.422917 0.654687 0.420833 0.654687 0.410417 0.651563 0.395833 0.651563 0.368750 0.650000 0.360417 0.648438 0.352083 0.646875 0.345833 0.643750 0.339583 0.637500 0.327083 0.632812 0.320833 0.626563 0.314583 0.617188 0.308333 0.604688 0.302083 0.598437 0.300000 0.582812 0.300000
9 0.076563 0.287500 0.067187 0.289583 0.053125 0.295833 0.046875 0.300000 0.037500 0.306250 0.032813 0.310417 0.025000 0.318750 0.015625 0.331250 0.010937 0.339583 0.007812 0.347917 0.003125 0.360417 0.003125 0.372917 0.000000 0.381250 0.000000 0.416667 0.003125 0.420833 0.003125 0.429167 0.004687 0.435417 0.009375 0.447917 0.021875 0.472917 0.034375 0.489583 0.042188 0.493750 0.050000 0.502083 0.057813 0.506250 0.064062 0.508333 0.078125 0.512500 0.085938 0.514583 0.096875 0.514583 0.106250 0.518750 0.115625 0.518750 0.153125 0.518750 0.226562 0.520833 0.231250 0.520833 0.232813 0.518750 0.235937 0.518750 0.237500 0.520833 0.240625 0.520833 0.248438 0.518750 0.254688 0.514583 0.265625 0.508333 0.270313 0.504167 0.285938 0.483333 0.290625 0.475000 0.292187 0.468750 0.295312 0.456250 0.295312 0.427083 0.293750 0.418750 0.292187 0.412500 0.285938 0.395833 0.281250 0.387500 0.279687 0.385417 0.270313 0.375000 0.264062 0.368750 0.259375 0.364583 0.256250 0.364583 0.246875 0.358333 0.242188 0.352083 0.234375 0.347917 0.225000 0.345833 0.217188 0.341667 0.206250 0.335417 0.203125 0.331250 0.198437 0.329167 0.193750 0.329167 0.176563 0.320833 0.162500 0.312500 0.159375 0.308333 0.150000 0.306250 0.142187 0.300000 0.134375 0.295833 0.129688 0.293750 0.121875 0.291667 0.114062 0.289583 0.106250 0.287500 0.098437 0.289583 0.076563 0.287500
6 0.443750 0.031250 0.425000 0.033333 0.410938 0.037500 0.392188 0.039583 0.370312 0.041667 0.350000 0.041667 0.328125 0.043750 0.312500 0.047917 0.284375 0.047917 0.267188 0.050000 0.253125 0.054167 0.235937 0.056250 0.220312 0.056250 0.204687 0.058333 0.171875 0.064583 0.153125 0.070833 0.139063 0.070833 0.131250 0.072917 0.125000 0.077083 0.123438 0.085417 0.121875 0.137500 0.121875 0.179167 0.125000 0.216667 0.125000 0.260417 0.126562 0.283333 0.128125 0.285417 0.128125 0.293750 0.131250 0.293750 0.137500 0.297917 0.142187 0.297917 0.146875 0.300000 0.151562 0.302083 0.157812 0.306250 0.167187 0.312500 0.179688 0.325000 0.185938 0.331250 0.189062 0.329167 0.196875 0.331250 0.204687 0.333333 0.210938 0.335417 0.221875 0.339583 0.229687 0.343750 0.245312 0.354167 0.250000 0.354167 0.253125 0.356250 0.256250 0.358333 0.264062 0.364583 0.268750 0.368750 0.275000 0.375000 0.287500 0.391667 0.290625 0.397917 0.295312 0.410417 0.296875 0.418750 0.298438 0.427083 0.298438 0.447917 0.296875 0.456250 0.295312 0.464583 0.292187 0.475000 0.287500 0.483333 0.284375 0.489583 0.282813 0.491667 0.279687 0.495833 0.278125 0.497917 0.270313 0.506250 0.267188 0.508333 0.256250 0.514583 0.248438 0.516667 0.245312 0.520833 0.235937 0.522917 0.157812 0.520833 0.156250 0.527083 0.159375 0.535417 0.164062 0.535417 0.171875 0.531250 0.184375 0.529167 0.200000 0.529167 0.215625 0.527083 0.225000 0.522917 0.246875 0.522917 0.267188 0.520833 0.287500 0.518750 0.304688 0.514583 0.325000 0.514583 0.329688 0.512500 0.332813 0.510417 0.348438 0.491667 0.378125 0.456250 0.395313 0.433333 0.414062 0.410417 0.425000 0.400000 0.437500 0.383333 0.443750 0.377083 0.446875 0.375000 0.451562 0.375000 0.454688 0.377083 0.456250 0.379167 0.468750 0.400000 0.473438 0.406250 0.478125 0.406250 0.478125 0.360417 0.476562 0.335417 0.475000 0.316667 0.471875 0.300000 0.470313 0.283333 0.468750 0.241667 0.465625 0.222917 0.464062 0.200000 0.464062 0.133333 0.462500 0.102083 0.459375 0.072917 0.459375 0.043750 0.457813 0.037500 0.453125 0.031250 0.443750 0.031250
