0 0.551562 0.564583 0.546875 0.566667 0.542188 0.568750 0.539062 0.570833 0.531250 0.581250 0.531250 0.591667 0.532813 0.604167 0.535937 0.618750 0.537500 0.622917 0.535937 0.631250 0.529687 0.639583 0.529687 0.650000 0.532813 0.658333 0.534375 0.662500 0.542188 0.664583 0.548438 0.660417 0.557813 0.660417 0.562500 0.666667 0.564063 0.672917 0.570312 0.681250 0.570312 0.683333 0.575000 0.689583 0.578125 0.691667 0.581250 0.693750 0.585938 0.695833 0.589063 0.695833 0.590625 0.693750 0.595313 0.693750 0.598437 0.691667 0.606250 0.681250 0.609375 0.675000 0.610938 0.670833 0.610938 0.658333 0.609375 0.654167 0.606250 0.650000 0.606250 0.620833 0.601562 0.604167 0.600000 0.600000 0.590625 0.587500 0.582812 0.579167 0.578125 0.577083 0.571875 0.568750 0.568750 0.566667 0.559375 0.564583 0.551562 0.564583
7 0.818750 0.687500 0.809375 0.689583 0.800000 0.691667 0.795312 0.693750 0.792188 0.695833 0.789062 0.697917 0.781250 0.706250 0.779687 0.706250 0.778125 0.708333 0.773438 0.716667 0.770312 0.727083 0.768750 0.741667 0.767188 0.762500 0.767188 0.781250 0.768750 0.785417 0.770312 0.789583 0.775000 0.800000 0.784375 0.816667 0.784375 0.818750 0.785937 0.820833 0.787500 0.820833 0.792188 0.825000 0.800000 0.833333 0.806250 0.843750 0.810937 0.850000 0.818750 0.856250 0.828125 0.866667 0.831250 0.872917 0.837500 0.879167 0.845313 0.883333 0.867188 0.910417 0.873437 0.916667 0.879687 0.920833 0.889062 0.927083 0.903125 0.933333 0.910937 0.935417 0.934375 0.935417 0.940625 0.933333 0.946875 0.931250 0.953125 0.927083 0.957812 0.925000 0.962500 0.918750 0.967187 0.916667 0.973437 0.916667 0.981250 0.912500 0.985938 0.908333 0.995313 0.895833 0.996875 0.891667 0.998437 0.887500 0.998437 0.847917 0.993750 0.839583 0.993750 0.827083 0.992188 0.816667 0.987500 0.797917 0.982812 0.785417 0.978125 0.777083 0.971875 0.766667 0.968750 0.762500 0.959375 0.752083 0.953125 0.745833 0.946875 0.739583 0.943750 0.737500 0.935937 0.733333 0.918750 0.727083 0.907813 0.718750 0.903125 0.716667 0.892188 0.714583 0.884375 0.708333 0.876563 0.706250 0.873437 0.704167 0.867188 0.697917 0.864062 0.695833 0.846875 0.687500 0.818750 0.687500
0 0.675000 0.460417 0.668750 0.462500 0.664062 0.464583 0.659375 0.466667 0.650000 0.472917 0.634375 0.483333 0.629687 0.487500 0.625000 0.491667 0.623437 0.495833 0.621875 0.514583 0.620313 0.518750 0.618750 0.522917 0.614062 0.529167 0.612500 0.533333 0.610938 0.537500 0.610938 0.543750 0.607812 0.547917 0.607812 0.550000 0.606250 0.552083 0.598437 0.560417 0.596875 0.564583 0.596875 0.579167 0.598437 0.587500 0.603125 0.597917 0.609375 0.620833 0.609375 0.627083 0.614062 0.639583 0.617188 0.643750 0.626563 0.654167 0.629687 0.656250 0.632812 0.656250 0.635938 0.658333 0.643750 0.666667 0.648438 0.668750 0.662500 0.675000 0.671875 0.677083 0.681250 0.677083 0.682813 0.679167 0.690625 0.679167 0.698438 0.677083 0.706250 0.675000 0.710938 0.672917 0.714063 0.670833 0.717187 0.668750 0.721875 0.664583 0.729688 0.654167 0.735938 0.650000 0.743750 0.639583 0.748437 0.631250 0.751563 0.625000 0.754687 0.616667 0.759375 0.604167 0.760938 0.597917 0.760938 0.572917 0.759375 0.568750 0.753125 0.558333 0.737500 0.535417 0.717187 0.508333 0.700000 0.483333 0.698438 0.481250 0.693750 0.470833 0.687500 0.462500 0.684375 0.460417 0.675000 0.460417
0 0.554688 0.122917 0.551562 0.127083 0.550000 0.133333 0.550000 0.141667 0.548438 0.143750 0.548438 0.150000 0.550000 0.152083 0.550000 0.160417 0.551562 0.166667 0.553125 0.172917 0.556250 0.181250 0.560937 0.193750 0.565625 0.202083 0.571875 0.212500 0.592187 0.239583 0.606250 0.256250 0.615625 0.266667 0.623437 0.275000 0.629687 0.281250 0.648438 0.297917 0.660937 0.308333 0.668750 0.314583 0.675000 0.318750 0.684375 0.325000 0.692187 0.327083 0.700000 0.333333 0.715625 0.339583 0.723437 0.341667 0.731250 0.343750 0.776563 0.343750 0.784375 0.341667 0.790625 0.339583 0.804688 0.333333 0.812500 0.329167 0.818750 0.325000 0.828125 0.318750 0.835938 0.312500 0.845313 0.302083 0.846875 0.300000 0.854688 0.287500 0.857812 0.281250 0.859375 0.277083 0.860938 0.270833 0.862500 0.262500 0.864062 0.254167 0.864062 0.243750 0.868750 0.225000 0.871875 0.214583 0.879687 0.197917 0.882812 0.185417 0.882812 0.177083 0.881250 0.172917 0.878125 0.168750 0.873437 0.164583 0.867188 0.164583 0.862500 0.170833 0.859375 0.179167 0.853125 0.197917 0.846875 0.208333 0.846875 0.210417 0.845313 0.212500 0.837500 0.220833 0.831250 0.227083 0.823438 0.233333 0.795312 0.252083 0.790625 0.254167 0.785937 0.256250 0.778125 0.258333 0.751563 0.258333 0.739062 0.256250 0.729688 0.254167 0.725000 0.252083 0.700000 0.239583 0.696875 0.237500 0.693750 0.235417 0.689063 0.229167 0.684375 0.227083 0.679688 0.222917 0.668750 0.212500 0.662500 0.206250 0.642188 0.185417 0.634375 0.175000 0.626563 0.166667 0.615625 0.156250 0.610938 0.152083 0.606250 0.150000 0.601562 0.143750 0.598437 0.143750 0.593750 0.137500 0.590625 0.137500 0.587500 0.133333 0.579688 0.129167 0.575000 0.127083 0.568750 0.125000 0.560937 0.122917 0.554688 0.122917
3 0.612500 0.318750 0.612500 0.322917 0.609375 0.327083 0.606250 0.327083 0.603125 0.331250 0.603125 0.333333 0.600000 0.337500 0.595313 0.339583 0.595313 0.343750 0.590625 0.347917 0.590625 0.352083 0.604688 0.370833 0.609375 0.372917 0.614062 0.377083 0.621875 0.387500 0.629687 0.400000 0.637500 0.414583 0.651563 0.433333 0.656250 0.437500 0.659375 0.439583 0.662500 0.441667 0.675000 0.445833 0.678125 0.447917 0.682813 0.452083 0.700000 0.475000 0.709375 0.491667 0.721875 0.510417 0.737500 0.533333 0.753125 0.556250 0.770312 0.577083 0.775000 0.583333 0.796875 0.614583 0.800000 0.622917 0.818750 0.647917 0.835938 0.668750 0.850000 0.685417 0.853125 0.687500 0.856250 0.689583 0.862500 0.689583 0.868750 0.681250 0.868750 0.675000 0.867188 0.670833 0.864062 0.664583 0.859375 0.656250 0.848437 0.639583 0.837500 0.622917 0.804688 0.577083 0.796875 0.566667 0.773438 0.537500 0.767188 0.533333 0.751563 0.514583 0.737500 0.497917 0.715625 0.468750 0.707812 0.462500 0.693750 0.443750 0.690625 0.437500 0.689063 0.429167 0.689063 0.416667 0.687500 0.406250 0.682813 0.393750 0.664062 0.368750 0.653125 0.356250 0.635938 0.339583 0.626563 0.327083 0.618750 0.320833 0.615625 0.318750 0.612500 0.318750
17 0.468750 0.129167 0.470313 0.133333 0.471875 0.139583 0.478125 0.170833 0.481250 0.181250 0.484375 0.187500 0.487500 0.191667 0.493750 0.195833 0.500000 0.204167 0.506250 0.206250 0.510938 0.202083 0.523438 0.202083 0.523438 0.212500 0.514062 0.216667 0.510938 0.220833 0.510938 0.233333 0.514062 0.250000 0.515625 0.266667 0.518750 0.268750 0.525000 0.268750 0.528125 0.270833 0.531250 0.272917 0.537500 0.279167 0.546875 0.291667 0.548438 0.295833 0.550000 0.300000 0.551562 0.306250 0.551562 0.314583 0.550000 0.320833 0.543750 0.329167 0.540625 0.331250 0.528125 0.331250 0.520312 0.327083 0.518750 0.331250 0.517188 0.333333 0.515625 0.341667 0.512500 0.343750 0.507812 0.341667 0.504687 0.345833 0.501563 0.352083 0.498437 0.360417 0.489063 0.375000 0.473438 0.406250 0.465625 0.422917 0.464062 0.429167 0.464062 0.433333 0.468750 0.439583 0.470313 0.443750 0.468750 0.450000 0.462500 0.458333 0.460938 0.464583 0.459375 0.468750 0.453125 0.470833 0.446875 0.466667 0.443750 0.468750 0.440625 0.468750 0.435937 0.462500 0.434375 0.456250 0.429688 0.450000 0.429688 0.445833 0.439063 0.433333 0.440625 0.429167 0.440625 0.425000 0.442188 0.420833 0.448437 0.422917 0.451562 0.422917 0.456250 0.416667 0.457813 0.416667 0.460938 0.412500 0.464062 0.406250 0.471875 0.391667 0.476562 0.379167 0.478125 0.375000 0.482812 0.370833 0.482812 0.366667 0.482812 0.354167 0.492188 0.347917 0.495312 0.341667 0.495312 0.337500 0.498437 0.333333 0.496875 0.329167 0.493750 0.331250 0.489063 0.333333 0.484375 0.335417 0.484375 0.331250 0.490625 0.327083 0.500000 0.314583 0.498437 0.310417 0.489063 0.308333 0.484375 0.310417 0.479687 0.316667 0.481250 0.327083 0.484375 0.331250 0.484375 0.335417 0.482812 0.354167 0.482812 0.366667 0.471875 0.364583 0.464062 0.368750 0.460938 0.364583 0.457813 0.354167 0.456250 0.347917 0.456250 0.320833 0.451562 0.293750 0.450000 0.289583 0.432812 0.287500 0.426563 0.283333 0.423438 0.283333 0.415625 0.287500 0.398438 0.297917 0.392188 0.302083 0.385937 0.306250 0.382812 0.306250 0.375000 0.300000 0.371875 0.300000 0.370312 0.293750 0.373437 0.289583 0.401562 0.272917 0.414062 0.264583 0.418750 0.260417 0.423438 0.254167 0.426563 0.245833 0.432812 0.239583 0.432812 0.229167 0.425000 0.225000 0.420312 0.212500 0.420312 0.202083 0.418750 0.191667 0.415625 0.187500 0.410938 0.185417 0.404687 0.179167 0.398438 0.170833 0.393750 0.168750 0.390625 0.164583 0.390625 0.158333 0.396875 0.156250 0.400000 0.158333 0.403125 0.160417 0.409375 0.168750 0.426563 0.168750 0.434375 0.177083 0.440625 0.177083 0.446875 0.179167 0.451562 0.183333 0.457813 0.189583 0.459375 0.191667 0.460938 0.195833 0.464062 0.191667 0.464062 0.179167 0.467187 0.172917 0.467187 0.166667 0.462500 0.156250 0.460938 0.150000 0.459375 0.141667 0.459375 0.131250 0.460938 0.127083 0.468750 0.129167
8 0.915625 0.343750 0.895312 0.350000 0.885938 0.356250 0.879687 0.356250 0.875000 0.360417 0.859375 0.366667 0.848437 0.368750 0.832812 0.375000 0.828125 0.377083 0.809375 0.389583 0.803125 0.395833 0.796875 0.404167 0.793750 0.410417 0.790625 0.420833 0.789062 0.427083 0.789062 0.460417 0.792188 0.470833 0.793750 0.475000 0.795312 0.479167 0.798438 0.485417 0.801562 0.489583 0.806250 0.493750 0.810937 0.497917 0.828125 0.506250 0.831250 0.510417 0.834375 0.512500 0.843750 0.514583 0.881250 0.514583 0.909375 0.512500 0.926562 0.510417 0.940625 0.508333 0.945312 0.506250 0.951562 0.504167 0.956250 0.497917 0.959375 0.497917 0.967187 0.491667 0.973437 0.485417 0.979688 0.477083 0.982812 0.470833 0.985938 0.464583 0.987500 0.460417 0.989062 0.456250 0.990625 0.450000 0.992188 0.443750 0.993750 0.433333 0.993750 0.416667 0.992188 0.406250 0.990625 0.400000 0.989062 0.393750 0.984375 0.381250 0.979688 0.372917 0.973437 0.364583 0.965625 0.356250 0.956250 0.350000 0.948438 0.345833 0.942187 0.343750 0.915625 0.343750
0 0.254688 0.520833 0.250000 0.527083 0.248438 0.531250 0.246875 0.543750 0.245312 0.579167 0.245312 0.585417 0.246875 0.587500 0.246875 0.591667 0.245312 0.593750 0.245312 0.600000 0.246875 0.631250 0.250000 0.660417 0.250000 0.664583 0.253125 0.668750 0.262500 0.668750 0.270313 0.662500 0.278125 0.660417 0.289062 0.652083 0.300000 0.645833 0.312500 0.643750 0.328125 0.635417 0.334375 0.635417 0.345313 0.631250 0.350000 0.629167 0.362500 0.620833 0.375000 0.614583 0.379688 0.612500 0.390625 0.610417 0.403125 0.602083 0.418750 0.597917 0.428125 0.593750 0.431250 0.589583 0.431250 0.581250 0.432812 0.579167 0.432812 0.572917 0.431250 0.568750 0.429688 0.566667 0.426563 0.564583 0.418750 0.562500 0.403125 0.560417 0.376563 0.552083 0.350000 0.547917 0.332813 0.541667 0.318750 0.541667 0.312500 0.537500 0.295312 0.535417 0.279687 0.529167 0.275000 0.525000 0.268750 0.525000 0.262500 0.520833 0.254688 0.520833
0 0.375000 0.633333 0.364063 0.635417 0.350000 0.641667 0.339062 0.641667 0.337500 0.639583 0.326562 0.639583 0.309375 0.645833 0.303125 0.647917 0.296875 0.652083 0.295312 0.656250 0.293750 0.660417 0.293750 0.664583 0.292187 0.668750 0.289062 0.672917 0.285938 0.675000 0.281250 0.677083 0.275000 0.677083 0.271875 0.679167 0.268750 0.681250 0.262500 0.687500 0.257812 0.702083 0.248438 0.714583 0.240625 0.718750 0.234375 0.727083 0.228125 0.731250 0.225000 0.735417 0.221875 0.741667 0.220312 0.745833 0.217188 0.756250 0.215625 0.764583 0.215625 0.770833 0.217188 0.779167 0.218750 0.783333 0.226562 0.793750 0.232813 0.795833 0.245312 0.795833 0.251563 0.797917 0.259375 0.804167 0.264062 0.804167 0.265625 0.806250 0.268750 0.806250 0.276562 0.804167 0.284375 0.802083 0.285938 0.800000 0.290625 0.800000 0.296875 0.802083 0.303125 0.806250 0.325000 0.806250 0.334375 0.802083 0.345313 0.795833 0.360938 0.791667 0.365625 0.789583 0.378125 0.783333 0.381250 0.781250 0.384375 0.779167 0.390625 0.772917 0.392188 0.770833 0.400000 0.756250 0.403125 0.752083 0.404687 0.750000 0.406250 0.747917 0.410938 0.743750 0.415625 0.741667 0.420312 0.737500 0.426563 0.731250 0.431250 0.722917 0.434375 0.712500 0.435937 0.708333 0.437500 0.706250 0.448437 0.695833 0.453125 0.687500 0.454688 0.683333 0.454688 0.672917 0.453125 0.668750 0.451562 0.664583 0.446875 0.656250 0.442188 0.652083 0.439063 0.650000 0.431250 0.647917 0.423438 0.641667 0.414062 0.639583 0.406250 0.637500 0.390625 0.637500 0.381250 0.633333 0.375000 0.633333
0 0.587500 0.429167 0.584375 0.431250 0.578125 0.439583 0.576562 0.443750 0.576562 0.447917 0.573438 0.452083 0.562500 0.464583 0.556250 0.470833 0.551562 0.472917 0.540625 0.472917 0.531250 0.475000 0.528125 0.477083 0.525000 0.481250 0.525000 0.502083 0.526563 0.506250 0.531250 0.508333 0.543750 0.512500 0.556250 0.518750 0.559375 0.520833 0.562500 0.522917 0.571875 0.541667 0.571875 0.545833 0.567187 0.554167 0.567187 0.560417 0.570312 0.564583 0.573438 0.566667 0.576562 0.568750 0.582812 0.568750 0.592187 0.562500 0.596875 0.558333 0.604688 0.550000 0.606250 0.547917 0.607812 0.543750 0.607812 0.535417 0.610938 0.529167 0.615625 0.522917 0.618750 0.516667 0.620313 0.510417 0.620313 0.497917 0.621875 0.495833 0.621875 0.485417 0.617188 0.470833 0.606250 0.441667 0.596875 0.429167 0.587500 0.429167
16 0.576562 0.760417 0.565625 0.766667 0.559375 0.768750 0.545312 0.770833 0.520312 0.779167 0.503125 0.787500 0.490625 0.789583 0.448437 0.806250 0.423438 0.812500 0.412500 0.818750 0.406250 0.820833 0.398438 0.822917 0.396875 0.827083 0.396875 0.843750 0.398438 0.854167 0.401562 0.864583 0.403125 0.875000 0.407813 0.908333 0.407813 0.925000 0.409375 0.935417 0.410938 0.943750 0.415625 0.956250 0.418750 0.958333 0.421875 0.958333 0.423438 0.956250 0.428125 0.956250 0.432812 0.954167 0.435937 0.950000 0.439063 0.947917 0.445312 0.945833 0.454688 0.943750 0.459375 0.939583 0.467187 0.939583 0.473438 0.937500 0.484375 0.931250 0.507812 0.925000 0.542188 0.910417 0.571875 0.900000 0.578125 0.897917 0.585938 0.895833 0.593750 0.895833 0.606250 0.891667 0.609375 0.887500 0.609375 0.875000 0.604688 0.856250 0.600000 0.833333 0.595313 0.795833 0.590625 0.775000 0.589063 0.768750 0.582812 0.760417 0.576562 0.760417
