6 0.653125 0.512500 0.642188 0.516667 0.631250 0.522917 0.625000 0.522917 0.618750 0.527083 0.615625 0.531250 0.614062 0.535417 0.614062 0.541667 0.612500 0.545833 0.610938 0.550000 0.606250 0.560417 0.601562 0.568750 0.587500 0.587500 0.582812 0.591667 0.573438 0.597917 0.562500 0.602083 0.556250 0.604167 0.528125 0.604167 0.520312 0.602083 0.515625 0.600000 0.496875 0.587500 0.490625 0.585417 0.485938 0.587500 0.481250 0.587500 0.473438 0.593750 0.468750 0.595833 0.464062 0.597917 0.453125 0.600000 0.446875 0.602083 0.442188 0.606250 0.431250 0.610417 0.423438 0.610417 0.418750 0.612500 0.415625 0.614583 0.414062 0.616667 0.412500 0.620833 0.415625 0.622917 0.428125 0.631250 0.442188 0.639583 0.450000 0.641667 0.457813 0.647917 0.465625 0.650000 0.473438 0.656250 0.485938 0.660417 0.504687 0.670833 0.507812 0.672917 0.512500 0.679167 0.512500 0.685417 0.509375 0.697917 0.501563 0.725000 0.495312 0.739583 0.487500 0.766667 0.481250 0.793750 0.476562 0.804167 0.475000 0.814583 0.471875 0.825000 0.470313 0.829167 0.467187 0.833333 0.462500 0.833333 0.457813 0.831250 0.450000 0.825000 0.425000 0.814583 0.406250 0.802083 0.398438 0.797917 0.390625 0.797917 0.390625 0.808333 0.392188 0.818750 0.393750 0.827083 0.398438 0.839583 0.400000 0.845833 0.401562 0.866667 0.404687 0.885417 0.409375 0.910417 0.417187 0.947917 0.420312 0.962500 0.423438 0.977083 0.425000 0.983333 0.426563 0.989583 0.431250 0.995833 0.434375 0.997917 0.453125 0.995833 0.457813 0.997917 0.604688 0.995833 0.612500 0.993750 0.618750 0.991667 0.625000 0.989583 0.645312 0.979167 0.660937 0.975000 0.670312 0.968750 0.679688 0.966667 0.684375 0.964583 0.689063 0.960417 0.693750 0.958333 0.732812 0.945833 0.743750 0.937500 0.762500 0.931250 0.767188 0.929167 0.771875 0.922917 0.771875 0.912500 0.770312 0.904167 0.768750 0.897917 0.765625 0.891667 0.765625 0.885417 0.762500 0.879167 0.760938 0.864583 0.754687 0.841667 0.746875 0.816667 0.732812 0.756250 0.723437 0.729167 0.721875 0.722917 0.720313 0.716667 0.720313 0.710417 0.718750 0.704167 0.715625 0.697917 0.714063 0.691667 0.707812 0.660417 0.704688 0.652083 0.700000 0.650000 0.696875 0.654167 0.693750 0.660417 0.685937 0.677083 0.685937 0.681250 0.682813 0.687500 0.673438 0.702083 0.670312 0.712500 0.660937 0.725000 0.654687 0.725000 0.651563 0.722917 0.648438 0.720833 0.645312 0.716667 0.642188 0.714583 0.639062 0.714583 0.635938 0.712500 0.632812 0.710417 0.628125 0.706250 0.612500 0.691667 0.604688 0.681250 0.600000 0.677083 0.595313 0.675000 0.587500 0.664583 0.584375 0.658333 0.582812 0.654167 0.581250 0.650000 0.579688 0.641667 0.579688 0.635417 0.581250 0.631250 0.582812 0.627083 0.585938 0.620833 0.601562 0.600000 0.612500 0.583333 0.617188 0.572917 0.629687 0.556250 0.634375 0.547917 0.634375 0.543750 0.635938 0.539583 0.645312 0.527083 0.648438 0.525000 0.653125 0.525000 0.659375 0.520833 0.662500 0.516667 0.662500 0.512500 0.653125 0.512500
10 0.654687 0.527083 0.650000 0.529167 0.643750 0.533333 0.640625 0.537500 0.637500 0.547917 0.632812 0.556250 0.621875 0.570833 0.614062 0.587500 0.598437 0.608333 0.587500 0.625000 0.584375 0.631250 0.584375 0.635417 0.582812 0.639583 0.584375 0.647917 0.585938 0.654167 0.587500 0.658333 0.593750 0.668750 0.595313 0.670833 0.596875 0.670833 0.606250 0.679167 0.612500 0.687500 0.618750 0.693750 0.623437 0.695833 0.629687 0.704167 0.634375 0.708333 0.642188 0.710417 0.645312 0.712500 0.653125 0.720833 0.660937 0.720833 0.665625 0.714583 0.676562 0.693750 0.679688 0.687500 0.681250 0.679167 0.689063 0.666667 0.692187 0.656250 0.695312 0.650000 0.701562 0.641667 0.706250 0.627083 0.720313 0.600000 0.725000 0.589583 0.725000 0.583333 0.723437 0.579167 0.721875 0.577083 0.720313 0.577083 0.712500 0.568750 0.706250 0.562500 0.689063 0.547917 0.676562 0.537500 0.668750 0.531250 0.665625 0.529167 0.662500 0.527083 0.654687 0.527083
10 0.687500 0.202083 0.682813 0.204167 0.676562 0.206250 0.671875 0.210417 0.653125 0.210417 0.646875 0.214583 0.629687 0.214583 0.621875 0.216667 0.618750 0.218750 0.617188 0.220833 0.612500 0.229167 0.606250 0.239583 0.606250 0.245833 0.603125 0.250000 0.603125 0.310417 0.606250 0.335417 0.606250 0.377083 0.607812 0.381250 0.615625 0.389583 0.625000 0.389583 0.654687 0.387500 0.665625 0.385417 0.673438 0.383333 0.679688 0.381250 0.685937 0.377083 0.689063 0.375000 0.698438 0.366667 0.701562 0.364583 0.704688 0.364583 0.707812 0.360417 0.707812 0.354167 0.706250 0.337500 0.703125 0.300000 0.695312 0.237500 0.695312 0.214583 0.693750 0.206250 0.690625 0.202083 0.687500 0.202083
6 0.098437 0.212500 0.095312 0.214583 0.095312 0.233333 0.090625 0.277083 0.089063 0.304167 0.087500 0.329167 0.085938 0.358333 0.085938 0.397917 0.084375 0.431250 0.081250 0.445833 0.079687 0.462500 0.079687 0.485417 0.076563 0.516667 0.070312 0.581250 0.065625 0.622917 0.060937 0.647917 0.060937 0.668750 0.064062 0.668750 0.065625 0.670833 0.073438 0.670833 0.095312 0.679167 0.103125 0.681250 0.128125 0.687500 0.137500 0.689583 0.154688 0.691667 0.175000 0.693750 0.204687 0.693750 0.229687 0.695833 0.248438 0.697917 0.265625 0.700000 0.282813 0.702083 0.298438 0.706250 0.314063 0.708333 0.335938 0.710417 0.356250 0.710417 0.362500 0.708333 0.368750 0.704167 0.371875 0.697917 0.376563 0.687500 0.378125 0.683333 0.379688 0.679167 0.381250 0.670833 0.382812 0.645833 0.385937 0.622917 0.389062 0.612500 0.390625 0.600000 0.392188 0.583333 0.393750 0.566667 0.393750 0.547917 0.390625 0.529167 0.389062 0.520833 0.387500 0.512500 0.384375 0.500000 0.378125 0.481250 0.376563 0.456250 0.376563 0.450000 0.379688 0.445833 0.382812 0.443750 0.396875 0.443750 0.400000 0.441667 0.403125 0.435417 0.404687 0.422917 0.406250 0.404167 0.407813 0.385417 0.406250 0.364583 0.398438 0.364583 0.390625 0.368750 0.373437 0.368750 0.367188 0.366667 0.362500 0.364583 0.359375 0.362500 0.348438 0.354167 0.335938 0.341667 0.328125 0.337500 0.315625 0.325000 0.310937 0.320833 0.306250 0.320833 0.306250 0.325000 0.304688 0.327083 0.304688 0.333333 0.300000 0.345833 0.296875 0.352083 0.281250 0.372917 0.271875 0.379167 0.267188 0.381250 0.260937 0.383333 0.237500 0.383333 0.229687 0.381250 0.225000 0.379167 0.210938 0.368750 0.200000 0.362500 0.181250 0.360417 0.176563 0.358333 0.171875 0.356250 0.153125 0.345833 0.143750 0.339583 0.139063 0.335417 0.125000 0.316667 0.120313 0.308333 0.117188 0.300000 0.107813 0.277083 0.106250 0.272917 0.103125 0.262500 0.101562 0.252083 0.101562 0.227083 0.104688 0.214583 0.101562 0.212500 0.098437 0.212500
7 0.220312 0.712500 0.214062 0.714583 0.207813 0.716667 0.200000 0.720833 0.190625 0.727083 0.185938 0.731250 0.181250 0.737500 0.178125 0.739583 0.175000 0.741667 0.162500 0.747917 0.156250 0.752083 0.126562 0.766667 0.114062 0.775000 0.106250 0.785417 0.098437 0.791667 0.090625 0.802083 0.081250 0.820833 0.073438 0.831250 0.071875 0.835417 0.070312 0.841667 0.070312 0.854167 0.067187 0.864583 0.067187 0.881250 0.064062 0.891667 0.064062 0.925000 0.070312 0.941667 0.073438 0.945833 0.075000 0.945833 0.079687 0.952083 0.082812 0.954167 0.087500 0.956250 0.093750 0.958333 0.100000 0.958333 0.106250 0.960417 0.109375 0.962500 0.112500 0.966667 0.117188 0.968750 0.156250 0.968750 0.165625 0.962500 0.170313 0.962500 0.175000 0.960417 0.187500 0.952083 0.198437 0.937500 0.203125 0.927083 0.209375 0.918750 0.214062 0.918750 0.217188 0.916667 0.221875 0.912500 0.228125 0.906250 0.232813 0.900000 0.234375 0.893750 0.235937 0.889583 0.237500 0.887500 0.262500 0.856250 0.262500 0.852083 0.270313 0.841667 0.278125 0.825000 0.279687 0.818750 0.281250 0.810417 0.282813 0.802083 0.285938 0.777083 0.285938 0.766667 0.284375 0.760417 0.282813 0.754167 0.281250 0.750000 0.278125 0.745833 0.276562 0.745833 0.271875 0.739583 0.251563 0.720833 0.242188 0.714583 0.237500 0.712500 0.220312 0.712500
7 0.537500 0.408333 0.535937 0.410417 0.523438 0.410417 0.515625 0.412500 0.512500 0.414583 0.509375 0.416667 0.496875 0.427083 0.484375 0.443750 0.479687 0.454167 0.475000 0.464583 0.473438 0.468750 0.471875 0.475000 0.470313 0.481250 0.468750 0.491667 0.468750 0.514583 0.470313 0.525000 0.471875 0.535417 0.473438 0.541667 0.478125 0.554167 0.484375 0.566667 0.487500 0.570833 0.490625 0.575000 0.498437 0.583333 0.506250 0.589583 0.515625 0.595833 0.520312 0.597917 0.526563 0.600000 0.557813 0.600000 0.576562 0.591667 0.579688 0.589583 0.584375 0.585417 0.590625 0.577083 0.592187 0.577083 0.596875 0.570833 0.596875 0.568750 0.603125 0.560417 0.609375 0.545833 0.610938 0.541667 0.612500 0.533333 0.614062 0.522917 0.614062 0.493750 0.612500 0.481250 0.610938 0.475000 0.606250 0.462500 0.596875 0.437500 0.589063 0.427083 0.584375 0.422917 0.575000 0.416667 0.570312 0.414583 0.565625 0.412500 0.556250 0.410417 0.548438 0.408333 0.537500 0.408333
7 0.164062 0.172917 0.148438 0.175000 0.139063 0.177083 0.131250 0.181250 0.121875 0.187500 0.109375 0.204167 0.106250 0.210417 0.103125 0.220833 0.103125 0.258333 0.104688 0.266667 0.109375 0.279167 0.112500 0.285417 0.115625 0.291667 0.121875 0.300000 0.121875 0.304167 0.126562 0.312500 0.129688 0.318750 0.135937 0.327083 0.142187 0.333333 0.146875 0.337500 0.150000 0.339583 0.153125 0.339583 0.156250 0.343750 0.159375 0.343750 0.165625 0.350000 0.168750 0.352083 0.173437 0.354167 0.178125 0.354167 0.182812 0.358333 0.198437 0.358333 0.204687 0.362500 0.229687 0.379167 0.240625 0.381250 0.243750 0.381250 0.259375 0.379167 0.267188 0.377083 0.271875 0.375000 0.275000 0.372917 0.278125 0.370833 0.285938 0.362500 0.287500 0.360417 0.293750 0.350000 0.296875 0.343750 0.301563 0.331250 0.303125 0.322917 0.303125 0.310417 0.301563 0.304167 0.296875 0.293750 0.285938 0.275000 0.281250 0.266667 0.279687 0.262500 0.278125 0.256250 0.278125 0.247917 0.275000 0.239583 0.271875 0.239583 0.262500 0.227083 0.256250 0.220833 0.250000 0.216667 0.243750 0.208333 0.232813 0.200000 0.226562 0.191667 0.221875 0.187500 0.212500 0.181250 0.204687 0.177083 0.200000 0.175000 0.193750 0.172917 0.164062 0.172917
7 0.325000 0.129167 0.315625 0.131250 0.309375 0.133333 0.300000 0.139583 0.295312 0.145833 0.295312 0.147917 0.292187 0.152083 0.290625 0.152083 0.287500 0.156250 0.287500 0.160417 0.284375 0.164583 0.281250 0.175000 0.279687 0.183333 0.278125 0.212500 0.278125 0.231250 0.279687 0.256250 0.281250 0.266667 0.282813 0.270833 0.285938 0.277083 0.292187 0.287500 0.296875 0.291667 0.300000 0.300000 0.317188 0.322917 0.325000 0.331250 0.332813 0.335417 0.337500 0.341667 0.348438 0.350000 0.356250 0.356250 0.368750 0.364583 0.375000 0.366667 0.392188 0.366667 0.398438 0.362500 0.407813 0.362500 0.414062 0.356250 0.421875 0.350000 0.426563 0.343750 0.428125 0.343750 0.431250 0.339583 0.434375 0.333333 0.435937 0.329167 0.437500 0.320833 0.439063 0.310417 0.439063 0.289583 0.437500 0.279167 0.434375 0.260417 0.432812 0.252083 0.431250 0.239583 0.426563 0.216667 0.418750 0.193750 0.417187 0.189583 0.410938 0.181250 0.410938 0.177083 0.409375 0.172917 0.403125 0.164583 0.398438 0.162500 0.389062 0.152083 0.384375 0.147917 0.371875 0.139583 0.365625 0.137500 0.348438 0.131250 0.342187 0.129167 0.325000 0.129167
7 0.895312 0.081250 0.889062 0.083333 0.882812 0.085417 0.878125 0.087500 0.870313 0.091667 0.857812 0.100000 0.853125 0.104167 0.848437 0.108333 0.842187 0.114583 0.834375 0.125000 0.831250 0.129167 0.818750 0.147917 0.812500 0.152083 0.807813 0.158333 0.806250 0.158333 0.803125 0.162500 0.785937 0.187500 0.773438 0.200000 0.771875 0.200000 0.768750 0.204167 0.762500 0.214583 0.762500 0.218750 0.757812 0.227083 0.754687 0.235417 0.751563 0.250000 0.751563 0.262500 0.753125 0.264583 0.753125 0.279167 0.754687 0.283333 0.757812 0.287500 0.757812 0.293750 0.760938 0.300000 0.768750 0.312500 0.771875 0.316667 0.779687 0.325000 0.784375 0.329167 0.787500 0.331250 0.792188 0.331250 0.796875 0.335417 0.804688 0.337500 0.817187 0.337500 0.825000 0.335417 0.832812 0.333333 0.837500 0.331250 0.842187 0.329167 0.865625 0.312500 0.870313 0.312500 0.875000 0.308333 0.887500 0.297917 0.892188 0.293750 0.898438 0.291667 0.909375 0.289583 0.914062 0.287500 0.921875 0.283333 0.925000 0.279167 0.928125 0.279167 0.939063 0.270833 0.943750 0.266667 0.948438 0.262500 0.960938 0.245833 0.965625 0.237500 0.968750 0.231250 0.970313 0.227083 0.971875 0.222917 0.976562 0.204167 0.978125 0.193750 0.978125 0.175000 0.982812 0.164583 0.984375 0.158333 0.984375 0.150000 0.985938 0.147917 0.985938 0.141667 0.984375 0.139583 0.984375 0.131250 0.979688 0.118750 0.970313 0.106250 0.965625 0.102083 0.960938 0.100000 0.953125 0.097917 0.943750 0.097917 0.937500 0.091667 0.934375 0.089583 0.929688 0.087500 0.923438 0.085417 0.917188 0.083333 0.907813 0.081250 0.895312 0.081250
6 0.759375 0.318750 0.756250 0.325000 0.753125 0.335417 0.748437 0.341667 0.743750 0.352083 0.740625 0.362500 0.735938 0.372917 0.729688 0.383333 0.721875 0.404167 0.714063 0.420833 0.701562 0.443750 0.689063 0.470833 0.685937 0.481250 0.681250 0.491667 0.675000 0.500000 0.670312 0.514583 0.670312 0.527083 0.673438 0.531250 0.678125 0.535417 0.682813 0.537500 0.700000 0.552083 0.714063 0.564583 0.720313 0.570833 0.728125 0.581250 0.728125 0.589583 0.725000 0.600000 0.721875 0.606250 0.717187 0.612500 0.715625 0.616667 0.715625 0.627083 0.718750 0.631250 0.720313 0.631250 0.725000 0.637500 0.732812 0.641667 0.740625 0.650000 0.748437 0.656250 0.756250 0.660417 0.764062 0.668750 0.779687 0.679167 0.787500 0.685417 0.800000 0.697917 0.815625 0.708333 0.826562 0.716667 0.831250 0.722917 0.839063 0.727083 0.846875 0.733333 0.851562 0.739583 0.859375 0.743750 0.867188 0.752083 0.875000 0.756250 0.882812 0.764583 0.890625 0.768750 0.896875 0.768750 0.903125 0.760417 0.910937 0.745833 0.917188 0.733333 0.926562 0.714583 0.929688 0.704167 0.937500 0.687500 0.942187 0.681250 0.945312 0.675000 0.946875 0.666667 0.951562 0.656250 0.959375 0.641667 0.976562 0.595833 0.985938 0.572917 0.993750 0.558333 0.995313 0.554167 0.995313 0.550000 0.998437 0.547917 0.998437 0.418750 0.993750 0.414583 0.984375 0.406250 0.976562 0.402083 0.959375 0.385417 0.939063 0.368750 0.925000 0.358333 0.907813 0.345833 0.895312 0.337500 0.873437 0.325000 0.870313 0.320833 0.864062 0.318750 0.859375 0.318750 0.854688 0.320833 0.846875 0.327083 0.842187 0.329167 0.837500 0.331250 0.826562 0.335417 0.818750 0.337500 0.804688 0.337500 0.798438 0.335417 0.793750 0.331250 0.789062 0.329167 0.782813 0.329167 0.778125 0.325000 0.767188 0.310417 0.759375 0.318750
10 0.434375 0.431250 0.418750 0.433333 0.412500 0.439583 0.406250 0.441667 0.398438 0.441667 0.390625 0.443750 0.385937 0.445833 0.382812 0.447917 0.379688 0.452083 0.378125 0.456250 0.378125 0.481250 0.384375 0.489583 0.385937 0.495833 0.387500 0.502083 0.389062 0.516667 0.390625 0.525000 0.393750 0.531250 0.396875 0.550000 0.395313 0.570833 0.401562 0.589583 0.403125 0.593750 0.401562 0.597917 0.403125 0.602083 0.404687 0.606250 0.415625 0.608333 0.423438 0.606250 0.432812 0.604167 0.443750 0.597917 0.450000 0.595833 0.456250 0.595833 0.462500 0.593750 0.468750 0.591667 0.482812 0.585417 0.485938 0.585417 0.489063 0.581250 0.493750 0.581250 0.492188 0.575000 0.481250 0.562500 0.479687 0.558333 0.478125 0.554167 0.470313 0.531250 0.468750 0.525000 0.467187 0.516667 0.465625 0.502083 0.467187 0.489583 0.468750 0.481250 0.470313 0.477083 0.473438 0.472917 0.473438 0.466667 0.468750 0.460417 0.467187 0.454167 0.460938 0.447917 0.459375 0.445833 0.457813 0.441667 0.457813 0.437500 0.453125 0.431250 0.434375 0.431250
