8 0.262500 0.472917 0.259375 0.475000 0.256250 0.477083 0.248438 0.487500 0.245312 0.493750 0.243750 0.500000 0.239063 0.506250 0.237500 0.514583 0.235937 0.520833 0.234375 0.529167 0.234375 0.541667 0.231250 0.554167 0.231250 0.587500 0.239063 0.597917 0.245312 0.604167 0.250000 0.606250 0.257812 0.610417 0.262500 0.610417 0.270313 0.616667 0.279687 0.616667 0.296875 0.625000 0.303125 0.627083 0.309375 0.629167 0.320312 0.629167 0.328125 0.633333 0.337500 0.633333 0.345313 0.637500 0.365625 0.639583 0.373437 0.641667 0.395313 0.647917 0.406250 0.654167 0.423438 0.660417 0.437500 0.662500 0.451562 0.668750 0.459375 0.668750 0.465625 0.672917 0.471875 0.675000 0.487500 0.675000 0.490625 0.672917 0.495312 0.666667 0.496875 0.660417 0.498437 0.647917 0.501563 0.641667 0.503125 0.627083 0.503125 0.610417 0.504687 0.604167 0.507812 0.597917 0.509375 0.589583 0.509375 0.572917 0.510938 0.560417 0.512500 0.558333 0.512500 0.550000 0.510938 0.543750 0.504687 0.535417 0.500000 0.533333 0.490625 0.529167 0.479687 0.527083 0.468750 0.520833 0.460938 0.518750 0.451562 0.518750 0.443750 0.514583 0.435937 0.514583 0.414062 0.508333 0.407813 0.504167 0.400000 0.502083 0.384375 0.497917 0.373437 0.497917 0.364063 0.495833 0.353125 0.493750 0.342187 0.487500 0.332813 0.485417 0.325000 0.483333 0.315625 0.481250 0.301563 0.481250 0.293750 0.477083 0.279687 0.477083 0.270313 0.475000 0.268750 0.472917 0.262500 0.472917
6 0.418750 0.235417 0.414062 0.241667 0.414062 0.245833 0.415625 0.250000 0.418750 0.256250 0.421875 0.258333 0.423438 0.262500 0.423438 0.235417 0.418750 0.235417
6 0.639062 0.037500 0.635938 0.039583 0.632812 0.041667 0.618750 0.054167 0.584375 0.087500 0.579688 0.089583 0.575000 0.095833 0.570312 0.100000 0.562500 0.104167 0.553125 0.112500 0.540625 0.122917 0.525000 0.137500 0.518750 0.143750 0.510938 0.152083 0.509375 0.158333 0.517188 0.168750 0.523438 0.172917 0.529687 0.181250 0.532813 0.187500 0.537500 0.197917 0.540625 0.208333 0.546875 0.218750 0.554688 0.239583 0.560937 0.254167 0.565625 0.260417 0.570312 0.270833 0.578125 0.289583 0.589063 0.318750 0.593750 0.329167 0.610938 0.362500 0.617188 0.377083 0.623437 0.395833 0.632812 0.412500 0.654687 0.464583 0.659375 0.470833 0.662500 0.470833 0.665625 0.468750 0.668750 0.466667 0.673438 0.462500 0.682813 0.452083 0.687500 0.450000 0.692187 0.443750 0.692187 0.435417 0.690625 0.427083 0.684375 0.406250 0.684375 0.395833 0.687500 0.391667 0.690625 0.389583 0.704688 0.383333 0.767188 0.360417 0.776563 0.356250 0.785937 0.352083 0.790625 0.350000 0.793750 0.347917 0.793750 0.343750 0.792188 0.339583 0.790625 0.335417 0.785937 0.325000 0.779687 0.312500 0.776563 0.306250 0.773438 0.302083 0.765625 0.302083 0.750000 0.312500 0.740625 0.312500 0.729688 0.316667 0.718750 0.320833 0.714063 0.322917 0.706250 0.329167 0.700000 0.331250 0.693750 0.331250 0.689063 0.333333 0.685937 0.335417 0.682813 0.339583 0.679688 0.341667 0.673438 0.343750 0.665625 0.345833 0.653125 0.345833 0.645312 0.337500 0.643750 0.335417 0.643750 0.333333 0.640625 0.329167 0.639062 0.325000 0.637500 0.320833 0.632812 0.304167 0.628125 0.285417 0.621875 0.252083 0.620313 0.237500 0.620313 0.231250 0.621875 0.225000 0.623437 0.220833 0.625000 0.216667 0.631250 0.208333 0.634375 0.206250 0.648438 0.200000 0.659375 0.197917 0.664062 0.195833 0.668750 0.193750 0.676562 0.187500 0.681250 0.185417 0.690625 0.183333 0.695312 0.181250 0.703125 0.177083 0.706250 0.172917 0.703125 0.166667 0.703125 0.162500 0.695312 0.147917 0.679688 0.110417 0.667188 0.083333 0.662500 0.077083 0.659375 0.070833 0.648438 0.043750 0.643750 0.037500 0.639062 0.037500
11 0.059375 0.312500 0.051562 0.314583 0.042188 0.320833 0.039062 0.325000 0.028125 0.339583 0.026562 0.341667 0.026562 0.343750 0.025000 0.345833 0.021875 0.347917 0.007812 0.347917 0.006250 0.350000 0.000000 0.350000 0.000000 0.420833 0.003125 0.422917 0.009375 0.425000 0.015625 0.425000 0.020313 0.427083 0.025000 0.429167 0.032813 0.435417 0.040625 0.445833 0.045312 0.450000 0.053125 0.456250 0.062500 0.462500 0.070312 0.464583 0.084375 0.462500 0.089063 0.462500 0.090625 0.464583 0.098437 0.466667 0.109375 0.468750 0.153125 0.468750 0.154688 0.466667 0.201563 0.464583 0.254688 0.464583 0.267188 0.466667 0.278125 0.470833 0.293750 0.470833 0.296875 0.468750 0.300000 0.464583 0.301563 0.460417 0.303125 0.450000 0.303125 0.341667 0.301563 0.329167 0.298438 0.322917 0.295312 0.320833 0.217188 0.320833 0.175000 0.318750 0.132812 0.314583 0.093750 0.312500 0.090625 0.312500 0.079687 0.314583 0.059375 0.312500
8 0.876563 0.104167 0.871875 0.108333 0.860938 0.112500 0.854688 0.112500 0.842187 0.120833 0.837500 0.122917 0.831250 0.122917 0.821875 0.127083 0.803125 0.135417 0.790625 0.143750 0.779687 0.147917 0.768750 0.150000 0.754687 0.156250 0.739062 0.162500 0.734375 0.164583 0.729688 0.168750 0.706250 0.177083 0.695312 0.185417 0.676562 0.191667 0.662500 0.200000 0.648438 0.206250 0.642188 0.206250 0.637500 0.208333 0.632812 0.210417 0.623437 0.222917 0.621875 0.227083 0.621875 0.254167 0.623437 0.264583 0.625000 0.270833 0.626563 0.277083 0.632812 0.291667 0.634375 0.302083 0.639062 0.312500 0.639062 0.318750 0.640625 0.325000 0.642188 0.329167 0.643750 0.333333 0.650000 0.341667 0.654687 0.345833 0.665625 0.345833 0.673438 0.343750 0.678125 0.341667 0.682813 0.339583 0.685937 0.335417 0.698438 0.333333 0.720313 0.318750 0.737500 0.312500 0.746875 0.312500 0.751563 0.310417 0.764062 0.302083 0.770312 0.302083 0.781250 0.295833 0.787500 0.295833 0.793750 0.293750 0.798438 0.291667 0.803125 0.289583 0.810937 0.283333 0.828125 0.275000 0.853125 0.268750 0.864062 0.262500 0.870313 0.262500 0.884375 0.256250 0.896875 0.250000 0.906250 0.243750 0.914062 0.233333 0.915625 0.229167 0.915625 0.212500 0.915625 0.181250 0.914062 0.168750 0.912500 0.162500 0.909375 0.156250 0.909375 0.147917 0.906250 0.137500 0.904687 0.133333 0.901563 0.129167 0.901563 0.125000 0.900000 0.120833 0.887500 0.104167 0.876563 0.104167
8 0.496875 0.154167 0.485938 0.156250 0.471875 0.164583 0.467187 0.170833 0.456250 0.179167 0.453125 0.179167 0.450000 0.183333 0.446875 0.183333 0.439063 0.191667 0.432812 0.200000 0.426563 0.210417 0.421875 0.218750 0.421875 0.229167 0.425000 0.233333 0.425000 0.258333 0.426563 0.264583 0.428125 0.268750 0.431250 0.272917 0.431250 0.277083 0.443750 0.306250 0.454688 0.327083 0.464062 0.341667 0.473438 0.360417 0.481250 0.377083 0.489063 0.400000 0.495312 0.410417 0.500000 0.425000 0.507812 0.439583 0.512500 0.454167 0.517188 0.464583 0.528125 0.485417 0.534375 0.500000 0.539062 0.514583 0.551562 0.539583 0.557813 0.558333 0.562500 0.564583 0.568750 0.566667 0.579688 0.566667 0.584375 0.564583 0.598437 0.556250 0.609375 0.545833 0.623437 0.537500 0.635938 0.527083 0.642188 0.518750 0.646875 0.516667 0.651563 0.512500 0.656250 0.506250 0.657813 0.502083 0.659375 0.497917 0.660937 0.489583 0.660937 0.481250 0.659375 0.477083 0.656250 0.472917 0.656250 0.468750 0.646875 0.450000 0.642188 0.443750 0.637500 0.429167 0.632812 0.422917 0.631250 0.414583 0.625000 0.406250 0.625000 0.402083 0.618750 0.391667 0.617188 0.383333 0.614062 0.375000 0.609375 0.368750 0.607812 0.360417 0.604688 0.354167 0.600000 0.347917 0.595313 0.337500 0.592187 0.327083 0.587500 0.320833 0.581250 0.302083 0.573438 0.287500 0.568750 0.272917 0.554688 0.245833 0.545312 0.220833 0.531250 0.189583 0.528125 0.183333 0.521875 0.175000 0.515625 0.170833 0.512500 0.166667 0.512500 0.164583 0.507812 0.158333 0.503125 0.154167 0.496875 0.154167
6 0.412500 0.735417 0.412500 0.758333 0.410938 0.768750 0.409375 0.772917 0.396875 0.789583 0.392188 0.791667 0.387500 0.791667 0.382812 0.795833 0.365625 0.797917 0.340625 0.797917 0.317188 0.800000 0.298438 0.804167 0.265625 0.804167 0.262500 0.806250 0.260937 0.810417 0.262500 0.818750 0.265625 0.829167 0.268750 0.839583 0.275000 0.854167 0.285938 0.893750 0.290625 0.908333 0.292187 0.912500 0.295312 0.916667 0.298438 0.918750 0.301563 0.918750 0.306250 0.916667 0.309375 0.914583 0.329688 0.897917 0.343750 0.889583 0.368750 0.877083 0.371875 0.875000 0.401562 0.854167 0.429688 0.831250 0.450000 0.816667 0.470313 0.804167 0.487500 0.791667 0.504687 0.779167 0.515625 0.768750 0.526563 0.762500 0.529687 0.758333 0.531250 0.758333 0.532813 0.752083 0.528125 0.752083 0.526563 0.750000 0.514062 0.747917 0.487500 0.745833 0.434375 0.735417 0.418750 0.733333 0.412500 0.735417
6 0.228125 0.468750 0.223438 0.470833 0.220312 0.472917 0.187500 0.495833 0.173437 0.508333 0.156250 0.518750 0.151562 0.525000 0.151562 0.533333 0.153125 0.539583 0.157812 0.547917 0.164062 0.568750 0.171875 0.583333 0.179688 0.602083 0.198437 0.647917 0.203125 0.660417 0.203125 0.666667 0.217188 0.666667 0.235937 0.660417 0.246875 0.658333 0.267188 0.658333 0.281250 0.654167 0.309375 0.654167 0.332813 0.650000 0.364063 0.647917 0.387500 0.647917 0.390625 0.647917 0.387500 0.645833 0.382812 0.643750 0.373437 0.643750 0.365625 0.639583 0.356250 0.639583 0.348438 0.635417 0.334375 0.635417 0.326562 0.631250 0.315625 0.631250 0.309375 0.629167 0.285938 0.620833 0.275000 0.614583 0.262500 0.612500 0.254688 0.610417 0.246875 0.606250 0.242188 0.602083 0.232813 0.589583 0.231250 0.585417 0.229687 0.575000 0.229687 0.560417 0.231250 0.558333 0.231250 0.541667 0.232813 0.531250 0.234375 0.522917 0.237500 0.516667 0.237500 0.510417 0.240625 0.500000 0.242188 0.495833 0.243750 0.491667 0.251563 0.479167 0.251563 0.477083 0.254688 0.475000 0.256250 0.470833 0.251563 0.468750 0.228125 0.468750
6 0.406250 0.343750 0.400000 0.347917 0.384375 0.358333 0.342187 0.387500 0.318750 0.404167 0.315625 0.408333 0.310937 0.410417 0.307812 0.412500 0.306250 0.414583 0.304688 0.418750 0.304688 0.458333 0.303125 0.464583 0.298438 0.470833 0.300000 0.475000 0.303125 0.477083 0.307812 0.479167 0.317188 0.481250 0.334375 0.483333 0.342187 0.485417 0.350000 0.487500 0.371875 0.493750 0.378125 0.495833 0.384375 0.500000 0.390625 0.502083 0.400000 0.500000 0.401562 0.487500 0.403125 0.468750 0.403125 0.445833 0.406250 0.404167 0.407813 0.383333 0.410938 0.366667 0.412500 0.350000 0.410938 0.343750 0.406250 0.343750
8 0.357812 0.650000 0.331250 0.652083 0.309375 0.656250 0.279687 0.656250 0.264062 0.660417 0.246875 0.660417 0.232813 0.662500 0.215625 0.668750 0.196875 0.668750 0.184375 0.672917 0.157812 0.672917 0.153125 0.675000 0.148438 0.679167 0.142187 0.679167 0.139063 0.681250 0.135937 0.683333 0.131250 0.689583 0.129688 0.693750 0.125000 0.708333 0.123438 0.714583 0.121875 0.720833 0.120313 0.731250 0.120313 0.770833 0.123438 0.785417 0.125000 0.791667 0.126562 0.795833 0.129688 0.800000 0.140625 0.810417 0.145313 0.812500 0.150000 0.814583 0.157812 0.816667 0.176563 0.816667 0.195312 0.812500 0.220312 0.810417 0.225000 0.810417 0.242188 0.812500 0.250000 0.810417 0.259375 0.808333 0.264062 0.804167 0.296875 0.804167 0.315625 0.800000 0.339062 0.797917 0.365625 0.797917 0.373437 0.793750 0.385937 0.793750 0.390625 0.791667 0.395313 0.789583 0.403125 0.781250 0.406250 0.777083 0.407813 0.772917 0.409375 0.768750 0.409375 0.708333 0.407813 0.691667 0.404687 0.672917 0.403125 0.664583 0.400000 0.658333 0.396875 0.654167 0.393750 0.652083 0.390625 0.650000 0.357812 0.650000
6 0.420312 0.277083 0.418750 0.287500 0.417187 0.306250 0.417187 0.327083 0.415625 0.345833 0.412500 0.362500 0.410938 0.381250 0.409375 0.400000 0.404687 0.464583 0.403125 0.487500 0.403125 0.502083 0.406250 0.502083 0.407813 0.504167 0.414062 0.506250 0.421875 0.506250 0.429688 0.508333 0.435937 0.512500 0.450000 0.516667 0.462500 0.516667 0.468750 0.520833 0.475000 0.520833 0.490625 0.527083 0.498437 0.531250 0.501563 0.533333 0.504687 0.535417 0.509375 0.541667 0.510938 0.541667 0.514062 0.545833 0.514062 0.568750 0.512500 0.579167 0.510938 0.585417 0.507812 0.591667 0.506250 0.602083 0.506250 0.612500 0.503125 0.622917 0.504687 0.645833 0.503125 0.654167 0.498437 0.666667 0.489063 0.679167 0.468750 0.679167 0.453125 0.670833 0.445312 0.670833 0.432812 0.664583 0.426563 0.664583 0.420312 0.662500 0.412500 0.656250 0.406250 0.656250 0.406250 0.664583 0.410938 0.689583 0.412500 0.702083 0.412500 0.725000 0.415625 0.729167 0.420312 0.731250 0.432812 0.733333 0.471875 0.739583 0.485938 0.741667 0.515625 0.743750 0.528125 0.745833 0.539062 0.750000 0.557813 0.750000 0.575000 0.752083 0.593750 0.754167 0.620313 0.760417 0.635938 0.760417 0.651563 0.764583 0.673438 0.764583 0.676562 0.762500 0.676562 0.756250 0.678125 0.754167 0.678125 0.737500 0.679688 0.729167 0.681250 0.722917 0.682813 0.716667 0.684375 0.712500 0.685937 0.708333 0.689063 0.702083 0.693750 0.693750 0.698438 0.685417 0.703125 0.679167 0.707812 0.675000 0.715625 0.668750 0.718750 0.666667 0.725000 0.664583 0.728125 0.662500 0.729688 0.658333 0.731250 0.647917 0.732812 0.625000 0.735938 0.583333 0.737500 0.558333 0.737500 0.554167 0.735938 0.550000 0.726562 0.550000 0.723437 0.550000 0.720313 0.547917 0.715625 0.541667 0.714063 0.537500 0.712500 0.531250 0.710938 0.525000 0.709375 0.510417 0.698438 0.464583 0.696875 0.458333 0.693750 0.454167 0.689063 0.454167 0.684375 0.456250 0.681250 0.458333 0.671875 0.466667 0.667188 0.470833 0.664062 0.475000 0.664062 0.493750 0.662500 0.500000 0.660937 0.504167 0.650000 0.518750 0.643750 0.525000 0.628125 0.539583 0.614062 0.550000 0.585938 0.568750 0.581250 0.570833 0.567187 0.570833 0.562500 0.568750 0.559375 0.566667 0.556250 0.562500 0.550000 0.547917 0.545312 0.533333 0.539062 0.522917 0.528125 0.493750 0.517188 0.472917 0.500000 0.433333 0.484375 0.397917 0.479687 0.383333 0.475000 0.372917 0.467187 0.356250 0.457813 0.337500 0.451562 0.329167 0.446875 0.316667 0.439063 0.304167 0.437500 0.297917 0.434375 0.291667 0.428125 0.283333 0.428125 0.281250 0.423438 0.275000 0.420312 0.277083
12 0.742188 0.662500 0.740625 0.664583 0.732812 0.664583 0.726562 0.666667 0.721875 0.668750 0.712500 0.675000 0.706250 0.681250 0.698438 0.691667 0.690625 0.706250 0.685937 0.718750 0.684375 0.725000 0.682813 0.731250 0.681250 0.743750 0.681250 0.762500 0.682813 0.772917 0.684375 0.779167 0.685937 0.785417 0.687500 0.789583 0.689063 0.793750 0.692187 0.800000 0.695312 0.806250 0.701562 0.816667 0.703125 0.818750 0.710938 0.827083 0.715625 0.831250 0.720313 0.835417 0.723437 0.837500 0.728125 0.839583 0.732812 0.841667 0.739062 0.843750 0.751563 0.843750 0.759375 0.847917 0.768750 0.850000 0.778125 0.850000 0.785937 0.847917 0.790625 0.845833 0.800000 0.839583 0.804688 0.835417 0.810937 0.827083 0.814063 0.820833 0.815625 0.816667 0.817187 0.812500 0.818750 0.806250 0.820312 0.800000 0.821875 0.783333 0.820312 0.764583 0.818750 0.758333 0.815625 0.750000 0.809375 0.737500 0.807813 0.731250 0.807813 0.720833 0.806250 0.714583 0.804688 0.710417 0.803125 0.706250 0.800000 0.700000 0.796875 0.693750 0.787500 0.681250 0.781250 0.675000 0.771875 0.668750 0.765625 0.666667 0.759375 0.664583 0.748437 0.662500 0.742188 0.662500
