22 0.223438 0.260417 0.217188 0.268750 0.212500 0.268750 0.209375 0.272917 0.210938 0.279167 0.206250 0.285417 0.204687 0.291667 0.200000 0.314583 0.198437 0.325000 0.193750 0.356250 0.189062 0.400000 0.185938 0.408333 0.184375 0.418750 0.182812 0.433333 0.185938 0.437500 0.190625 0.439583 0.196875 0.441667 0.203125 0.443750 0.210938 0.445833 0.221875 0.443750 0.223438 0.439583 0.225000 0.433333 0.226562 0.425000 0.226562 0.416667 0.228125 0.408333 0.232813 0.391667 0.235937 0.375000 0.242188 0.327083 0.243750 0.316667 0.246875 0.308333 0.248438 0.297917 0.248438 0.270833 0.245312 0.266667 0.242188 0.264583 0.237500 0.262500 0.229687 0.260417 0.223438 0.260417
4 0.642188 0.658333 0.642188 0.706250 0.639062 0.725000 0.637500 0.731250 0.629687 0.754167 0.629687 0.772917 0.631250 0.793750 0.634375 0.820833 0.639062 0.860417 0.640625 0.870833 0.642188 0.877083 0.643750 0.881250 0.645312 0.885417 0.657813 0.887500 0.660937 0.885417 0.662500 0.881250 0.662500 0.847917 0.660937 0.822917 0.659375 0.797917 0.657813 0.779167 0.654687 0.752083 0.650000 0.714583 0.648438 0.704167 0.646875 0.693750 0.645312 0.685417 0.642188 0.681250 0.642188 0.658333
4 0.610938 0.395833 0.604688 0.397917 0.601562 0.400000 0.596875 0.404167 0.589063 0.414583 0.585938 0.420833 0.582812 0.431250 0.581250 0.437500 0.579688 0.450000 0.579688 0.497917 0.581250 0.506250 0.582812 0.510417 0.587500 0.520833 0.590625 0.527083 0.598437 0.537500 0.606250 0.543750 0.614062 0.554167 0.617188 0.564583 0.618750 0.570833 0.618750 0.587500 0.620313 0.591667 0.621875 0.595833 0.631250 0.614583 0.632812 0.618750 0.634375 0.622917 0.637500 0.633333 0.637500 0.641667 0.639062 0.645833 0.639062 0.631250 0.637500 0.618750 0.634375 0.610417 0.632812 0.600000 0.631250 0.587500 0.629687 0.575000 0.629687 0.556250 0.631250 0.550000 0.632812 0.545833 0.642188 0.529167 0.646875 0.518750 0.651563 0.504167 0.653125 0.495833 0.653125 0.472917 0.651563 0.454167 0.650000 0.445833 0.648438 0.437500 0.646875 0.431250 0.640625 0.414583 0.632812 0.404167 0.628125 0.400000 0.625000 0.397917 0.621875 0.395833 0.610938 0.395833
12 0.725000 0.191667 0.718750 0.193750 0.704688 0.200000 0.701562 0.202083 0.698438 0.204167 0.693750 0.208333 0.684375 0.218750 0.679688 0.225000 0.675000 0.233333 0.670312 0.241667 0.668750 0.245833 0.664062 0.260417 0.662500 0.266667 0.660937 0.275000 0.660937 0.318750 0.664062 0.329167 0.665625 0.333333 0.667188 0.337500 0.671875 0.347917 0.687500 0.368750 0.692187 0.372917 0.701562 0.379167 0.720313 0.387500 0.728125 0.389583 0.735938 0.389583 0.748437 0.387500 0.753125 0.385417 0.757812 0.383333 0.770312 0.375000 0.778125 0.368750 0.782813 0.364583 0.787500 0.360417 0.792188 0.354167 0.795312 0.347917 0.804688 0.320833 0.806250 0.314583 0.807813 0.308333 0.807813 0.266667 0.806250 0.260417 0.800000 0.241667 0.796875 0.235417 0.790625 0.222917 0.781250 0.210417 0.776563 0.206250 0.764062 0.197917 0.750000 0.191667 0.725000 0.191667
31 0.579688 0.164583 0.573438 0.166667 0.568750 0.168750 0.562500 0.172917 0.553125 0.179167 0.546875 0.185417 0.540625 0.193750 0.535937 0.202083 0.532813 0.208333 0.529687 0.214583 0.523438 0.231250 0.521875 0.237500 0.520312 0.245833 0.520312 0.279167 0.521875 0.297917 0.523438 0.312500 0.525000 0.318750 0.528125 0.329167 0.531250 0.335417 0.540625 0.347917 0.545312 0.352083 0.550000 0.356250 0.553125 0.356250 0.556250 0.360417 0.562500 0.362500 0.570312 0.364583 0.582812 0.364583 0.592187 0.362500 0.598437 0.360417 0.607812 0.354167 0.612500 0.350000 0.621875 0.339583 0.629687 0.329167 0.639062 0.316667 0.643750 0.308333 0.646875 0.302083 0.651563 0.289583 0.653125 0.283333 0.654687 0.277083 0.656250 0.264583 0.656250 0.252083 0.654687 0.239583 0.653125 0.231250 0.651563 0.222917 0.648438 0.212500 0.646875 0.208333 0.645312 0.204167 0.642188 0.197917 0.628125 0.179167 0.621875 0.175000 0.612500 0.168750 0.607812 0.166667 0.603125 0.164583 0.579688 0.164583
23 0.837500 0.202083 0.834375 0.204167 0.831250 0.206250 0.825000 0.214583 0.809375 0.229167 0.807813 0.229167 0.806250 0.231250 0.806250 0.233333 0.803125 0.237500 0.801562 0.241667 0.804688 0.247917 0.807813 0.260417 0.809375 0.264583 0.812500 0.266667 0.820312 0.266667 0.825000 0.264583 0.828125 0.262500 0.839063 0.252083 0.853125 0.243750 0.859375 0.235417 0.860938 0.229167 0.860938 0.218750 0.859375 0.212500 0.853125 0.204167 0.850000 0.202083 0.837500 0.202083
16 0.442188 0.231250 0.421875 0.233333 0.407813 0.235417 0.403125 0.237500 0.400000 0.241667 0.398438 0.245833 0.396875 0.250000 0.392188 0.264583 0.389062 0.275000 0.389062 0.287500 0.393750 0.304167 0.400000 0.318750 0.401562 0.325000 0.403125 0.331250 0.403125 0.347917 0.398438 0.360417 0.390625 0.375000 0.379688 0.404167 0.379688 0.470833 0.381250 0.475000 0.384375 0.479167 0.385937 0.479167 0.387500 0.481250 0.387500 0.483333 0.390625 0.487500 0.390625 0.491667 0.387500 0.495833 0.387500 0.510417 0.390625 0.514583 0.393750 0.516667 0.403125 0.518750 0.417187 0.522917 0.426563 0.525000 0.437500 0.527083 0.451562 0.527083 0.454688 0.522917 0.457813 0.516667 0.459375 0.510417 0.459375 0.497917 0.462500 0.493750 0.471875 0.491667 0.478125 0.487500 0.481250 0.477083 0.485938 0.460417 0.487500 0.454167 0.489063 0.441667 0.490625 0.418750 0.495312 0.395833 0.495312 0.381250 0.500000 0.354167 0.501563 0.337500 0.501563 0.318750 0.500000 0.250000 0.498437 0.245833 0.493750 0.245833 0.481250 0.241667 0.468750 0.235417 0.460938 0.233333 0.451562 0.233333 0.450000 0.231250 0.442188 0.231250
3 0.681250 0.454167 0.678125 0.456250 0.675000 0.460417 0.673438 0.464583 0.673438 0.512500 0.670312 0.539583 0.670312 0.572917 0.671875 0.581250 0.675000 0.587500 0.684375 0.600000 0.685937 0.606250 0.687500 0.612500 0.689063 0.637500 0.689063 0.654167 0.687500 0.797917 0.689063 0.833333 0.692187 0.850000 0.692187 0.866667 0.693750 0.881250 0.695312 0.887500 0.696875 0.893750 0.700000 0.900000 0.703125 0.904167 0.706250 0.906250 0.709375 0.906250 0.712500 0.904167 0.712500 0.897917 0.714063 0.895833 0.715625 0.881250 0.715625 0.793750 0.714063 0.768750 0.710938 0.727083 0.704688 0.664583 0.703125 0.639583 0.703125 0.602083 0.704688 0.595833 0.714063 0.581250 0.714063 0.560417 0.712500 0.512500 0.710938 0.468750 0.707812 0.460417 0.706250 0.460417 0.703125 0.456250 0.700000 0.454167 0.681250 0.454167
5 0.717187 0.395833 0.714063 0.397917 0.712500 0.402083 0.710938 0.408333 0.710938 0.412500 0.714063 0.447917 0.714063 0.504167 0.715625 0.562500 0.717187 0.579167 0.720313 0.595833 0.721875 0.616667 0.723437 0.637500 0.725000 0.660417 0.725000 0.685417 0.728125 0.729167 0.731250 0.750000 0.731250 0.772917 0.734375 0.812500 0.735938 0.833333 0.737500 0.847917 0.739062 0.862500 0.740625 0.875000 0.742188 0.885417 0.745313 0.904167 0.746875 0.912500 0.750000 0.916667 0.753125 0.916667 0.756250 0.914583 0.759375 0.912500 0.771875 0.897917 0.773438 0.897917 0.776563 0.893750 0.778125 0.889583 0.779687 0.883333 0.779687 0.879167 0.778125 0.868750 0.767188 0.808333 0.765625 0.793750 0.764062 0.762500 0.762500 0.747917 0.760938 0.735417 0.759375 0.722917 0.756250 0.700000 0.753125 0.689583 0.751563 0.662500 0.748437 0.654167 0.748437 0.645833 0.750000 0.641667 0.753125 0.637500 0.754687 0.633333 0.754687 0.625000 0.753125 0.614583 0.750000 0.602083 0.746875 0.575000 0.745313 0.558333 0.745313 0.541667 0.740625 0.508333 0.740625 0.489583 0.739062 0.470833 0.737500 0.456250 0.735938 0.441667 0.734375 0.431250 0.731250 0.414583 0.729688 0.406250 0.728125 0.402083 0.726562 0.397917 0.717187 0.395833
6 0.621875 0.770833 0.618750 0.779167 0.604688 0.797917 0.593750 0.810417 0.589063 0.814583 0.568750 0.827083 0.565625 0.829167 0.562500 0.847917 0.564063 0.872917 0.582812 0.875000 0.604688 0.877083 0.632812 0.879167 0.635938 0.879167 0.639062 0.877083 0.639062 0.868750 0.635938 0.858333 0.634375 0.843750 0.634375 0.829167 0.631250 0.804167 0.629687 0.791667 0.626563 0.781250 0.625000 0.770833 0.621875 0.770833
6 0.715625 0.585417 0.712500 0.587500 0.707812 0.593750 0.706250 0.597917 0.704688 0.602083 0.704688 0.637500 0.706250 0.662500 0.707812 0.683333 0.715625 0.762500 0.717187 0.785417 0.718750 0.814583 0.718750 0.845833 0.717187 0.883333 0.720313 0.885417 0.739062 0.885417 0.740625 0.881250 0.739062 0.866667 0.735938 0.852083 0.734375 0.835417 0.732812 0.816667 0.729688 0.775000 0.726562 0.735417 0.726562 0.714583 0.723437 0.693750 0.721875 0.670833 0.721875 0.647917 0.720313 0.620833 0.718750 0.604167 0.717187 0.591667 0.715625 0.585417
6 0.820312 0.520833 0.820312 0.527083 0.825000 0.535417 0.828125 0.545833 0.829688 0.554167 0.829688 0.583333 0.826562 0.595833 0.821875 0.608333 0.820312 0.614583 0.818750 0.620833 0.818750 0.637500 0.820312 0.650000 0.821875 0.660417 0.826562 0.689583 0.829688 0.697917 0.834375 0.725000 0.839063 0.752083 0.840625 0.770833 0.842187 0.779167 0.846875 0.795833 0.848437 0.806250 0.850000 0.816667 0.850000 0.829167 0.851562 0.831250 0.851562 0.837500 0.851562 0.827083 0.853125 0.825000 0.854688 0.793750 0.856250 0.752083 0.856250 0.691667 0.859375 0.658333 0.859375 0.604167 0.862500 0.550000 0.860938 0.525000 0.857812 0.522917 0.848437 0.520833 0.820312 0.520833
6 0.745313 0.516667 0.745313 0.531250 0.746875 0.533333 0.746875 0.550000 0.748437 0.568750 0.750000 0.581250 0.753125 0.593750 0.753125 0.608333 0.756250 0.620833 0.756250 0.637500 0.751563 0.643750 0.751563 0.656250 0.754687 0.683333 0.762500 0.747917 0.765625 0.760417 0.767188 0.772917 0.768750 0.802083 0.770312 0.814583 0.773438 0.835417 0.781250 0.877083 0.781250 0.889583 0.784375 0.891667 0.801562 0.893750 0.825000 0.895833 0.848437 0.895833 0.851562 0.891667 0.851562 0.887500 0.850000 0.885417 0.850000 0.879167 0.843750 0.870833 0.842187 0.864583 0.839063 0.854167 0.832812 0.820833 0.829688 0.814583 0.828125 0.800000 0.823438 0.785417 0.820312 0.768750 0.815625 0.743750 0.812500 0.716667 0.807813 0.702083 0.804688 0.683333 0.801562 0.654167 0.800000 0.645833 0.798438 0.639583 0.796875 0.635417 0.795312 0.631250 0.771875 0.600000 0.768750 0.593750 0.767188 0.589583 0.765625 0.585417 0.764062 0.577083 0.764062 0.552083 0.765625 0.541667 0.767188 0.533333 0.770312 0.527083 0.771875 0.520833 0.771875 0.516667 0.751563 0.514583 0.745313 0.516667
6 0.653125 0.510417 0.650000 0.514583 0.646875 0.525000 0.640625 0.535417 0.635938 0.545833 0.634375 0.550000 0.632812 0.556250 0.632812 0.577083 0.634375 0.587500 0.635938 0.597917 0.639062 0.608333 0.640625 0.618750 0.643750 0.641667 0.646875 0.679167 0.653125 0.716667 0.654687 0.743750 0.657813 0.756250 0.659375 0.770833 0.660937 0.787500 0.662500 0.810417 0.664062 0.835417 0.664062 0.866667 0.667188 0.881250 0.692187 0.881250 0.692187 0.866667 0.687500 0.833333 0.685937 0.768750 0.685937 0.764583 0.687500 0.760417 0.687500 0.739583 0.687500 0.735417 0.685937 0.677083 0.687500 0.629167 0.685937 0.610417 0.681250 0.597917 0.671875 0.585417 0.670312 0.579167 0.668750 0.572917 0.668750 0.558333 0.671875 0.527083 0.670312 0.510417 0.653125 0.510417
6 0.573438 0.508333 0.571875 0.531250 0.575000 0.539583 0.576562 0.539583 0.584375 0.547917 0.589063 0.550000 0.593750 0.554167 0.606250 0.568750 0.610938 0.572917 0.614062 0.572917 0.614062 0.564583 0.609375 0.558333 0.609375 0.554167 0.607812 0.550000 0.606250 0.547917 0.600000 0.541667 0.595313 0.539583 0.593750 0.537500 0.593750 0.535417 0.582812 0.514583 0.578125 0.506250 0.573438 0.508333
0 0.228125 0.614583 0.223438 0.616667 0.220312 0.620833 0.217188 0.622917 0.209375 0.622917 0.198437 0.627083 0.193750 0.629167 0.189062 0.631250 0.176563 0.639583 0.171875 0.643750 0.167187 0.647917 0.165625 0.652083 0.165625 0.658333 0.164062 0.662500 0.160938 0.666667 0.156250 0.668750 0.153125 0.672917 0.150000 0.679167 0.148438 0.683333 0.146875 0.687500 0.146875 0.720833 0.129688 0.743750 0.129688 0.758333 0.131250 0.764583 0.137500 0.779167 0.148438 0.802083 0.151562 0.806250 0.151562 0.808333 0.153125 0.810417 0.156250 0.812500 0.162500 0.814583 0.167187 0.814583 0.178125 0.810417 0.190625 0.802083 0.201563 0.789583 0.214062 0.791667 0.217188 0.791667 0.226562 0.785417 0.231250 0.779167 0.232813 0.779167 0.235937 0.775000 0.239063 0.764583 0.248438 0.766667 0.254688 0.764583 0.257812 0.762500 0.270313 0.747917 0.273438 0.745833 0.281250 0.741667 0.285938 0.741667 0.289062 0.739583 0.292187 0.737500 0.295312 0.733333 0.298438 0.731250 0.303125 0.731250 0.320312 0.718750 0.326562 0.718750 0.332813 0.722917 0.339062 0.722917 0.340625 0.720833 0.345313 0.720833 0.353125 0.725000 0.357812 0.722917 0.362500 0.720833 0.365625 0.718750 0.368750 0.700000 0.370312 0.677083 0.376563 0.679167 0.381250 0.677083 0.382812 0.672917 0.384375 0.668750 0.384375 0.652083 0.382812 0.645833 0.379688 0.637500 0.376563 0.633333 0.373437 0.631250 0.368750 0.629167 0.320312 0.627083 0.310937 0.627083 0.309375 0.629167 0.298438 0.627083 0.295312 0.627083 0.284375 0.629167 0.278125 0.627083 0.267188 0.620833 0.260937 0.618750 0.254688 0.616667 0.234375 0.614583 0.228125 0.614583
24 0.332813 0.212500 0.317188 0.216667 0.301563 0.216667 0.276562 0.220833 0.262500 0.222917 0.250000 0.227083 0.250000 0.250000 0.253125 0.260417 0.253125 0.287500 0.254688 0.304167 0.257812 0.318750 0.257812 0.335417 0.260937 0.352083 0.262500 0.372917 0.262500 0.389583 0.264062 0.410417 0.265625 0.425000 0.267188 0.427083 0.267188 0.431250 0.270313 0.433333 0.273438 0.435417 0.278125 0.437500 0.290625 0.437500 0.292187 0.435417 0.306250 0.435417 0.314063 0.431250 0.335938 0.431250 0.343750 0.427083 0.359375 0.427083 0.362500 0.422917 0.364063 0.422917 0.365625 0.404167 0.364063 0.379167 0.360938 0.356250 0.360938 0.316667 0.359375 0.289583 0.357812 0.270833 0.356250 0.258333 0.353125 0.250000 0.353125 0.227083 0.346875 0.218750 0.345313 0.212500 0.332813 0.212500
0 0.504687 0.564583 0.496875 0.572917 0.481250 0.572917 0.478125 0.575000 0.467187 0.583333 0.462500 0.589583 0.462500 0.600000 0.457813 0.606250 0.456250 0.606250 0.450000 0.614583 0.445312 0.616667 0.442188 0.618750 0.440625 0.620833 0.439063 0.625000 0.439063 0.635417 0.437500 0.639583 0.432812 0.645833 0.432812 0.650000 0.432812 0.656250 0.434375 0.662500 0.434375 0.670833 0.435937 0.672917 0.435937 0.679167 0.432812 0.689583 0.434375 0.716667 0.437500 0.725000 0.445312 0.733333 0.445312 0.735417 0.453125 0.745833 0.453125 0.752083 0.454688 0.756250 0.457813 0.760417 0.459375 0.760417 0.462500 0.764583 0.462500 0.770833 0.465625 0.775000 0.465625 0.777083 0.467187 0.779167 0.470313 0.781250 0.479687 0.781250 0.484375 0.789583 0.493750 0.793750 0.503125 0.791667 0.509375 0.797917 0.514062 0.800000 0.517188 0.800000 0.520312 0.797917 0.528125 0.789583 0.532813 0.785417 0.537500 0.785417 0.542188 0.783333 0.550000 0.772917 0.553125 0.770833 0.560937 0.770833 0.565625 0.768750 0.571875 0.760417 0.576562 0.758333 0.582812 0.750000 0.584375 0.745833 0.584375 0.741667 0.592187 0.731250 0.595313 0.731250 0.600000 0.725000 0.601562 0.720833 0.604688 0.708333 0.606250 0.708333 0.609375 0.704167 0.610938 0.697917 0.610938 0.689583 0.606250 0.677083 0.606250 0.668750 0.610938 0.656250 0.610938 0.647917 0.609375 0.643750 0.604688 0.637500 0.603125 0.637500 0.598437 0.631250 0.596875 0.622917 0.596875 0.612500 0.593750 0.604167 0.592187 0.604167 0.589063 0.600000 0.584375 0.597917 0.584375 0.595833 0.582812 0.593750 0.575000 0.585417 0.573438 0.579167 0.570312 0.577083 0.567187 0.575000 0.557813 0.575000 0.551562 0.570833 0.539062 0.568750 0.535937 0.568750 0.532813 0.564583 0.512500 0.562500 0.504687 0.564583
4 0.785937 0.504167 0.781250 0.508333 0.776563 0.514583 0.773438 0.520833 0.770312 0.531250 0.768750 0.537500 0.767188 0.543750 0.765625 0.552083 0.765625 0.577083 0.767188 0.583333 0.771875 0.595833 0.775000 0.602083 0.784375 0.614583 0.785937 0.614583 0.793750 0.625000 0.796875 0.631250 0.800000 0.637500 0.801562 0.643750 0.803125 0.652083 0.804688 0.660417 0.804688 0.670833 0.807813 0.689583 0.809375 0.697917 0.814063 0.714583 0.817187 0.731250 0.820312 0.758333 0.821875 0.766667 0.825000 0.781250 0.829688 0.802083 0.835938 0.822917 0.839063 0.843750 0.840625 0.850000 0.843750 0.856250 0.843750 0.862500 0.845313 0.868750 0.853125 0.872917 0.853125 0.860417 0.850000 0.833333 0.845313 0.802083 0.839063 0.775000 0.839063 0.764583 0.835938 0.745833 0.832812 0.727083 0.828125 0.700000 0.825000 0.691667 0.821875 0.672917 0.820312 0.662500 0.818750 0.652083 0.817187 0.637500 0.817187 0.620833 0.818750 0.614583 0.820312 0.608333 0.826562 0.591667 0.828125 0.583333 0.828125 0.552083 0.826562 0.545833 0.823438 0.537500 0.818750 0.525000 0.807813 0.510417 0.798438 0.504167 0.785937 0.504167
