26 0.185938 0.166667 0.178125 0.170833 0.173437 0.172917 0.165625 0.183333 0.160938 0.187500 0.157812 0.187500 0.151562 0.183333 0.134375 0.183333 0.128125 0.191667 0.126562 0.197917 0.121875 0.204167 0.121875 0.206250 0.118750 0.210417 0.120313 0.220833 0.115625 0.227083 0.114062 0.233333 0.114062 0.268750 0.117188 0.302083 0.117188 0.314583 0.114062 0.318750 0.109375 0.320833 0.107813 0.322917 0.098437 0.335417 0.096875 0.339583 0.095312 0.343750 0.095312 0.350000 0.096875 0.356250 0.098437 0.360417 0.101562 0.366667 0.109375 0.377083 0.114062 0.381250 0.123438 0.387500 0.129688 0.387500 0.132812 0.385417 0.135937 0.383333 0.143750 0.377083 0.148438 0.370833 0.148438 0.368750 0.151562 0.364583 0.181250 0.364583 0.189062 0.362500 0.196875 0.360417 0.201563 0.358333 0.210938 0.352083 0.220312 0.337500 0.226562 0.329167 0.237500 0.329167 0.264062 0.322917 0.281250 0.318750 0.287500 0.316667 0.290625 0.314583 0.295312 0.306250 0.295312 0.291667 0.293750 0.283333 0.290625 0.272917 0.285938 0.266667 0.285938 0.262500 0.282813 0.256250 0.276562 0.245833 0.270313 0.237500 0.264062 0.235417 0.259375 0.231250 0.243750 0.212500 0.229687 0.193750 0.223438 0.181250 0.215625 0.170833 0.212500 0.168750 0.209375 0.166667 0.185938 0.166667
16 0.610938 0.081250 0.604688 0.083333 0.601562 0.085417 0.601562 0.091667 0.598437 0.102083 0.596875 0.118750 0.593750 0.127083 0.592187 0.135417 0.590625 0.156250 0.585938 0.181250 0.570312 0.254167 0.568750 0.262500 0.567187 0.270833 0.567187 0.279167 0.570312 0.283333 0.573438 0.283333 0.578125 0.289583 0.585938 0.293750 0.590625 0.297917 0.603125 0.314583 0.610938 0.327083 0.615625 0.337500 0.618750 0.345833 0.621875 0.352083 0.621875 0.360417 0.625000 0.368750 0.628125 0.370833 0.642188 0.372917 0.648438 0.370833 0.646875 0.360417 0.646875 0.356250 0.651563 0.350000 0.654687 0.350000 0.657813 0.345833 0.657813 0.335417 0.660937 0.318750 0.667188 0.291667 0.668750 0.272917 0.671875 0.264583 0.673438 0.256250 0.673438 0.241667 0.675000 0.229167 0.678125 0.225000 0.682813 0.206250 0.689063 0.187500 0.698438 0.164583 0.700000 0.158333 0.700000 0.116667 0.696875 0.108333 0.689063 0.106250 0.681250 0.102083 0.665625 0.091667 0.660937 0.089583 0.656250 0.087500 0.645312 0.085417 0.635938 0.085417 0.626563 0.081250 0.610938 0.081250
22 0.187500 0.722917 0.184375 0.725000 0.178125 0.733333 0.171875 0.735417 0.168750 0.739583 0.168750 0.743750 0.170313 0.750000 0.173437 0.758333 0.178125 0.789583 0.181250 0.804167 0.193750 0.850000 0.195312 0.864583 0.196875 0.870833 0.200000 0.879167 0.210938 0.879167 0.220312 0.872917 0.223438 0.868750 0.223438 0.860417 0.221875 0.850000 0.220312 0.839583 0.215625 0.820833 0.214062 0.810417 0.209375 0.766667 0.207813 0.756250 0.204687 0.743750 0.201563 0.735417 0.196875 0.733333 0.195312 0.731250 0.190625 0.722917 0.187500 0.722917
0 0.326562 0.091667 0.320312 0.093750 0.315625 0.095833 0.310937 0.097917 0.307812 0.100000 0.304688 0.102083 0.300000 0.106250 0.295312 0.110417 0.279687 0.131250 0.276562 0.137500 0.275000 0.141667 0.270313 0.158333 0.268750 0.166667 0.268750 0.202083 0.270313 0.212500 0.271875 0.218750 0.273438 0.225000 0.279687 0.241667 0.282813 0.247917 0.289062 0.258333 0.296875 0.268750 0.301563 0.272917 0.306250 0.277083 0.325000 0.289583 0.329688 0.291667 0.337500 0.293750 0.351562 0.293750 0.359375 0.291667 0.376563 0.283333 0.379688 0.281250 0.382812 0.279167 0.389062 0.272917 0.403125 0.254167 0.407813 0.243750 0.410938 0.235417 0.415625 0.222917 0.417187 0.216667 0.418750 0.208333 0.418750 0.187500 0.417187 0.177083 0.412500 0.158333 0.406250 0.141667 0.401562 0.133333 0.385937 0.112500 0.379688 0.106250 0.367188 0.097917 0.362500 0.095833 0.356250 0.093750 0.348438 0.091667 0.326562 0.091667
0 0.367188 0.637500 0.362500 0.639583 0.345313 0.652083 0.339062 0.652083 0.335938 0.654167 0.334375 0.658333 0.334375 0.670833 0.332813 0.677083 0.331250 0.681250 0.325000 0.689583 0.321875 0.697917 0.314063 0.708333 0.309375 0.710417 0.304688 0.714583 0.298438 0.722917 0.296875 0.727083 0.295312 0.731250 0.293750 0.754167 0.293750 0.760417 0.295312 0.785417 0.290625 0.800000 0.289062 0.808333 0.287500 0.820833 0.287500 0.862500 0.289062 0.868750 0.290625 0.872917 0.293750 0.879167 0.296875 0.883333 0.298438 0.883333 0.303125 0.889583 0.307812 0.893750 0.317188 0.900000 0.321875 0.902083 0.335938 0.902083 0.342187 0.900000 0.351562 0.895833 0.356250 0.893750 0.360938 0.887500 0.400000 0.833333 0.400000 0.831250 0.407813 0.818750 0.412500 0.812500 0.425000 0.797917 0.434375 0.783333 0.440625 0.770833 0.450000 0.758333 0.453125 0.750000 0.459375 0.741667 0.462500 0.733333 0.468750 0.716667 0.468750 0.708333 0.465625 0.704167 0.464062 0.697917 0.464062 0.683333 0.456250 0.672917 0.450000 0.666667 0.437500 0.656250 0.434375 0.654167 0.423438 0.650000 0.417187 0.643750 0.412500 0.641667 0.406250 0.639583 0.400000 0.637500 0.384375 0.635417 0.367188 0.637500
0 0.373437 0.375000 0.370312 0.377083 0.365625 0.381250 0.360938 0.387500 0.353125 0.404167 0.350000 0.414583 0.348438 0.418750 0.346875 0.420833 0.345313 0.420833 0.342187 0.425000 0.329688 0.431250 0.314063 0.441667 0.295312 0.456250 0.285938 0.458333 0.281250 0.462500 0.273438 0.472917 0.262500 0.472917 0.256250 0.475000 0.253125 0.477083 0.248438 0.481250 0.245312 0.485417 0.243750 0.491667 0.239063 0.497917 0.232813 0.497917 0.221875 0.504167 0.218750 0.506250 0.215625 0.508333 0.210938 0.512500 0.206250 0.516667 0.204687 0.520833 0.203125 0.525000 0.203125 0.531250 0.201563 0.533333 0.201563 0.537500 0.203125 0.539583 0.203125 0.545833 0.207813 0.564583 0.209375 0.568750 0.210938 0.572917 0.223438 0.589583 0.228125 0.593750 0.245312 0.593750 0.259375 0.612500 0.262500 0.614583 0.268750 0.616667 0.287500 0.616667 0.293750 0.620833 0.296875 0.620833 0.298438 0.618750 0.303125 0.618750 0.307812 0.616667 0.315625 0.612500 0.318750 0.610417 0.326562 0.604167 0.331250 0.600000 0.343750 0.585417 0.351562 0.583333 0.357812 0.575000 0.365625 0.558333 0.375000 0.533333 0.375000 0.522917 0.378125 0.510417 0.381250 0.506250 0.384375 0.506250 0.387500 0.502083 0.389062 0.495833 0.396875 0.485417 0.400000 0.479167 0.403125 0.468750 0.414062 0.454167 0.420312 0.443750 0.423438 0.435417 0.429688 0.427083 0.429688 0.422917 0.428125 0.412500 0.426563 0.408333 0.425000 0.404167 0.412500 0.387500 0.407813 0.385417 0.404687 0.389583 0.398438 0.397917 0.395313 0.395833 0.392188 0.393750 0.384375 0.383333 0.376563 0.375000 0.373437 0.375000
11 0.500000 0.050000 0.489063 0.052083 0.484375 0.054167 0.481250 0.056250 0.476562 0.060417 0.473438 0.064583 0.470313 0.070833 0.470313 0.072917 0.467187 0.079167 0.464062 0.083333 0.457813 0.087500 0.448437 0.100000 0.445312 0.106250 0.440625 0.118750 0.435937 0.135417 0.434375 0.145833 0.434375 0.166667 0.437500 0.181250 0.435937 0.187500 0.437500 0.193750 0.439063 0.200000 0.442188 0.210417 0.446875 0.222917 0.448437 0.227083 0.456250 0.243750 0.456250 0.247917 0.464062 0.256250 0.467187 0.260417 0.467187 0.262500 0.468750 0.264583 0.470313 0.264583 0.478125 0.272917 0.481250 0.275000 0.484375 0.277083 0.489063 0.279167 0.495312 0.281250 0.509375 0.281250 0.517188 0.279167 0.523438 0.277083 0.529687 0.275000 0.534375 0.270833 0.539062 0.266667 0.550000 0.252083 0.556250 0.237500 0.559375 0.227083 0.559375 0.216667 0.564063 0.204167 0.564063 0.195833 0.567187 0.187500 0.568750 0.166667 0.568750 0.143750 0.567187 0.131250 0.565625 0.122917 0.559375 0.106250 0.556250 0.100000 0.550000 0.089583 0.548438 0.087500 0.540625 0.079167 0.537500 0.079167 0.534375 0.077083 0.521875 0.060417 0.514062 0.054167 0.509375 0.052083 0.500000 0.050000
0 0.582812 0.627083 0.578125 0.629167 0.568750 0.635417 0.564063 0.639583 0.559375 0.643750 0.551562 0.654167 0.535937 0.666667 0.531250 0.670833 0.528125 0.675000 0.526563 0.679167 0.526563 0.683333 0.528125 0.697917 0.529687 0.708333 0.531250 0.714583 0.532813 0.720833 0.537500 0.727083 0.543750 0.729167 0.548438 0.729167 0.554688 0.727083 0.559375 0.725000 0.568750 0.718750 0.587500 0.706250 0.595313 0.700000 0.600000 0.693750 0.601562 0.689583 0.601562 0.685417 0.596875 0.675000 0.593750 0.658333 0.593750 0.652083 0.595313 0.647917 0.600000 0.641667 0.600000 0.633333 0.598437 0.633333 0.595313 0.629167 0.590625 0.627083 0.582812 0.627083
0 0.493750 0.700000 0.484375 0.706250 0.479687 0.710417 0.476562 0.714583 0.475000 0.720833 0.475000 0.747917 0.481250 0.770833 0.481250 0.781250 0.482812 0.791667 0.484375 0.797917 0.485938 0.804167 0.493750 0.814583 0.498437 0.818750 0.504687 0.822917 0.507812 0.820833 0.521875 0.802083 0.523438 0.797917 0.525000 0.793750 0.529687 0.779167 0.531250 0.772917 0.532813 0.762500 0.532813 0.754167 0.534375 0.743750 0.537500 0.735417 0.535937 0.727083 0.534375 0.727083 0.531250 0.722917 0.529687 0.716667 0.528125 0.706250 0.525000 0.702083 0.514062 0.700000 0.493750 0.700000
0 0.575000 0.718750 0.570312 0.722917 0.565625 0.727083 0.540625 0.750000 0.535937 0.754167 0.534375 0.758333 0.532813 0.772917 0.531250 0.779167 0.525000 0.795833 0.523438 0.802083 0.523438 0.810417 0.525000 0.814583 0.526563 0.818750 0.531250 0.825000 0.539062 0.831250 0.550000 0.831250 0.562500 0.822917 0.568750 0.816667 0.578125 0.804167 0.582812 0.795833 0.585938 0.789583 0.590625 0.777083 0.596875 0.752083 0.596875 0.739583 0.593750 0.733333 0.582812 0.718750 0.575000 0.718750
0 0.625000 0.762500 0.620313 0.764583 0.617188 0.768750 0.603125 0.789583 0.592187 0.810417 0.590625 0.814583 0.589063 0.818750 0.587500 0.825000 0.587500 0.835417 0.589063 0.841667 0.598437 0.854167 0.604688 0.858333 0.614062 0.864583 0.623437 0.864583 0.628125 0.862500 0.639062 0.847917 0.646875 0.841667 0.657813 0.829167 0.667188 0.816667 0.668750 0.812500 0.670312 0.808333 0.675000 0.789583 0.673438 0.777083 0.670312 0.775000 0.667188 0.772917 0.653125 0.766667 0.646875 0.764583 0.639062 0.762500 0.625000 0.762500
0 0.523438 0.583333 0.517188 0.587500 0.514062 0.589583 0.512500 0.591667 0.510938 0.595833 0.510938 0.612500 0.512500 0.627083 0.518750 0.652083 0.523438 0.664583 0.526563 0.670833 0.531250 0.670833 0.535937 0.666667 0.545312 0.656250 0.551562 0.652083 0.556250 0.647917 0.559375 0.643750 0.557813 0.637500 0.556250 0.637500 0.553125 0.633333 0.548438 0.631250 0.535937 0.614583 0.534375 0.610417 0.532813 0.604167 0.532813 0.587500 0.529687 0.583333 0.523438 0.583333
0 0.600000 0.533333 0.593750 0.537500 0.579688 0.545833 0.567187 0.554167 0.546875 0.568750 0.539062 0.577083 0.537500 0.577083 0.535937 0.579167 0.534375 0.583333 0.534375 0.606250 0.535937 0.612500 0.539062 0.618750 0.543750 0.625000 0.548438 0.629167 0.553125 0.633333 0.559375 0.637500 0.562500 0.637500 0.576562 0.627083 0.581250 0.625000 0.589063 0.625000 0.592187 0.622917 0.601562 0.610417 0.610938 0.595833 0.614062 0.589583 0.615625 0.585417 0.617188 0.562500 0.617188 0.547917 0.615625 0.541667 0.609375 0.533333 0.600000 0.533333
6 0.832812 0.410417 0.820312 0.412500 0.809375 0.414583 0.798438 0.418750 0.798438 0.433333 0.801562 0.458333 0.803125 0.470833 0.809375 0.497917 0.810937 0.508333 0.812500 0.522917 0.812500 0.537500 0.815625 0.552083 0.815625 0.583333 0.817187 0.604167 0.821875 0.635417 0.823438 0.656250 0.823438 0.675000 0.825000 0.693750 0.829688 0.729167 0.831250 0.747917 0.831250 0.766667 0.834375 0.785417 0.835938 0.806250 0.837500 0.833333 0.837500 0.889583 0.834375 0.893750 0.828125 0.893750 0.825000 0.891667 0.807813 0.879167 0.803125 0.875000 0.796875 0.866667 0.796875 0.800000 0.795312 0.764583 0.792188 0.737500 0.790625 0.681250 0.792188 0.627083 0.789062 0.620833 0.787500 0.614583 0.781250 0.608333 0.779687 0.604167 0.778125 0.568750 0.778125 0.510417 0.776563 0.479167 0.775000 0.452083 0.773438 0.429167 0.771875 0.427083 0.771875 0.422917 0.764062 0.422917 0.748437 0.425000 0.735938 0.427083 0.726562 0.429167 0.725000 0.431250 0.721875 0.433333 0.725000 0.437500 0.725000 0.439583 0.731250 0.447917 0.739062 0.462500 0.742188 0.470833 0.746875 0.483333 0.748437 0.489583 0.750000 0.500000 0.750000 0.531250 0.748437 0.547917 0.745313 0.564583 0.745313 0.610417 0.748437 0.629167 0.753125 0.650000 0.756250 0.664583 0.764062 0.691667 0.768750 0.718750 0.776563 0.745833 0.781250 0.766667 0.785937 0.787500 0.789062 0.802083 0.789062 0.814583 0.793750 0.831250 0.795312 0.852083 0.795312 0.856250 0.792188 0.862500 0.795312 0.870833 0.789062 0.877083 0.784375 0.870833 0.782813 0.866667 0.781250 0.854167 0.781250 0.839583 0.779687 0.827083 0.776563 0.808333 0.771875 0.783333 0.759375 0.735417 0.757812 0.720833 0.751563 0.693750 0.750000 0.687500 0.745313 0.675000 0.743750 0.668750 0.742188 0.660417 0.742188 0.647917 0.737500 0.625000 0.734375 0.618750 0.732812 0.610417 0.732812 0.579167 0.734375 0.577083 0.734375 0.543750 0.737500 0.535417 0.737500 0.520833 0.735938 0.502083 0.734375 0.493750 0.732812 0.487500 0.729688 0.477083 0.728125 0.472917 0.726562 0.468750 0.717187 0.450000 0.710938 0.439583 0.709375 0.437500 0.707812 0.437500 0.704688 0.433333 0.701562 0.433333 0.698438 0.431250 0.692187 0.433333 0.692187 0.470833 0.693750 0.472917 0.693750 0.512500 0.695312 0.535417 0.696875 0.541667 0.698438 0.545833 0.703125 0.554167 0.712500 0.568750 0.715625 0.575000 0.718750 0.581250 0.723437 0.593750 0.725000 0.604167 0.731250 0.618750 0.731250 0.625000 0.734375 0.631250 0.732812 0.639583 0.735938 0.645833 0.737500 0.656250 0.737500 0.714583 0.735938 0.729167 0.734375 0.737500 0.732812 0.745833 0.731250 0.752083 0.729688 0.758333 0.725000 0.770833 0.710938 0.806250 0.709375 0.812500 0.709375 0.818750 0.717187 0.877083 0.717187 0.893750 0.718750 0.902083 0.721875 0.906250 0.742188 0.906250 0.756250 0.902083 0.770312 0.902083 0.775000 0.900000 0.779687 0.897917 0.782813 0.893750 0.787500 0.893750 0.793750 0.900000 0.803125 0.902083 0.826562 0.902083 0.839063 0.906250 0.879687 0.904167 0.879687 0.891667 0.882812 0.887500 0.893750 0.885417 0.893750 0.875000 0.892188 0.854167 0.887500 0.835417 0.887500 0.820833 0.885938 0.808333 0.882812 0.797917 0.881250 0.779167 0.879687 0.760417 0.878125 0.737500 0.876563 0.691667 0.875000 0.672917 0.871875 0.656250 0.870313 0.608333 0.870313 0.597917 0.870313 0.577083 0.871875 0.558333 0.871875 0.554167 0.870313 0.439583 0.868750 0.435417 0.857812 0.435417 0.854688 0.431250 0.853125 0.425000 0.851562 0.414583 0.848437 0.412500 0.840625 0.412500 0.839063 0.410417 0.832812 0.410417
5 0.778125 0.370833 0.776563 0.375000 0.775000 0.381250 0.775000 0.439583 0.778125 0.470833 0.779687 0.504167 0.779687 0.556250 0.781250 0.602083 0.782813 0.606250 0.789062 0.612500 0.790625 0.614583 0.792188 0.618750 0.793750 0.622917 0.793750 0.733333 0.796875 0.760417 0.798438 0.797917 0.798438 0.810417 0.796875 0.860417 0.798438 0.864583 0.800000 0.868750 0.801562 0.870833 0.803125 0.870833 0.806250 0.875000 0.820312 0.885417 0.829688 0.891667 0.835938 0.889583 0.835938 0.833333 0.834375 0.808333 0.832812 0.785417 0.829688 0.768750 0.825000 0.714583 0.823438 0.695833 0.821875 0.677083 0.821875 0.658333 0.820312 0.637500 0.815625 0.608333 0.814063 0.589583 0.814063 0.556250 0.810937 0.527083 0.809375 0.510417 0.806250 0.491667 0.801562 0.472917 0.800000 0.462500 0.798438 0.450000 0.796875 0.437500 0.795312 0.422917 0.793750 0.408333 0.793750 0.389583 0.792188 0.377083 0.790625 0.372917 0.787500 0.368750 0.778125 0.370833
3 0.687500 0.400000 0.684375 0.402083 0.685937 0.408333 0.698438 0.425000 0.706250 0.431250 0.714063 0.441667 0.718750 0.450000 0.728125 0.468750 0.734375 0.485417 0.735938 0.491667 0.737500 0.500000 0.739062 0.512500 0.739062 0.550000 0.735938 0.564583 0.734375 0.583333 0.734375 0.600000 0.735938 0.618750 0.737500 0.629167 0.739062 0.637500 0.750000 0.679167 0.756250 0.714583 0.768750 0.762500 0.773438 0.783333 0.776563 0.797917 0.781250 0.822917 0.782813 0.837500 0.782813 0.852083 0.784375 0.864583 0.787500 0.872917 0.792188 0.870833 0.793750 0.862500 0.793750 0.850000 0.792188 0.835417 0.790625 0.822917 0.789062 0.814583 0.787500 0.806250 0.779687 0.766667 0.773438 0.739583 0.762500 0.700000 0.751563 0.643750 0.745313 0.622917 0.743750 0.612500 0.742188 0.593750 0.742188 0.583333 0.743750 0.560417 0.748437 0.529167 0.748437 0.500000 0.746875 0.491667 0.745313 0.485417 0.743750 0.479167 0.739062 0.466667 0.735938 0.460417 0.732812 0.454167 0.721875 0.435417 0.712500 0.420833 0.710938 0.418750 0.696875 0.402083 0.693750 0.400000 0.687500 0.400000
13 0.523438 0.281250 0.518750 0.279167 0.510938 0.285417 0.506250 0.285417 0.496875 0.291667 0.484375 0.302083 0.478125 0.308333 0.471875 0.316667 0.467187 0.325000 0.464062 0.331250 0.456250 0.354167 0.454688 0.360417 0.453125 0.375000 0.453125 0.408333 0.454688 0.416667 0.456250 0.425000 0.459375 0.435417 0.464062 0.447917 0.470313 0.462500 0.484375 0.481250 0.489063 0.483333 0.493750 0.489583 0.500000 0.493750 0.504687 0.497917 0.510938 0.497917 0.515625 0.502083 0.526563 0.502083 0.535937 0.506250 0.550000 0.506250 0.562500 0.502083 0.568750 0.500000 0.576562 0.495833 0.585938 0.489583 0.595313 0.479167 0.600000 0.472917 0.600000 0.470833 0.606250 0.460417 0.614062 0.450000 0.618750 0.441667 0.620313 0.437500 0.621875 0.427083 0.623437 0.416667 0.623437 0.377083 0.620313 0.358333 0.618750 0.352083 0.617188 0.347917 0.615625 0.343750 0.609375 0.333333 0.606250 0.322917 0.584375 0.293750 0.578125 0.287500 0.575000 0.285417 0.571875 0.283333 0.560937 0.281250 0.550000 0.279167 0.534375 0.277083 0.523438 0.281250
0 0.657813 0.577083 0.645312 0.579167 0.642188 0.581250 0.639062 0.583333 0.634375 0.589583 0.629687 0.602083 0.626563 0.612500 0.628125 0.618750 0.631250 0.618750 0.635938 0.622917 0.640625 0.629167 0.643750 0.635417 0.646875 0.641667 0.648438 0.645833 0.650000 0.652083 0.651563 0.658333 0.653125 0.677083 0.656250 0.687500 0.657813 0.697917 0.662500 0.700000 0.673438 0.700000 0.676562 0.697917 0.679688 0.695833 0.684375 0.689583 0.684375 0.687500 0.690625 0.679167 0.693750 0.672917 0.693750 0.654167 0.692187 0.641667 0.689063 0.622917 0.685937 0.610417 0.684375 0.604167 0.681250 0.597917 0.673438 0.587500 0.665625 0.579167 0.657813 0.577083
0 0.621875 0.620833 0.617188 0.625000 0.612500 0.629167 0.606250 0.637500 0.604688 0.637500 0.600000 0.643750 0.596875 0.650000 0.595313 0.654167 0.596875 0.664583 0.598437 0.672917 0.600000 0.679167 0.603125 0.685417 0.606250 0.685417 0.615625 0.695833 0.626563 0.710417 0.635938 0.716667 0.640625 0.718750 0.651563 0.718750 0.654687 0.716667 0.654687 0.712500 0.656250 0.710417 0.656250 0.706250 0.654687 0.689583 0.651563 0.668750 0.650000 0.656250 0.648438 0.650000 0.646875 0.645833 0.645312 0.641667 0.642188 0.635417 0.632812 0.622917 0.629687 0.620833 0.621875 0.620833
