10 0.542188 0.287500 0.539062 0.291667 0.534375 0.297917 0.531250 0.304167 0.529687 0.308333 0.528125 0.327083 0.525000 0.337500 0.515625 0.360417 0.514062 0.366667 0.514062 0.372917 0.512500 0.379167 0.510938 0.383333 0.504687 0.385417 0.504687 0.389583 0.509375 0.391667 0.510938 0.397917 0.514062 0.402083 0.520312 0.406250 0.535937 0.418750 0.539062 0.420833 0.546875 0.425000 0.557813 0.429167 0.560937 0.431250 0.567187 0.437500 0.570312 0.439583 0.595313 0.452083 0.606250 0.452083 0.617188 0.450000 0.620313 0.447917 0.623437 0.445833 0.628125 0.439583 0.629687 0.431250 0.634375 0.422917 0.637500 0.412500 0.639062 0.402083 0.643750 0.387500 0.648438 0.379167 0.650000 0.375000 0.650000 0.366667 0.653125 0.360417 0.653125 0.352083 0.651563 0.347917 0.648438 0.345833 0.645312 0.343750 0.634375 0.339583 0.620313 0.329167 0.609375 0.322917 0.571875 0.302083 0.564063 0.300000 0.559375 0.297917 0.553125 0.291667 0.546875 0.287500 0.542188 0.287500
0 0.670312 0.645833 0.665625 0.647917 0.662500 0.650000 0.657813 0.656250 0.651563 0.658333 0.642188 0.670833 0.639062 0.670833 0.635938 0.672917 0.631250 0.670833 0.584375 0.675000 0.581250 0.675000 0.573438 0.670833 0.564063 0.670833 0.554688 0.677083 0.550000 0.672917 0.543750 0.668750 0.539062 0.666667 0.529687 0.666667 0.525000 0.668750 0.521875 0.670833 0.515625 0.677083 0.512500 0.679167 0.509375 0.675000 0.503125 0.672917 0.498437 0.672917 0.484375 0.675000 0.478125 0.677083 0.475000 0.681250 0.473438 0.681250 0.471875 0.683333 0.471875 0.685417 0.468750 0.689583 0.467187 0.702083 0.465625 0.720833 0.465625 0.731250 0.468750 0.743750 0.470313 0.752083 0.478125 0.762500 0.481250 0.764583 0.484375 0.764583 0.489063 0.768750 0.493750 0.775000 0.495312 0.787500 0.496875 0.791667 0.506250 0.804167 0.515625 0.810417 0.520312 0.810417 0.526563 0.820833 0.532813 0.825000 0.546875 0.827083 0.565625 0.827083 0.571875 0.825000 0.595313 0.816667 0.600000 0.814583 0.607812 0.808333 0.610938 0.808333 0.617188 0.804167 0.620313 0.797917 0.643750 0.768750 0.648438 0.766667 0.659375 0.764583 0.667188 0.760417 0.670312 0.758333 0.678125 0.750000 0.681250 0.747917 0.684375 0.745833 0.698438 0.739583 0.701562 0.737500 0.715625 0.725000 0.717187 0.722917 0.718750 0.718750 0.720313 0.714583 0.720313 0.700000 0.718750 0.689583 0.717187 0.685417 0.715625 0.681250 0.707812 0.672917 0.700000 0.679167 0.696875 0.677083 0.693750 0.672917 0.690625 0.666667 0.690625 0.662500 0.685937 0.652083 0.681250 0.645833 0.670312 0.645833
2 0.253125 0.158333 0.246875 0.166667 0.240625 0.179167 0.232813 0.189583 0.232813 0.191667 0.225000 0.200000 0.223438 0.204167 0.223438 0.208333 0.239063 0.229167 0.251563 0.241667 0.257812 0.247917 0.262500 0.250000 0.265625 0.254167 0.276562 0.270833 0.282813 0.277083 0.287500 0.281250 0.295312 0.285417 0.300000 0.289583 0.306250 0.297917 0.310937 0.300000 0.321875 0.312500 0.326562 0.314583 0.331250 0.316667 0.339062 0.316667 0.346875 0.306250 0.348438 0.300000 0.359375 0.283333 0.360938 0.279167 0.360938 0.275000 0.343750 0.250000 0.334375 0.237500 0.328125 0.233333 0.317188 0.218750 0.310937 0.212500 0.306250 0.210417 0.298438 0.202083 0.287500 0.187500 0.281250 0.183333 0.273438 0.172917 0.268750 0.170833 0.260937 0.160417 0.257812 0.158333 0.253125 0.158333
13 0.434375 0.325000 0.426563 0.327083 0.414062 0.335417 0.403125 0.350000 0.400000 0.356250 0.398438 0.360417 0.395313 0.370833 0.393750 0.379167 0.393750 0.400000 0.398438 0.418750 0.400000 0.422917 0.404687 0.431250 0.410938 0.439583 0.417187 0.445833 0.420312 0.447917 0.423438 0.450000 0.428125 0.452083 0.434375 0.454167 0.448437 0.454167 0.456250 0.452083 0.460938 0.450000 0.464062 0.447917 0.467187 0.445833 0.473438 0.439583 0.482812 0.427083 0.489063 0.410417 0.490625 0.400000 0.490625 0.379167 0.489063 0.370833 0.487500 0.364583 0.482812 0.352083 0.470313 0.335417 0.465625 0.331250 0.457813 0.327083 0.451562 0.325000 0.434375 0.325000
24 0.742188 0.150000 0.735938 0.154167 0.728125 0.154167 0.723437 0.156250 0.717187 0.158333 0.712500 0.162500 0.703125 0.175000 0.696875 0.185417 0.695312 0.191667 0.695312 0.206250 0.693750 0.216667 0.692187 0.222917 0.690625 0.229167 0.687500 0.233333 0.687500 0.247917 0.690625 0.254167 0.696875 0.281250 0.698438 0.289583 0.700000 0.306250 0.701562 0.312500 0.703125 0.318750 0.706250 0.325000 0.707812 0.331250 0.714063 0.331250 0.717187 0.327083 0.721875 0.327083 0.726562 0.322917 0.737500 0.322917 0.743750 0.320833 0.750000 0.314583 0.754687 0.314583 0.764062 0.308333 0.773438 0.300000 0.778125 0.295833 0.781250 0.291667 0.782813 0.287500 0.782813 0.283333 0.779687 0.279167 0.779687 0.272917 0.775000 0.262500 0.775000 0.254167 0.770312 0.243750 0.765625 0.225000 0.762500 0.210417 0.757812 0.187500 0.756250 0.170833 0.754687 0.162500 0.753125 0.154167 0.751563 0.150000 0.742188 0.150000
0 0.589063 0.533333 0.584375 0.535417 0.581250 0.537500 0.579688 0.541667 0.579688 0.545833 0.575000 0.552083 0.573438 0.556250 0.570312 0.568750 0.570312 0.577083 0.570312 0.600000 0.570312 0.606250 0.571875 0.608333 0.571875 0.616667 0.575000 0.631250 0.576562 0.635417 0.581250 0.641667 0.584375 0.643750 0.590625 0.645833 0.595313 0.647917 0.600000 0.654167 0.607812 0.658333 0.615625 0.666667 0.618750 0.668750 0.629687 0.668750 0.634375 0.660417 0.637500 0.647917 0.634375 0.643750 0.632812 0.643750 0.628125 0.637500 0.628125 0.629167 0.631250 0.622917 0.634375 0.616667 0.639062 0.608333 0.643750 0.602083 0.651563 0.595833 0.660937 0.583333 0.664062 0.577083 0.664062 0.570833 0.659375 0.558333 0.654687 0.552083 0.651563 0.552083 0.650000 0.554167 0.635938 0.558333 0.620313 0.560417 0.601562 0.560417 0.600000 0.556250 0.598437 0.550000 0.598437 0.543750 0.596875 0.539583 0.592187 0.533333 0.589063 0.533333
15 0.420312 0.097917 0.412500 0.100000 0.407813 0.102083 0.396875 0.110417 0.392188 0.110417 0.384375 0.120833 0.382812 0.120833 0.376563 0.129167 0.376563 0.131250 0.368750 0.141667 0.365625 0.147917 0.360938 0.160417 0.359375 0.166667 0.357812 0.175000 0.357812 0.210417 0.359375 0.229167 0.360938 0.239583 0.362500 0.245833 0.367188 0.260417 0.370312 0.266667 0.381250 0.283333 0.385937 0.289583 0.390625 0.291667 0.395313 0.297917 0.404687 0.304167 0.412500 0.308333 0.417187 0.310417 0.428125 0.312500 0.439063 0.312500 0.446875 0.310417 0.471875 0.302083 0.476562 0.300000 0.479687 0.297917 0.498437 0.272917 0.501563 0.266667 0.503125 0.262500 0.504687 0.258333 0.509375 0.241667 0.514062 0.222917 0.514062 0.183333 0.507812 0.168750 0.506250 0.158333 0.501563 0.145833 0.498437 0.139583 0.489063 0.125000 0.481250 0.116667 0.476562 0.114583 0.471875 0.108333 0.462500 0.102083 0.451562 0.097917 0.420312 0.097917
17 0.782813 0.135417 0.778125 0.137500 0.775000 0.141667 0.773438 0.147917 0.773438 0.156250 0.771875 0.160417 0.765625 0.168750 0.760938 0.168750 0.760938 0.172917 0.759375 0.175000 0.759375 0.181250 0.764062 0.195833 0.765625 0.214583 0.767188 0.222917 0.768750 0.227083 0.770312 0.231250 0.771875 0.233333 0.776563 0.235417 0.779687 0.239583 0.785937 0.241667 0.790625 0.247917 0.792188 0.256250 0.793750 0.270833 0.793750 0.285417 0.796875 0.295833 0.798438 0.308333 0.798438 0.322917 0.800000 0.335417 0.801562 0.339583 0.804688 0.343750 0.810937 0.343750 0.812500 0.343750 0.814063 0.341667 0.815625 0.337500 0.817187 0.327083 0.815625 0.304167 0.812500 0.289583 0.812500 0.270833 0.809375 0.250000 0.809375 0.241667 0.812500 0.237500 0.815625 0.237500 0.818750 0.239583 0.839063 0.266667 0.839063 0.277083 0.842187 0.285417 0.856250 0.285417 0.864062 0.293750 0.879687 0.312500 0.884375 0.318750 0.884375 0.320833 0.887500 0.325000 0.881250 0.333333 0.881250 0.339583 0.884375 0.343750 0.885938 0.343750 0.887500 0.345833 0.898438 0.362500 0.901563 0.362500 0.907813 0.358333 0.910937 0.352083 0.920312 0.350000 0.920312 0.339583 0.926562 0.333333 0.926562 0.327083 0.921875 0.322917 0.918750 0.320833 0.912500 0.320833 0.909375 0.316667 0.909375 0.304167 0.904687 0.304167 0.901563 0.310417 0.898438 0.312500 0.893750 0.312500 0.890625 0.310417 0.887500 0.306250 0.878125 0.291667 0.873437 0.289583 0.868750 0.283333 0.857812 0.270833 0.856250 0.268750 0.846875 0.254167 0.846875 0.250000 0.851562 0.243750 0.856250 0.243750 0.860938 0.247917 0.865625 0.247917 0.868750 0.245833 0.870313 0.235417 0.868750 0.227083 0.867188 0.222917 0.865625 0.218750 0.862500 0.212500 0.856250 0.206250 0.853125 0.197917 0.853125 0.189583 0.857812 0.168750 0.857812 0.154167 0.856250 0.150000 0.851562 0.143750 0.848437 0.141667 0.835938 0.139583 0.828125 0.139583 0.810937 0.141667 0.801562 0.135417 0.782813 0.135417
0 0.557813 0.589583 0.548438 0.593750 0.545312 0.597917 0.542188 0.604167 0.537500 0.616667 0.535937 0.622917 0.534375 0.629167 0.534375 0.639583 0.535937 0.647917 0.537500 0.654167 0.540625 0.662500 0.543750 0.666667 0.551562 0.670833 0.556250 0.670833 0.560937 0.664583 0.564063 0.660417 0.573438 0.645833 0.584375 0.643750 0.581250 0.643750 0.575000 0.635417 0.573438 0.629167 0.570312 0.614583 0.570312 0.604167 0.568750 0.602083 0.568750 0.595833 0.564063 0.591667 0.560937 0.589583 0.557813 0.589583
9 0.582812 0.091667 0.578125 0.093750 0.573438 0.095833 0.570312 0.097917 0.568750 0.106250 0.571875 0.110417 0.575000 0.112500 0.578125 0.112500 0.579688 0.120833 0.578125 0.120833 0.573438 0.125000 0.571875 0.127083 0.571875 0.129167 0.565625 0.139583 0.562500 0.147917 0.557813 0.160417 0.556250 0.166667 0.554688 0.179167 0.553125 0.189583 0.551562 0.206250 0.551562 0.245833 0.553125 0.256250 0.554688 0.262500 0.559375 0.275000 0.571875 0.293750 0.576562 0.297917 0.581250 0.302083 0.584375 0.304167 0.589063 0.306250 0.595313 0.308333 0.618750 0.308333 0.625000 0.306250 0.631250 0.302083 0.640625 0.295833 0.646875 0.289583 0.653125 0.281250 0.662500 0.275000 0.668750 0.264583 0.676562 0.252083 0.681250 0.243750 0.684375 0.237500 0.689063 0.225000 0.690625 0.218750 0.692187 0.204167 0.693750 0.185417 0.693750 0.168750 0.692187 0.160417 0.690625 0.154167 0.689063 0.147917 0.682813 0.133333 0.679688 0.127083 0.673438 0.118750 0.668750 0.116667 0.662500 0.108333 0.659375 0.106250 0.656250 0.104167 0.651563 0.104167 0.646875 0.100000 0.643750 0.102083 0.637500 0.097917 0.623437 0.095833 0.618750 0.097917 0.614062 0.091667 0.582812 0.091667
0 0.546875 0.518750 0.540625 0.522917 0.539062 0.531250 0.535937 0.535417 0.531250 0.537500 0.525000 0.539583 0.512500 0.541667 0.506250 0.543750 0.503125 0.547917 0.500000 0.556250 0.501563 0.562500 0.506250 0.564583 0.512500 0.566667 0.518750 0.566667 0.523438 0.568750 0.526563 0.570833 0.531250 0.575000 0.537500 0.581250 0.539062 0.587500 0.543750 0.593750 0.546875 0.593750 0.548438 0.591667 0.553125 0.591667 0.559375 0.587500 0.560937 0.583333 0.562500 0.579167 0.567187 0.564583 0.567187 0.547917 0.565625 0.537500 0.564063 0.531250 0.554688 0.518750 0.546875 0.518750
6 0.781250 0.387500 0.760938 0.404167 0.743750 0.414583 0.729688 0.427083 0.723437 0.429167 0.720313 0.433333 0.717187 0.433333 0.714063 0.437500 0.712500 0.437500 0.710938 0.445833 0.717187 0.468750 0.715625 0.491667 0.715625 0.506250 0.720313 0.512500 0.723437 0.522917 0.732812 0.541667 0.740625 0.552083 0.742188 0.556250 0.746875 0.572917 0.751563 0.577083 0.753125 0.583333 0.754687 0.589583 0.757812 0.610417 0.760938 0.616667 0.760938 0.622917 0.765625 0.639583 0.773438 0.662500 0.776563 0.666667 0.776563 0.670833 0.781250 0.679167 0.784375 0.687500 0.795312 0.722917 0.798438 0.733333 0.803125 0.752083 0.806250 0.766667 0.807813 0.775000 0.807813 0.787500 0.804688 0.791667 0.801562 0.793750 0.795312 0.793750 0.789062 0.785417 0.785937 0.779167 0.784375 0.772917 0.779687 0.766667 0.779687 0.762500 0.776563 0.758333 0.771875 0.739583 0.770312 0.735417 0.765625 0.729167 0.764062 0.725000 0.760938 0.714583 0.756250 0.689583 0.751563 0.679167 0.750000 0.672917 0.748437 0.666667 0.748437 0.658333 0.745313 0.652083 0.743750 0.639583 0.740625 0.627083 0.734375 0.612500 0.731250 0.602083 0.729688 0.591667 0.726562 0.581250 0.723437 0.570833 0.721875 0.566667 0.717187 0.558333 0.715625 0.547917 0.712500 0.539583 0.707812 0.527083 0.701562 0.518750 0.700000 0.512500 0.695312 0.506250 0.687500 0.502083 0.681250 0.495833 0.675000 0.487500 0.673438 0.483333 0.673438 0.479167 0.670312 0.470833 0.667188 0.470833 0.662500 0.477083 0.662500 0.481250 0.664062 0.487500 0.670312 0.502083 0.676562 0.522917 0.678125 0.527083 0.681250 0.531250 0.704688 0.595833 0.707812 0.610417 0.710938 0.614583 0.710938 0.620833 0.715625 0.637500 0.720313 0.650000 0.734375 0.685417 0.743750 0.716667 0.745313 0.727083 0.751563 0.741667 0.759375 0.766667 0.775000 0.825000 0.779687 0.837500 0.793750 0.870833 0.809375 0.916667 0.817187 0.916667 0.831250 0.910417 0.835938 0.906250 0.864062 0.895833 0.875000 0.887500 0.882812 0.883333 0.903125 0.872917 0.915625 0.866667 0.928125 0.862500 0.932813 0.860417 0.935937 0.856250 0.943750 0.852083 0.951562 0.850000 0.959375 0.845833 0.962500 0.843750 0.965625 0.841667 0.967187 0.839583 0.968750 0.835417 0.965625 0.820833 0.965625 0.816667 0.975000 0.806250 0.975000 0.802083 0.970313 0.797917 0.970313 0.793750 0.964063 0.781250 0.957812 0.762500 0.945312 0.735417 0.934375 0.708333 0.932813 0.704167 0.931250 0.700000 0.926562 0.679167 0.923438 0.675000 0.918750 0.658333 0.918750 0.652083 0.910937 0.633333 0.910937 0.627083 0.906250 0.610417 0.901563 0.600000 0.901563 0.593750 0.898438 0.585417 0.892188 0.570833 0.892188 0.564583 0.889062 0.554167 0.884375 0.543750 0.879687 0.529167 0.879687 0.522917 0.876563 0.516667 0.876563 0.510417 0.870313 0.495833 0.868750 0.485417 0.864062 0.475000 0.860938 0.464583 0.859375 0.452083 0.851562 0.431250 0.850000 0.416667 0.846875 0.404167 0.845313 0.397917 0.843750 0.393750 0.839063 0.393750 0.832812 0.395833 0.815625 0.402083 0.810937 0.406250 0.806250 0.408333 0.800000 0.400000 0.796875 0.391667 0.793750 0.385417 0.790625 0.383333 0.781250 0.387500
0 0.507812 0.581250 0.493750 0.587500 0.490625 0.589583 0.484375 0.595833 0.478125 0.604167 0.475000 0.614583 0.475000 0.625000 0.476562 0.629167 0.479687 0.633333 0.482812 0.635417 0.489063 0.637500 0.500000 0.637500 0.503125 0.641667 0.507812 0.656250 0.510938 0.660417 0.510938 0.662500 0.512500 0.664583 0.515625 0.666667 0.521875 0.666667 0.525000 0.664583 0.528125 0.656250 0.526563 0.620833 0.528125 0.616667 0.535937 0.608333 0.539062 0.604167 0.539062 0.597917 0.535937 0.591667 0.532813 0.587500 0.529687 0.585417 0.523438 0.583333 0.515625 0.581250 0.507812 0.581250
3 0.689063 0.362500 0.678125 0.366667 0.673438 0.368750 0.670312 0.370833 0.667188 0.375000 0.664062 0.375000 0.662500 0.379167 0.662500 0.393750 0.665625 0.406250 0.665625 0.429167 0.667188 0.450000 0.668750 0.460417 0.673438 0.479167 0.675000 0.485417 0.682813 0.495833 0.687500 0.500000 0.692187 0.502083 0.704688 0.518750 0.709375 0.529167 0.714063 0.539583 0.715625 0.543750 0.715625 0.547917 0.718750 0.552083 0.721875 0.562500 0.737500 0.614583 0.745313 0.641667 0.746875 0.647917 0.746875 0.654167 0.751563 0.666667 0.759375 0.704167 0.764062 0.720833 0.768750 0.733333 0.771875 0.737500 0.776563 0.750000 0.776563 0.754167 0.782813 0.770833 0.790625 0.787500 0.795312 0.793750 0.800000 0.793750 0.803125 0.791667 0.806250 0.787500 0.806250 0.772917 0.804688 0.764583 0.801562 0.750000 0.796875 0.731250 0.793750 0.720833 0.785937 0.695833 0.771875 0.656250 0.768750 0.652083 0.762500 0.633333 0.759375 0.622917 0.759375 0.616667 0.756250 0.610417 0.756250 0.604167 0.751563 0.585417 0.748437 0.575000 0.742188 0.558333 0.739062 0.552083 0.734375 0.545833 0.732812 0.539583 0.728125 0.531250 0.720313 0.516667 0.715625 0.506250 0.714063 0.502083 0.714063 0.487500 0.715625 0.485417 0.715625 0.470833 0.714063 0.462500 0.709375 0.447917 0.704688 0.422917 0.704688 0.414583 0.700000 0.397917 0.698438 0.389583 0.698438 0.379167 0.696875 0.368750 0.695312 0.364583 0.689063 0.362500
0 0.259375 0.533333 0.251563 0.535417 0.240625 0.539583 0.235937 0.543750 0.226562 0.545833 0.221875 0.547917 0.218750 0.550000 0.215625 0.552083 0.203125 0.568750 0.196875 0.572917 0.193750 0.577083 0.185938 0.595833 0.184375 0.602083 0.178125 0.627083 0.176563 0.635417 0.176563 0.654167 0.178125 0.666667 0.179688 0.677083 0.181250 0.685417 0.182812 0.693750 0.184375 0.697917 0.185938 0.702083 0.190625 0.710417 0.206250 0.731250 0.221875 0.743750 0.226562 0.745833 0.234375 0.747917 0.242188 0.750000 0.264062 0.750000 0.273438 0.747917 0.279687 0.745833 0.285938 0.743750 0.290625 0.741667 0.295312 0.739583 0.303125 0.735417 0.306250 0.733333 0.314063 0.722917 0.314063 0.720833 0.323437 0.710417 0.326562 0.706250 0.332813 0.695833 0.334375 0.691667 0.335938 0.687500 0.337500 0.681250 0.339062 0.675000 0.340625 0.660417 0.343750 0.654167 0.343750 0.627083 0.342187 0.616667 0.340625 0.608333 0.339062 0.604167 0.332813 0.589583 0.326562 0.581250 0.323437 0.572917 0.315625 0.564583 0.309375 0.558333 0.298438 0.547917 0.285938 0.539583 0.281250 0.537500 0.273438 0.535417 0.262500 0.533333 0.259375 0.533333
