0 0.585938 0.591667 0.581250 0.593750 0.578125 0.595833 0.573438 0.602083 0.570312 0.608333 0.568750 0.612500 0.565625 0.622917 0.565625 0.629167 0.564063 0.635417 0.559375 0.641667 0.554688 0.643750 0.551562 0.647917 0.550000 0.656250 0.550000 0.668750 0.553125 0.672917 0.556250 0.675000 0.562500 0.677083 0.565625 0.679167 0.568750 0.681250 0.570312 0.685417 0.568750 0.708333 0.570312 0.716667 0.571875 0.720833 0.573438 0.725000 0.578125 0.731250 0.581250 0.733333 0.584375 0.735417 0.595313 0.735417 0.600000 0.733333 0.603125 0.731250 0.612500 0.718750 0.614062 0.714583 0.612500 0.704167 0.615625 0.697917 0.623437 0.685417 0.625000 0.679167 0.626563 0.672917 0.626563 0.643750 0.625000 0.639583 0.623437 0.635417 0.620313 0.631250 0.618750 0.627083 0.617188 0.616667 0.615625 0.612500 0.606250 0.600000 0.603125 0.597917 0.590625 0.591667 0.585938 0.591667
0 0.285938 0.502083 0.278125 0.506250 0.275000 0.508333 0.267188 0.516667 0.260937 0.527083 0.259375 0.529167 0.250000 0.537500 0.246875 0.541667 0.245312 0.545833 0.243750 0.556250 0.243750 0.560417 0.245312 0.566667 0.246875 0.570833 0.250000 0.577083 0.254688 0.585417 0.260937 0.593750 0.265625 0.595833 0.268750 0.600000 0.268750 0.604167 0.267188 0.616667 0.271875 0.622917 0.271875 0.625000 0.275000 0.629167 0.276562 0.629167 0.281250 0.635417 0.285938 0.637500 0.290625 0.641667 0.293750 0.645833 0.295312 0.650000 0.295312 0.658333 0.300000 0.666667 0.312500 0.683333 0.320312 0.697917 0.323437 0.704167 0.326562 0.710417 0.326562 0.714583 0.332813 0.725000 0.339062 0.741667 0.340625 0.747917 0.342187 0.758333 0.342187 0.781250 0.345313 0.789583 0.346875 0.795833 0.350000 0.800000 0.353125 0.800000 0.360938 0.797917 0.375000 0.791667 0.381250 0.793750 0.382812 0.810417 0.393750 0.810417 0.401562 0.806250 0.406250 0.802083 0.412500 0.793750 0.414062 0.789583 0.415625 0.785417 0.415625 0.775000 0.414062 0.758333 0.412500 0.747917 0.409375 0.739583 0.407813 0.731250 0.407813 0.710417 0.406250 0.700000 0.404687 0.687500 0.400000 0.677083 0.400000 0.670833 0.403125 0.652083 0.403125 0.616667 0.401562 0.595833 0.400000 0.593750 0.400000 0.589583 0.395313 0.587500 0.393750 0.585417 0.392188 0.581250 0.392188 0.577083 0.382812 0.552083 0.379688 0.545833 0.368750 0.529167 0.367188 0.527083 0.364063 0.525000 0.353125 0.525000 0.350000 0.520833 0.350000 0.518750 0.346875 0.514583 0.342187 0.512500 0.337500 0.510417 0.326562 0.510417 0.314063 0.516667 0.307812 0.516667 0.304688 0.514583 0.300000 0.508333 0.290625 0.502083 0.285938 0.502083
0 0.307812 0.695833 0.304688 0.697917 0.300000 0.704167 0.296875 0.710417 0.295312 0.714583 0.295312 0.720833 0.290625 0.731250 0.289062 0.737500 0.287500 0.743750 0.285938 0.752083 0.284375 0.762500 0.284375 0.777083 0.285938 0.785417 0.287500 0.793750 0.289062 0.800000 0.290625 0.804167 0.293750 0.810417 0.296875 0.814583 0.300000 0.816667 0.303125 0.818750 0.321875 0.818750 0.328125 0.816667 0.331250 0.814583 0.334375 0.812500 0.339062 0.806250 0.340625 0.806250 0.343750 0.802083 0.345313 0.797917 0.343750 0.789583 0.340625 0.785417 0.340625 0.766667 0.339062 0.752083 0.337500 0.743750 0.332813 0.731250 0.321875 0.706250 0.318750 0.700000 0.315625 0.695833 0.307812 0.695833
1 0.185938 0.150000 0.182812 0.152083 0.182812 0.177083 0.184375 0.183333 0.189062 0.191667 0.192188 0.202083 0.192188 0.227083 0.189062 0.310417 0.187500 0.420833 0.189062 0.429167 0.187500 0.443750 0.185938 0.450000 0.176563 0.460417 0.175000 0.466667 0.176563 0.481250 0.192188 0.483333 0.203125 0.483333 0.228125 0.479167 0.234375 0.481250 0.237500 0.477083 0.253125 0.479167 0.257812 0.479167 0.262500 0.477083 0.265625 0.475000 0.270313 0.470833 0.275000 0.464583 0.275000 0.450000 0.270313 0.445833 0.268750 0.431250 0.268750 0.404167 0.271875 0.318750 0.270313 0.212500 0.270313 0.204167 0.273438 0.200000 0.285938 0.185417 0.287500 0.181250 0.287500 0.160417 0.273438 0.160417 0.271875 0.158333 0.256250 0.158333 0.239063 0.156250 0.215625 0.150000 0.189062 0.150000 0.185938 0.150000
3 0.882812 0.443750 0.881250 0.445833 0.876563 0.445833 0.873437 0.447917 0.859375 0.466667 0.857812 0.470833 0.856250 0.489583 0.856250 0.510417 0.853125 0.529167 0.851562 0.545833 0.851562 0.554167 0.853125 0.560417 0.854688 0.564583 0.859375 0.572917 0.860938 0.579167 0.860938 0.587500 0.859375 0.597917 0.854688 0.627083 0.851562 0.635417 0.851562 0.645833 0.846875 0.664583 0.840625 0.714583 0.834375 0.741667 0.829688 0.768750 0.828125 0.779167 0.826562 0.789583 0.825000 0.802083 0.823438 0.820833 0.821875 0.839583 0.821875 0.883333 0.823438 0.887500 0.829688 0.891667 0.832812 0.891667 0.834375 0.889583 0.837500 0.889583 0.840625 0.883333 0.842187 0.877083 0.842187 0.870833 0.845313 0.864583 0.845313 0.856250 0.850000 0.839583 0.851562 0.831250 0.851562 0.820833 0.854688 0.810417 0.856250 0.795833 0.857812 0.781250 0.859375 0.764583 0.860938 0.729167 0.862500 0.710417 0.867188 0.677083 0.867188 0.660417 0.868750 0.643750 0.870313 0.631250 0.871875 0.622917 0.875000 0.616667 0.876563 0.604167 0.878125 0.597917 0.882812 0.585417 0.885938 0.579167 0.889062 0.575000 0.895312 0.570833 0.898438 0.566667 0.901563 0.560417 0.903125 0.554167 0.903125 0.529167 0.901563 0.491667 0.900000 0.468750 0.898438 0.454167 0.896875 0.452083 0.896875 0.447917 0.893750 0.447917 0.892188 0.445833 0.887500 0.445833 0.885938 0.443750 0.882812 0.443750
0 0.632812 0.579167 0.629687 0.581250 0.628125 0.622917 0.629687 0.635417 0.632812 0.645833 0.632812 0.656250 0.637500 0.670833 0.640625 0.677083 0.648438 0.693750 0.657813 0.710417 0.660937 0.720833 0.664062 0.727083 0.671875 0.737500 0.675000 0.745833 0.681250 0.754167 0.681250 0.756250 0.685937 0.762500 0.696875 0.775000 0.701562 0.779167 0.714063 0.781250 0.732812 0.781250 0.745313 0.772917 0.753125 0.764583 0.764062 0.758333 0.767188 0.754167 0.768750 0.754167 0.770312 0.752083 0.771875 0.747917 0.773438 0.743750 0.775000 0.735417 0.775000 0.702083 0.773438 0.691667 0.771875 0.685417 0.770312 0.679167 0.764062 0.662500 0.760938 0.658333 0.751563 0.656250 0.743750 0.645833 0.740625 0.637500 0.739062 0.635417 0.735938 0.631250 0.726562 0.620833 0.723437 0.618750 0.720313 0.616667 0.715625 0.614583 0.703125 0.614583 0.695312 0.606250 0.689063 0.597917 0.684375 0.593750 0.681250 0.591667 0.678125 0.589583 0.673438 0.587500 0.667188 0.587500 0.660937 0.585417 0.656250 0.581250 0.650000 0.579167 0.632812 0.579167
0 0.254688 0.618750 0.250000 0.620833 0.246875 0.622917 0.239063 0.633333 0.234375 0.643750 0.232813 0.647917 0.234375 0.670833 0.237500 0.672917 0.240625 0.672917 0.243750 0.677083 0.245312 0.677083 0.246875 0.679167 0.248438 0.681250 0.251563 0.685417 0.253125 0.687500 0.254688 0.689583 0.257812 0.695833 0.259375 0.702083 0.262500 0.708333 0.273438 0.722917 0.275000 0.729167 0.278125 0.733333 0.282813 0.735417 0.287500 0.733333 0.290625 0.727083 0.298438 0.704167 0.300000 0.697917 0.300000 0.677083 0.298438 0.670833 0.296875 0.666667 0.292187 0.660417 0.290625 0.654167 0.290625 0.647917 0.285938 0.641667 0.276562 0.635417 0.270313 0.627083 0.270313 0.625000 0.265625 0.618750 0.254688 0.618750
0 0.215625 0.672917 0.212500 0.675000 0.206250 0.681250 0.201563 0.687500 0.200000 0.691667 0.200000 0.710417 0.204687 0.729167 0.206250 0.747917 0.207813 0.754167 0.209375 0.760417 0.217188 0.779167 0.221875 0.785417 0.226562 0.787500 0.237500 0.789583 0.239063 0.791667 0.242188 0.791667 0.246875 0.789583 0.253125 0.787500 0.256250 0.785417 0.259375 0.783333 0.265625 0.777083 0.273438 0.766667 0.275000 0.762500 0.276562 0.756250 0.278125 0.747917 0.278125 0.741667 0.276562 0.735417 0.275000 0.731250 0.270313 0.722917 0.260937 0.710417 0.250000 0.691667 0.246875 0.683333 0.243750 0.679167 0.239063 0.675000 0.234375 0.672917 0.215625 0.672917
0 0.760938 0.172917 0.748437 0.175000 0.742188 0.177083 0.729688 0.183333 0.720313 0.189583 0.703125 0.212500 0.700000 0.218750 0.695312 0.229167 0.690625 0.241667 0.689063 0.250000 0.685937 0.266667 0.685937 0.293750 0.687500 0.304167 0.689063 0.310417 0.690625 0.316667 0.692187 0.320833 0.695312 0.327083 0.698438 0.333333 0.703125 0.341667 0.710938 0.352083 0.717187 0.358333 0.721875 0.362500 0.725000 0.364583 0.728125 0.366667 0.742188 0.372917 0.773438 0.372917 0.784375 0.368750 0.789062 0.366667 0.792188 0.364583 0.795312 0.362500 0.800000 0.358333 0.806250 0.352083 0.818750 0.335417 0.823438 0.327083 0.828125 0.316667 0.829688 0.312500 0.834375 0.297917 0.835938 0.291667 0.837500 0.285417 0.839063 0.266667 0.839063 0.254167 0.837500 0.239583 0.835938 0.233333 0.829688 0.216667 0.823438 0.206250 0.817187 0.197917 0.803125 0.185417 0.800000 0.183333 0.796875 0.181250 0.792188 0.181250 0.789062 0.177083 0.782813 0.175000 0.767188 0.172917 0.760938 0.172917
27 0.532813 0.170833 0.531250 0.172917 0.528125 0.172917 0.526563 0.177083 0.525000 0.187500 0.523438 0.191667 0.520312 0.195833 0.518750 0.200000 0.517188 0.204167 0.517188 0.210417 0.514062 0.216667 0.512500 0.222917 0.510938 0.243750 0.506250 0.262500 0.506250 0.272917 0.503125 0.283333 0.501563 0.304167 0.500000 0.314583 0.492188 0.364583 0.485938 0.404167 0.484375 0.412500 0.479687 0.429167 0.476562 0.445833 0.470313 0.487500 0.470313 0.506250 0.473438 0.512500 0.479687 0.520833 0.482812 0.522917 0.487500 0.525000 0.492188 0.527083 0.507812 0.529167 0.523438 0.535417 0.539062 0.539583 0.548438 0.541667 0.557813 0.541667 0.560937 0.539583 0.564063 0.537500 0.568750 0.531250 0.570312 0.522917 0.571875 0.516667 0.573438 0.508333 0.573438 0.497917 0.576562 0.479167 0.579688 0.460417 0.587500 0.425000 0.587500 0.412500 0.592187 0.395833 0.593750 0.387500 0.600000 0.350000 0.600000 0.335417 0.601562 0.325000 0.604688 0.314583 0.606250 0.300000 0.606250 0.283333 0.607812 0.272917 0.610938 0.264583 0.615625 0.231250 0.615625 0.218750 0.618750 0.208333 0.618750 0.197917 0.615625 0.193750 0.610938 0.189583 0.603125 0.185417 0.584375 0.177083 0.576562 0.175000 0.568750 0.172917 0.559375 0.170833 0.532813 0.170833
0 0.637500 0.731250 0.632812 0.735417 0.625000 0.743750 0.623437 0.745833 0.621875 0.750000 0.620313 0.756250 0.620313 0.762500 0.618750 0.766667 0.617188 0.770833 0.614062 0.775000 0.612500 0.779167 0.610938 0.783333 0.609375 0.789583 0.607812 0.800000 0.607812 0.816667 0.617188 0.829167 0.618750 0.833333 0.623437 0.850000 0.623437 0.856250 0.626563 0.862500 0.634375 0.872917 0.637500 0.875000 0.640625 0.877083 0.657813 0.877083 0.662500 0.875000 0.665625 0.872917 0.668750 0.868750 0.668750 0.866667 0.673438 0.860417 0.676562 0.854167 0.678125 0.850000 0.679688 0.841667 0.682813 0.837500 0.689063 0.837500 0.693750 0.835417 0.696875 0.831250 0.698438 0.825000 0.698438 0.812500 0.696875 0.808333 0.692187 0.802083 0.687500 0.802083 0.679688 0.797917 0.676562 0.795833 0.671875 0.791667 0.668750 0.787500 0.665625 0.781250 0.665625 0.777083 0.667188 0.758333 0.665625 0.750000 0.664062 0.745833 0.662500 0.741667 0.659375 0.735417 0.656250 0.733333 0.651563 0.731250 0.637500 0.731250
6 0.903125 0.504167 0.903125 0.516667 0.904687 0.556250 0.903125 0.560417 0.901563 0.564583 0.884375 0.587500 0.879687 0.600000 0.878125 0.606250 0.876563 0.620833 0.873437 0.627083 0.871875 0.635417 0.870313 0.647917 0.868750 0.662500 0.867188 0.679167 0.867188 0.695833 0.864062 0.712500 0.862500 0.731250 0.862500 0.750000 0.860938 0.768750 0.859375 0.785417 0.857812 0.800000 0.856250 0.812500 0.853125 0.831250 0.843750 0.875000 0.843750 0.883333 0.853125 0.883333 0.876563 0.889583 0.900000 0.891667 0.910937 0.895833 0.925000 0.893750 0.926562 0.889583 0.926562 0.875000 0.929688 0.866667 0.929688 0.841667 0.926562 0.814583 0.926562 0.808333 0.929688 0.783333 0.931250 0.704167 0.931250 0.687500 0.931250 0.679167 0.929688 0.508333 0.928125 0.504167 0.903125 0.504167
6 0.848437 0.487500 0.837500 0.489583 0.821875 0.495833 0.803125 0.495833 0.800000 0.497917 0.796875 0.502083 0.795312 0.506250 0.793750 0.558333 0.793750 0.616667 0.790625 0.656250 0.790625 0.758333 0.785937 0.795833 0.784375 0.829167 0.785937 0.845833 0.784375 0.879167 0.787500 0.883333 0.818750 0.881250 0.820312 0.868750 0.820312 0.837500 0.821875 0.818750 0.823438 0.804167 0.825000 0.789583 0.829688 0.758333 0.834375 0.731250 0.837500 0.722917 0.839063 0.712500 0.845313 0.672917 0.857812 0.593750 0.857812 0.577083 0.851562 0.562500 0.850000 0.556250 0.850000 0.539583 0.853125 0.518750 0.854688 0.502083 0.854688 0.491667 0.853125 0.487500 0.848437 0.487500
0 0.554688 0.750000 0.551562 0.752083 0.548438 0.754167 0.542188 0.760417 0.534375 0.770833 0.529687 0.772917 0.518750 0.787500 0.517188 0.791667 0.515625 0.804167 0.515625 0.820833 0.518750 0.835417 0.518750 0.860417 0.520312 0.864583 0.523438 0.870833 0.532813 0.883333 0.534375 0.889583 0.535937 0.891667 0.539062 0.893750 0.550000 0.893750 0.553125 0.889583 0.554688 0.883333 0.554688 0.877083 0.553125 0.875000 0.553125 0.868750 0.559375 0.860417 0.562500 0.858333 0.567187 0.856250 0.579688 0.854167 0.603125 0.856250 0.610938 0.856250 0.614062 0.854167 0.617188 0.845833 0.617188 0.835417 0.615625 0.831250 0.614062 0.827083 0.612500 0.825000 0.604688 0.816667 0.596875 0.812500 0.592187 0.808333 0.581250 0.797917 0.575000 0.789583 0.571875 0.781250 0.571875 0.777083 0.576562 0.768750 0.576562 0.760417 0.573438 0.756250 0.570312 0.754167 0.562500 0.750000 0.554688 0.750000
