9 0.784375 0.081250 0.776563 0.083333 0.768750 0.085417 0.764062 0.087500 0.751563 0.095833 0.746875 0.100000 0.740625 0.106250 0.735938 0.112500 0.721875 0.133333 0.714063 0.147917 0.703125 0.170833 0.700000 0.177083 0.700000 0.181250 0.695312 0.189583 0.692187 0.197917 0.690625 0.204167 0.689063 0.210417 0.687500 0.222917 0.687500 0.237500 0.692187 0.243750 0.693750 0.247917 0.695312 0.252083 0.695312 0.256250 0.696875 0.260417 0.701562 0.268750 0.704688 0.281250 0.707812 0.285417 0.712500 0.287500 0.717187 0.293750 0.725000 0.297917 0.731250 0.300000 0.757812 0.300000 0.764062 0.297917 0.771875 0.293750 0.781250 0.287500 0.801562 0.270833 0.815625 0.258333 0.823438 0.250000 0.829688 0.243750 0.835938 0.235417 0.839063 0.227083 0.845313 0.218750 0.848437 0.212500 0.853125 0.200000 0.857812 0.181250 0.857812 0.166667 0.856250 0.154167 0.854688 0.145833 0.853125 0.139583 0.846875 0.125000 0.846875 0.116667 0.845313 0.112500 0.843750 0.108333 0.839063 0.102083 0.835938 0.100000 0.831250 0.100000 0.818750 0.089583 0.814063 0.087500 0.809375 0.085417 0.803125 0.083333 0.790625 0.081250 0.784375 0.081250
0 0.581250 0.591667 0.575000 0.593750 0.570312 0.595833 0.560937 0.602083 0.540625 0.629167 0.537500 0.635417 0.535937 0.639583 0.534375 0.654167 0.532813 0.658333 0.528125 0.666667 0.526563 0.670833 0.525000 0.677083 0.523438 0.691667 0.523438 0.722917 0.525000 0.727083 0.526563 0.729167 0.531250 0.731250 0.535937 0.737500 0.535937 0.745833 0.534375 0.747917 0.532813 0.760417 0.534375 0.775000 0.534375 0.785417 0.532813 0.791667 0.531250 0.795833 0.528125 0.800000 0.526563 0.800000 0.523438 0.804167 0.525000 0.808333 0.529687 0.810417 0.545312 0.820833 0.548438 0.825000 0.554688 0.835417 0.560937 0.839583 0.564063 0.843750 0.564063 0.845833 0.567187 0.850000 0.571875 0.854167 0.575000 0.856250 0.582812 0.856250 0.587500 0.858333 0.592187 0.860417 0.595313 0.862500 0.604688 0.870833 0.614062 0.877083 0.620313 0.879167 0.640625 0.879167 0.643750 0.877083 0.650000 0.868750 0.653125 0.862500 0.653125 0.860417 0.654687 0.858333 0.657813 0.856250 0.664062 0.856250 0.667188 0.854167 0.671875 0.847917 0.675000 0.841667 0.675000 0.835417 0.676562 0.833333 0.676562 0.829167 0.675000 0.779167 0.673438 0.737500 0.670312 0.722917 0.670312 0.679167 0.667188 0.658333 0.667188 0.616667 0.659375 0.606250 0.653125 0.602083 0.646875 0.593750 0.628125 0.593750 0.606250 0.595833 0.595313 0.591667 0.581250 0.591667
14 0.295312 0.116667 0.289062 0.118750 0.282813 0.120833 0.276562 0.125000 0.264062 0.133333 0.256250 0.141667 0.246875 0.154167 0.242188 0.162500 0.237500 0.172917 0.232813 0.187500 0.231250 0.195833 0.229687 0.204167 0.228125 0.214583 0.228125 0.233333 0.229687 0.245833 0.231250 0.254167 0.232813 0.260417 0.234375 0.266667 0.240625 0.283333 0.245312 0.291667 0.254688 0.306250 0.264062 0.316667 0.275000 0.325000 0.278125 0.327083 0.281250 0.327083 0.284375 0.329167 0.287500 0.333333 0.290625 0.335417 0.293750 0.335417 0.296875 0.339583 0.301563 0.341667 0.306250 0.341667 0.310937 0.345833 0.328125 0.347917 0.334375 0.347917 0.348438 0.345833 0.360938 0.339583 0.368750 0.333333 0.375000 0.327083 0.387500 0.310417 0.390625 0.304167 0.393750 0.297917 0.395313 0.293750 0.396875 0.289583 0.398438 0.283333 0.400000 0.277083 0.401562 0.268750 0.403125 0.258333 0.401562 0.225000 0.401562 0.210417 0.406250 0.204167 0.410938 0.202083 0.417187 0.200000 0.426563 0.193750 0.431250 0.189583 0.435937 0.183333 0.437500 0.179167 0.437500 0.168750 0.434375 0.164583 0.434375 0.162500 0.432812 0.160417 0.429688 0.158333 0.426563 0.156250 0.420312 0.156250 0.412500 0.158333 0.406250 0.160417 0.400000 0.162500 0.389062 0.168750 0.384375 0.168750 0.381250 0.164583 0.360938 0.135417 0.356250 0.131250 0.343750 0.122917 0.339062 0.120833 0.334375 0.118750 0.326562 0.116667 0.295312 0.116667
18 0.878125 0.133333 0.873437 0.135417 0.870313 0.137500 0.867188 0.139583 0.860938 0.147917 0.859375 0.154167 0.857812 0.166667 0.859375 0.177083 0.857812 0.189583 0.856250 0.200000 0.851562 0.212500 0.848437 0.218750 0.843750 0.227083 0.817187 0.260417 0.817187 0.275000 0.815625 0.277083 0.814063 0.362500 0.814063 0.445833 0.815625 0.462500 0.817187 0.470833 0.818750 0.477083 0.820312 0.481250 0.826562 0.481250 0.832812 0.479167 0.837500 0.475000 0.848437 0.470833 0.851562 0.475000 0.853125 0.485417 0.859375 0.487500 0.876563 0.487500 0.879687 0.485417 0.881250 0.483333 0.882812 0.479167 0.884375 0.472917 0.885938 0.464583 0.887500 0.456250 0.889062 0.439583 0.889062 0.400000 0.892188 0.366667 0.892188 0.310417 0.895312 0.275000 0.895312 0.239583 0.898438 0.212500 0.898438 0.177083 0.896875 0.158333 0.895312 0.150000 0.893750 0.145833 0.889062 0.137500 0.885938 0.135417 0.881250 0.133333 0.878125 0.133333
6 0.701562 0.420833 0.698438 0.425000 0.696875 0.431250 0.696875 0.462500 0.693750 0.493750 0.693750 0.539583 0.692187 0.579167 0.689063 0.608333 0.689063 0.650000 0.685937 0.687500 0.685937 0.741667 0.684375 0.772917 0.682813 0.797917 0.681250 0.825000 0.678125 0.845833 0.678125 0.879167 0.681250 0.879167 0.682813 0.881250 0.696875 0.881250 0.709375 0.883333 0.729688 0.889583 0.745313 0.891667 0.765625 0.893750 0.785937 0.895833 0.825000 0.897917 0.850000 0.897917 0.853125 0.893750 0.853125 0.889583 0.856250 0.885417 0.865625 0.883333 0.865625 0.862500 0.864062 0.822917 0.860938 0.779167 0.860938 0.754167 0.862500 0.685417 0.864062 0.664583 0.868750 0.631250 0.868750 0.612500 0.870313 0.591667 0.876563 0.550000 0.876563 0.527083 0.879687 0.502083 0.878125 0.491667 0.860938 0.491667 0.853125 0.489583 0.850000 0.487500 0.848437 0.485417 0.846875 0.479167 0.839063 0.479167 0.832812 0.483333 0.826562 0.483333 0.825000 0.485417 0.820312 0.485417 0.817187 0.481250 0.815625 0.477083 0.814063 0.468750 0.812500 0.460417 0.812500 0.439583 0.810937 0.437500 0.810937 0.427083 0.807813 0.427083 0.806250 0.425000 0.767188 0.425000 0.767188 0.431250 0.771875 0.443750 0.776563 0.452083 0.781250 0.464583 0.784375 0.475000 0.787500 0.487500 0.792188 0.506250 0.793750 0.514583 0.795312 0.525000 0.795312 0.554167 0.792188 0.564583 0.785937 0.579167 0.782813 0.595833 0.782813 0.608333 0.784375 0.629167 0.785937 0.645833 0.787500 0.662500 0.795312 0.716667 0.795312 0.731250 0.796875 0.743750 0.800000 0.756250 0.806250 0.808333 0.806250 0.831250 0.804688 0.835417 0.801562 0.839583 0.796875 0.841667 0.793750 0.839583 0.790625 0.837500 0.785937 0.831250 0.784375 0.827083 0.782813 0.822917 0.781250 0.816667 0.779687 0.802083 0.779687 0.785417 0.776563 0.768750 0.775000 0.750000 0.775000 0.731250 0.771875 0.695833 0.760938 0.595833 0.759375 0.577083 0.757812 0.558333 0.754687 0.514583 0.753125 0.487500 0.753125 0.447917 0.751563 0.445833 0.751563 0.425000 0.748437 0.422917 0.709375 0.420833 0.701562 0.420833
2 0.164062 0.527083 0.164062 0.531250 0.157812 0.552083 0.156250 0.568750 0.154688 0.577083 0.150000 0.600000 0.146875 0.606250 0.145313 0.620833 0.142187 0.627083 0.142187 0.641667 0.140625 0.650000 0.134375 0.672917 0.129688 0.697917 0.128125 0.708333 0.126562 0.718750 0.129688 0.720833 0.131250 0.722917 0.142187 0.727083 0.148438 0.729167 0.154688 0.731250 0.195312 0.743750 0.209375 0.747917 0.220312 0.747917 0.223438 0.743750 0.225000 0.739583 0.226562 0.735417 0.228125 0.729167 0.229687 0.722917 0.234375 0.702083 0.242188 0.656250 0.245312 0.643750 0.251563 0.625000 0.253125 0.610417 0.254688 0.604167 0.259375 0.591667 0.260937 0.577083 0.262500 0.570833 0.264062 0.564583 0.267188 0.558333 0.267188 0.554167 0.264062 0.552083 0.259375 0.550000 0.251563 0.550000 0.243750 0.547917 0.231250 0.541667 0.225000 0.541667 0.218750 0.539583 0.210938 0.533333 0.203125 0.531250 0.195312 0.531250 0.189062 0.527083 0.179688 0.529167 0.176563 0.529167 0.164062 0.527083
0 0.457813 0.560417 0.454688 0.562500 0.450000 0.566667 0.445312 0.572917 0.443750 0.581250 0.435937 0.591667 0.434375 0.595833 0.434375 0.600000 0.432812 0.604167 0.429688 0.608333 0.423438 0.612500 0.412500 0.618750 0.407813 0.625000 0.396875 0.631250 0.385937 0.641667 0.378125 0.645833 0.373437 0.647917 0.368750 0.647917 0.362500 0.652083 0.359375 0.660417 0.356250 0.664583 0.346875 0.662500 0.340625 0.664583 0.335938 0.666667 0.332813 0.668750 0.329688 0.670833 0.323437 0.679167 0.321875 0.687500 0.318750 0.691667 0.312500 0.691667 0.306250 0.695833 0.296875 0.702083 0.289062 0.708333 0.284375 0.714583 0.282813 0.718750 0.281250 0.725000 0.281250 0.733333 0.285938 0.754167 0.287500 0.762500 0.289062 0.766667 0.295312 0.777083 0.304688 0.789583 0.328125 0.789583 0.331250 0.793750 0.331250 0.795833 0.335938 0.802083 0.340625 0.806250 0.343750 0.808333 0.350000 0.810417 0.368750 0.808333 0.375000 0.812500 0.384375 0.812500 0.395313 0.806250 0.407813 0.797917 0.412500 0.793750 0.426563 0.775000 0.432812 0.770833 0.440625 0.760417 0.445312 0.752083 0.450000 0.743750 0.451562 0.739583 0.453125 0.735417 0.456250 0.722917 0.460938 0.700000 0.462500 0.695833 0.482812 0.668750 0.487500 0.654167 0.493750 0.643750 0.501563 0.633333 0.504687 0.627083 0.506250 0.620833 0.510938 0.614583 0.512500 0.608333 0.512500 0.593750 0.510938 0.589583 0.509375 0.585417 0.506250 0.579167 0.503125 0.575000 0.500000 0.572917 0.496875 0.570833 0.487500 0.572917 0.487500 0.575000 0.484375 0.579167 0.479687 0.579167 0.475000 0.575000 0.470313 0.568750 0.465625 0.566667 0.460938 0.560417 0.457813 0.560417
3 0.315625 0.595833 0.310937 0.600000 0.306250 0.604167 0.298438 0.614583 0.292187 0.618750 0.285938 0.627083 0.275000 0.643750 0.271875 0.650000 0.268750 0.656250 0.264062 0.668750 0.260937 0.683333 0.254688 0.700000 0.242188 0.725000 0.234375 0.737500 0.226562 0.745833 0.225000 0.747917 0.225000 0.750000 0.221875 0.756250 0.204687 0.781250 0.182812 0.812500 0.148438 0.858333 0.121875 0.895833 0.118750 0.902083 0.117188 0.906250 0.117188 0.916667 0.120313 0.920833 0.128125 0.920833 0.131250 0.918750 0.154688 0.887500 0.157812 0.879167 0.170313 0.860417 0.192188 0.827083 0.204687 0.808333 0.217188 0.789583 0.232813 0.768750 0.243750 0.750000 0.251563 0.739583 0.253125 0.737500 0.264062 0.725000 0.270313 0.718750 0.275000 0.714583 0.282813 0.710417 0.290625 0.702083 0.298438 0.697917 0.303125 0.693750 0.309375 0.687500 0.315625 0.679167 0.315625 0.677083 0.323437 0.666667 0.332813 0.647917 0.339062 0.633333 0.339062 0.629167 0.342187 0.622917 0.335938 0.618750 0.334375 0.612500 0.328125 0.610417 0.326562 0.604167 0.318750 0.604167 0.320312 0.595833 0.315625 0.595833
5 0.754687 0.420833 0.753125 0.429167 0.754687 0.475000 0.756250 0.508333 0.757812 0.531250 0.759375 0.554167 0.760938 0.572917 0.762500 0.593750 0.767188 0.627083 0.767188 0.643750 0.768750 0.660417 0.771875 0.677083 0.773438 0.693750 0.775000 0.710417 0.778125 0.762500 0.781250 0.795833 0.782813 0.814583 0.784375 0.822917 0.785937 0.827083 0.789062 0.833333 0.793750 0.837500 0.798438 0.839583 0.801562 0.837500 0.803125 0.835417 0.804688 0.831250 0.804688 0.810417 0.800000 0.783333 0.793750 0.733333 0.789062 0.691667 0.784375 0.647917 0.782813 0.631250 0.781250 0.614583 0.781250 0.591667 0.785937 0.572917 0.792188 0.558333 0.793750 0.550000 0.793750 0.531250 0.792188 0.518750 0.790625 0.510417 0.789062 0.502083 0.785937 0.489583 0.781250 0.470833 0.770312 0.441667 0.764062 0.431250 0.762500 0.425000 0.759375 0.420833 0.754687 0.420833
0 0.573438 0.168750 0.570312 0.170833 0.568750 0.172917 0.560937 0.183333 0.557813 0.187500 0.551562 0.200000 0.542188 0.212500 0.537500 0.220833 0.535937 0.227083 0.529687 0.235417 0.528125 0.241667 0.525000 0.247917 0.518750 0.256250 0.515625 0.264583 0.510938 0.272917 0.500000 0.287500 0.490625 0.295833 0.489063 0.295833 0.487500 0.297917 0.473438 0.318750 0.467187 0.333333 0.457813 0.345833 0.457813 0.350000 0.459375 0.354167 0.464062 0.362500 0.468750 0.368750 0.489063 0.393750 0.498437 0.404167 0.506250 0.410417 0.521875 0.429167 0.528125 0.437500 0.529687 0.439583 0.537500 0.452083 0.546875 0.460417 0.550000 0.464583 0.556250 0.475000 0.560937 0.477083 0.565625 0.472917 0.570312 0.464583 0.571875 0.464583 0.578125 0.456250 0.589063 0.439583 0.589063 0.437500 0.603125 0.418750 0.614062 0.402083 0.632812 0.370833 0.635938 0.362500 0.640625 0.354167 0.657813 0.331250 0.664062 0.320833 0.671875 0.306250 0.675000 0.300000 0.676562 0.295833 0.676562 0.285417 0.675000 0.281250 0.671875 0.275000 0.659375 0.258333 0.651563 0.254167 0.642188 0.243750 0.628125 0.225000 0.618750 0.214583 0.612500 0.210417 0.603125 0.200000 0.582812 0.172917 0.576562 0.168750 0.573438 0.168750
