     aq  ar  ba  bi  bo  br  bs  bt   c  ca  cc  ch  ck  cl  cm  cn  cr  ct  cz  fm  fn  ft  fz   g  gr  ke  ln  lq  lr  mi  mr  mv  ol  pa  pe  pf  pi  qc  qp   r  sa  sg  sl  sp  st  tb  td  tl  tn  to  tr  tz  uo  yo
aq    1   1   1   0   0   1   0   1   1   1   1   1   0   1   1   1   1   1   0   1   1   0   1   1   0   1   1   1   1   1   1   1   1   1   0   1   1   0   0   1   1   1   1   1   1   1   1   0   1   1   1   1   1   1
ar    1   1   0   0   1   1   1   1   1   1   1   1   1   1   1   1   1   1   0   1   1   0   1   1   0   1   1   0   1   1   1   1   1   1   1   1   1   0   0   1   1   1   1   0   0   1   1   0   0   1   0   1   1   1
ba    1   0   1   1   0   1   0   1   1   1   0   1   0   1   1   0   1   1   1   1   0   0   1   1   0   0   0   0   0   1   1   0   1   1   0   0   1   0   1   1   0   1   1   0   1   0   1   0   1   1   1   0   1   0
bi    0   0   1   1   1   0   0   0   0   0   1   1   0   0   1   0   0   1   1   1   0   0   0   1   1   0   1   0   0   1   0   0   0   1   1   0   0   1   0   0   1   1   1   0   1   1   1   0   1   0   0   0   1   0
bo    0   1   0   1   1   1   1   1   0   1   1   1   1   1   1   0   0   1   1   1   1   0   1   1   1   1   1   1   1   1   1   1   1   1   1   1   1   1   0   1   1   1   0   1   1   1   1   1   1   0   1   1   1   1
br    1   1   1   0   1   1   1   1   1   1   1   1   1   1   1   1   1   1   1   1   1   0   1   1   1   0   1   1   1   1   1   1   1   1   0   1   1   0   0   1   1   1   1   1   1   1   1   0   0   1   0   1   1   1
bs    0   1   0   0   1   1   1   0   0   1   0   0   0   1   0   0   0   1   0   1   1   1   0   1   1   0   1   0   0   1   1   0   1   1   1   1   0   0   0   1   1   0   0   0   0   0   1   1   0   0   1   0   0   0
bt    1   1   1   0   1   1   0   1   0   1   1   1   1   1   1   1   1   1   0   1   1   1   1   1   0   0   1   0   1   1   1   1   0   1   1   1   1   1   0   1   0   1   1   0   1   1   1   0   1   1   1   1   1   0
c     1   1   1   0   0   1   0   0   1   1   1   1   0   0   1   1   1   1   0   1   1   1   1   1   1   1   0   0   0   1   1   0   1   1   1   1   1   1   1   1   0   1   1   1   1   1   1   0   0   1   1   0   1   1
ca    1   1   1   0   1   1   1   1   1   1   1   1   1   1   1   1   1   1   1   1   1   1   1   1   1   1   1   0   1   1   1   1   1   1   1   1   1   1   0   1   1   1   1   1   1   1   1   0   1   1   1   0   1   1
cc    1   1   0   1   1   1   0   1   1   1   1   1   0   0   1   1   0   1   0   1   1   1   1   1   1   1   1   0   1   1   1   0   1   1   1   1   1   1   1   1   1   1   1   0   0   1   1   0   1   1   1   0   1   1
ch    1   1   1   1   1   1   0   1   1   1   1   1   1   1   1   1   1   1   1   1   1   1   1   1   1   1   1   0   1   1   1   1   1   1   1   1   0   1   1   1   1   1   1   1   1   1   1   0   1   1   1   1   1   0
ck    0   1   0   0   1   1   0   1   0   1   0   1   1   0   1   1   1   1   1   1   1   1   1   1   1   0   1   0   1   1   1   1   1   1   1   1   1   1   0   1   0   1   1   1   1   1   1   0   1   1   1   1   0   1
cl    1   1   1   0   1   1   1   1   0   1   0   1   0   1   0   1   1   1   1   1   1   1   1   1   1   0   1   0   1   0   1   1   1   1   1   1   1   0   0   1   1   1   0   1   1   1   0   1   0   1   1   0   1   0
cm    1   1   1   1   1   1   0   1   1   1   1   1   1   0   1   0   1   1   1   1   1   1   1   1   1   1   1   0   1   1   1   1   1   1   0   1   1   0   1   1   0   1   1   1   1   1   1   0   1   1   1   1   1   1
cn    1   1   0   0   0   1   0   1   1   1   1   1   1   1   0   1   0   1   0   0   1   0   1   1   0   1   1   1   0   1   0   0   1   1   1   0   1   1   0   1   0   1   1   1   1   1   0   0   0   1   1   0   0   0
cr    1   1   1   0   0   1   0   1   1   1   0   1   1   1   1   0   1   1   0   1   1   0   1   1   1   0   1   0   0   0   0   1   1   1   1   1   1   0   1   1   1   1   1   0   0   1   1   0   0   1   1   1   1   0
ct    1   1   1   1   1   1   1   1   1   1   1   1   1   1   1   1   1   1   1   1   1   1   1   1   1   1   1   0   1   1   1   1   1   1   1   1   1   1   1   1   1   1   1   1   1   1   1   1   1   1   1   1   1   1
cz    0   0   1   1   1   1   0   0   0   1   0   1   1   1   1   0   0   1   1   1   1   1   0   1   0   0   0   0   1   1   1   1   1   1   0   1   0   0   0   1   0   1   1   1   1   0   1   0   0   0   1   1   1   0
fm    1   1   1   1   1   1   1   1   1   1   1   1   1   1   1   0   1   1   1   1   0   0   1   1   1   1   1   0   1   1   1   1   1   1   1   1   1   1   1   1   1   1   1   1   1   1   1   1   1   1   1   1   1   1
fn    1   1   0   0   1   1   1   1   1   1   1   1   1   1   1   1   1   1   1   0   1   0   1   1   1   1   1   1   0   1   1   1   1   1   1   1   1   1   0   1   1   1   1   1   1   1   1   0   0   1   1   1   1   1
ft    0   0   0   0   0   0   1   1   1   1   1   1   1   1   1   0   0   1   1   0   0   1   1   1   1   0   1   0   1   0   1   1   1   1   1   1   1   0   1   1   1   1   1   1   1   1   0   0   1   1   1   0   1   0
fz    1   1   1   0   1   1   0   1   1   1   1   1   1   1   1   1   1   1   0   1   1   1   1   1   1   1   1   1   1   1   1   1   1   1   1   1   1   1   1   1   1   1   1   1   1   1   1   0   1   1   1   0   1   1
g     1   1   1   1   1   1   1   1   1   1   1   1   1   1   1   1   1   1   1   1   1   1   1   1   1   1   1   1   1   1   1   1   1   1   1   1   1   1   1   0   1   1   1   1   1   1   1   0   1   1   1   1   1   1
gr    0   0   0   1   1   1   1   0   1   1   1   1   1   1   1   0   1   1   0   1   1   1   1   1   1   0   1   0   0   1   1   1   1   1   1   0   1   1   1   1   1   0   1   1   1   1   1   0   1   1   1   0   1   0
ke    1   1   0   0   1   0   0   0   1   1   1   1   0   0   1   1   0   1   0   1   1   0   1   1   0   1   0   0   1   1   1   0   1   1   1   1   1   1   0   1   1   1   1   1   1   1   0   0   0   0   1   0   1   1
ln    1   1   0   1   1   1   1   1   0   1   1   1   1   1   1   1   1   1   0   1   1   1   1   1   1   0   1   1   0   1   1   1   1   1   1   1   1   1   0   1   1   1   1   1   1   1   1   0   1   1   1   1   0   0
lq    1   0   0   0   1   1   0   0   0   0   0   0   0   0   0   1   0   0   0   0   1   0   1   1   0   0   1   1   0   0   0   0   0   1   0   1   1   0   0   0   1   0   1   1   1   1   0   0   0   0   0   1   0   0
lr    1   1   0   0   1   1   0   1   0   1   1   1   1   1   1   0   0   1   1   1   0   1   1   1   0   1   0   0   1   0   1   1   1   1   1   1   1   1   0   1   1   1   1   1   1   1   1   0   0   0   1   1   1   1
mi    1   1   1   1   1   1   1   1   1   1   1   1   1   0   1   1   0   1   1   1   1   0   1   1   1   1   1   0   0   1   1   0   1   1   1   1   1   1   0   1   1   1   1   0   1   1   1   0   1   1   0   0   1   1
mr    1   1   1   0   1   1   1   1   1   1   1   1   1   1   1   0   0   1   1   1   1   1   1   1   1   1   1   0   1   1   1   1   1   1   1   1   1   0   0   1   1   1   0   1   1   0   1   0   0   1   1   1   1   1
mv    1   1   0   0   1   1   0   1   0   1   0   1   1   1   1   0   1   1   1   1   1   1   1   1   1   0   1   0   1   0   1   1   1   1   0   1   0   0   0   1   1   1   1   1   1   0   1   0   0   0   1   1   1   0
ol    1   1   1   0   1   1   1   0   1   1   1   1   1   1   1   1   1   1   1   1   1   1   1   1   1   1   1   0   1   1   1   1   1   1   0   1   1   0   1   1   1   1   1   1   1   1   1   0   0   1   1   1   1   1
pa    1   1   1   1   1   1   1   1   1   1   1   1   1   1   1   1   1   1   1   1   1   1   1   1   1   1   1   1   1   1   1   1   1   1   1   1   1   1   1   1   1   1   1   1   1   1   1   0   1   1   1   1   1   1
pe    0   1   0   1   1   0   1   1   1   1   1   1   1   1   0   1   1   1   0   1   1   1   1   1   1   1   1   0   1   1   1   0   0   1   1   1   1   1   0   1   1   0   0   1   1   1   1   1   1   0   1   0   0   0
pf    1   1   0   0   1   1   1   1   1   1   1   1   1   1   1   0   1   1   1   1   1   1   1   1   0   1   1   1   1   1   1   1   1   1   1   1   1   1   0   1   1   1   0   1   1   1   1   0   0   1   1   1   1   1
pi    1   1   1   0   1   1   0   1   1   1   1   0   1   1   1   1   1   1   0   1   1   1   1   1   1   1   1   1   1   1   1   0   1   1   1   1   1   1   1   1   1   1   1   1   1   1   1   0   1   0   1   0   1   1
qc    0   0   0   1   1   0   0   1   1   1   1   1   1   0   0   1   0   1   0   1   1   0   1   1   1   1   1   0   1   1   0   0   0   1   1   1   1   1   0   1   1   0   0   1   1   1   1   0   1   0   1   0   0   0
qp    0   0   1   0   0   0   0   0   1   0   1   1   0   0   1   0   1   1   0   1   0   1   1   1   1   0   0   0   0   0   0   0   1   1   0   0   1   0   1   1   0   1   1   0   0   0   0   0   0   1   1   0   1   0
r     1   1   1   0   1   1   1   1   1   1   1   1   1   1   1   1   1   1   1   1   1   1   1   0   1   1   1   0   1   1   1   1   1   1   1   1   1   1   1   1   1   1   1   1   1   1   1   1   1   1   1   1   1   1
sa    1   1   0   1   1   1   1   0   0   1   1   1   0   1   0   0   1   1   0   1   1   1   1   1   1   1   1   1   1   1   1   1   1   1   1   1   1   1   0   1   1   0   1   0   1   1   1   1   1   0   1   1   0   1
sg    1   1   1   1   1   1   0   1   1   1   1   1   1   1   1   1   1   1   1   1   1   1   1   1   0   1   1   0   1   1   1   1   1   1   0   1   1   0   1   1   0   1   1   1   1   1   1   0   1   1   1   1   1   1
sl    1   1   1   1   0   1   0   1   1   1   1   1   1   0   1   1   1   1   1   1   1   1   1   1   1   1   1   1   1   1   0   1   1   1   0   0   1   0   1   1   1   1   1   1   1   1   1   0   1   1   1   0   1   0
sp    1   0   0   0   1   1   0   0   1   1   0   1   1   1   1   1   0   1   1   1   1   1   1   1   1   1   1   1   1   0   1   1   1   1   1   1   1   1   0   1   0   1   1   1   1   1   0   0   1   1   1   0   1   0
st    1   0   1   1   1   1   0   1   1   1   0   1   1   1   1   1   0   1   1   1   1   1   1   1   1   1   1   1   1   1   1   1   1   1   1   1   1   1   0   1   1   1   1   1   1   1   1   0   1   0   1   1   1   0
tb    1   1   0   1   1   1   0   1   1   1   1   1   1   1   1   1   1   1   0   1   1   1   1   1   1   1   1   1   1   1   0   0   1   1   1   1   1   1   0   1   1   1   1   1   1   1   0   0   1   1   0   1   0   1
td    1   1   1   1   1   1   1   1   1   1   1   1   1   0   1   0   1   1   1   1   1   0   1   1   1   0   1   0   1   1   1   1   1   1   1   1   1   1   0   1   1   1   1   0   1   0   1   0   1   1   0   1   1   1
tl    0   0   0   0   1   0   1   0   0   0   0   0   0   1   0   0   0   1   0   1   0   0   0   0   0   0   0   0   0   0   0   0   0   0   1   0   0   0   0   1   1   0   0   0   0   0   0   1   0   0   1   0   0   0
tn    1   0   1   1   1   0   0   1   0   1   1   1   1   0   1   0   0   1   0   1   0   1   1   1   1   0   1   0   0   1   0   0   0   1   1   0   1   1   0   1   1   1   1   1   1   1   1   0   1   1   1   0   1   0
to    1   1   1   0   0   1   0   1   1   1   1   1   1   1   1   1   1   1   0   1   1   1   1   1   1   0   1   0   0   1   1   0   1   1   0   1   0   0   1   1   0   1   1   1   0   1   1   0   1   1   1   1   1   0
tr    1   0   1   0   1   0   1   1   1   1   1   1   1   1   1   1   1   1   1   1   1   1   1   1   1   1   1   0   1   0   1   1   1   1   1   1   1   1   1   1   1   1   1   1   1   0   0   1   1   1   1   0   1   0
tz    1   1   0   0   1   1   0   1   0   0   0   1   1   0   1   0   1   1   1   1   1   0   0   1   0   0   1   1   1   0   1   1   1   1   0   1   0   0   0   1   1   1   0   0   1   1   1   0   0   1   0   1   1   1
uo    1   1   1   1   1   1   0   1   1   1   1   1   0   1   1   0   1   1   1   1   1   1   1   1   1   1   0   0   1   1   1   1   1   1   0   1   1   0   1   1   0   1   1   1   1   0   1   0   1   1   1   1   1   1
yo    1   1   0   0   1   1   0   0   1   1   1   0   1   0   1   0   0   1   0   1   1   0   1   1   0   1   0   0   1   1   1   0   1   1   0   1   1   0   0   1   1   1   0   0   0   1   1   0   0   0   0   1   1   1