0 0.368750 0.154167 0.357812 0.156250 0.350000 0.158333 0.345313 0.160417 0.342187 0.162500 0.337500 0.168750 0.335938 0.172917 0.335938 0.177083 0.328125 0.193750 0.320312 0.218750 0.318750 0.225000 0.318750 0.231250 0.320312 0.237500 0.321875 0.241667 0.325000 0.247917 0.329688 0.252083 0.335938 0.254167 0.342187 0.256250 0.350000 0.258333 0.357812 0.258333 0.360938 0.256250 0.364063 0.254167 0.368750 0.247917 0.371875 0.237500 0.376563 0.231250 0.378125 0.227083 0.378125 0.216667 0.381250 0.202083 0.382812 0.195833 0.385937 0.185417 0.393750 0.170833 0.395313 0.166667 0.395313 0.160417 0.390625 0.154167 0.368750 0.154167
13 0.654687 0.306250 0.646875 0.308333 0.635938 0.312500 0.628125 0.316667 0.618750 0.322917 0.612500 0.329167 0.604688 0.337500 0.598437 0.345833 0.593750 0.354167 0.589063 0.364583 0.581250 0.387500 0.579688 0.395833 0.578125 0.404167 0.576562 0.422917 0.578125 0.439583 0.579688 0.450000 0.581250 0.458333 0.585938 0.470833 0.592187 0.481250 0.592187 0.485417 0.596875 0.493750 0.609375 0.510417 0.623437 0.520833 0.628125 0.520833 0.634375 0.527083 0.637500 0.529167 0.653125 0.535417 0.660937 0.537500 0.670312 0.537500 0.671875 0.535417 0.682813 0.535417 0.696875 0.529167 0.704688 0.525000 0.707812 0.522917 0.712500 0.518750 0.723437 0.508333 0.729688 0.500000 0.729688 0.497917 0.737500 0.487500 0.740625 0.481250 0.743750 0.475000 0.745313 0.470833 0.750000 0.456250 0.751563 0.447917 0.753125 0.437500 0.753125 0.410417 0.751563 0.400000 0.750000 0.389583 0.746875 0.379167 0.737500 0.354167 0.718750 0.329167 0.714063 0.325000 0.707812 0.320833 0.698438 0.314583 0.684375 0.308333 0.676562 0.306250 0.654687 0.306250
0 0.535937 0.433333 0.529687 0.437500 0.521875 0.439583 0.510938 0.439583 0.501563 0.441667 0.496875 0.443750 0.493750 0.445833 0.485938 0.454167 0.482812 0.454167 0.475000 0.460417 0.464062 0.468750 0.457813 0.475000 0.456250 0.477083 0.454688 0.481250 0.453125 0.487500 0.446875 0.497917 0.445312 0.502083 0.445312 0.537500 0.446875 0.545833 0.448437 0.552083 0.450000 0.556250 0.456250 0.564583 0.460938 0.566667 0.467187 0.575000 0.479687 0.585417 0.482812 0.585417 0.490625 0.591667 0.503125 0.604167 0.526563 0.622917 0.553125 0.643750 0.564063 0.650000 0.570312 0.658333 0.575000 0.660417 0.589063 0.664583 0.598437 0.664583 0.604688 0.660417 0.607812 0.656250 0.610938 0.647917 0.614062 0.635417 0.617188 0.629167 0.625000 0.620833 0.626563 0.618750 0.628125 0.614583 0.631250 0.604167 0.634375 0.600000 0.639062 0.587500 0.639062 0.547917 0.637500 0.537500 0.635938 0.533333 0.631250 0.531250 0.609375 0.516667 0.596875 0.502083 0.595313 0.495833 0.589063 0.487500 0.582812 0.472917 0.582812 0.468750 0.579688 0.464583 0.567187 0.466667 0.560937 0.466667 0.554688 0.464583 0.548438 0.462500 0.543750 0.460417 0.540625 0.456250 0.540625 0.450000 0.542188 0.441667 0.543750 0.439583 0.542188 0.433333 0.535937 0.433333
0 0.401562 0.168750 0.398438 0.168750 0.392188 0.177083 0.389062 0.183333 0.387500 0.187500 0.385937 0.191667 0.384375 0.197917 0.382812 0.204167 0.381250 0.212500 0.379688 0.220833 0.379688 0.241667 0.381250 0.275000 0.382812 0.295833 0.384375 0.310417 0.390625 0.333333 0.390625 0.341667 0.392188 0.347917 0.393750 0.352083 0.396875 0.358333 0.401562 0.366667 0.406250 0.375000 0.414062 0.385417 0.417187 0.387500 0.426563 0.389583 0.432812 0.387500 0.435937 0.385417 0.439063 0.383333 0.440625 0.381250 0.442188 0.377083 0.443750 0.370833 0.443750 0.356250 0.442188 0.339583 0.440625 0.329167 0.435937 0.314583 0.435937 0.304167 0.432812 0.295833 0.431250 0.285417 0.429688 0.262500 0.429688 0.202083 0.428125 0.187500 0.425000 0.181250 0.420312 0.175000 0.415625 0.170833 0.410938 0.168750 0.404687 0.166667 0.401562 0.168750
3 0.771875 0.381250 0.770312 0.381250 0.768750 0.383333 0.767188 0.387500 0.764062 0.383333 0.759375 0.385417 0.757812 0.391667 0.756250 0.408333 0.756250 0.435417 0.753125 0.456250 0.753125 0.500000 0.754687 0.510417 0.756250 0.516667 0.759375 0.522917 0.762500 0.529167 0.768750 0.537500 0.770312 0.541667 0.771875 0.545833 0.773438 0.554167 0.773438 0.585417 0.771875 0.614583 0.768750 0.641667 0.767188 0.677083 0.765625 0.741667 0.765625 0.770833 0.767188 0.829167 0.768750 0.854167 0.770312 0.872917 0.773438 0.883333 0.792188 0.881250 0.793750 0.870833 0.793750 0.829167 0.792188 0.806250 0.793750 0.789583 0.792188 0.777083 0.793750 0.768750 0.793750 0.764583 0.792188 0.693750 0.790625 0.654167 0.787500 0.579167 0.785937 0.577083 0.785937 0.543750 0.787500 0.537500 0.795312 0.516667 0.796875 0.510417 0.798438 0.391667 0.798438 0.383333 0.792188 0.381250 0.790625 0.387500 0.787500 0.383333 0.787500 0.381250 0.782813 0.381250 0.781250 0.381250 0.779687 0.383333 0.778125 0.387500 0.775000 0.379167 0.771875 0.381250
0 0.445312 0.152083 0.435937 0.158333 0.432812 0.162500 0.431250 0.168750 0.429688 0.179167 0.429688 0.187500 0.431250 0.202083 0.435937 0.225000 0.439063 0.252083 0.440625 0.272917 0.440625 0.304167 0.442188 0.327083 0.443750 0.341667 0.445312 0.352083 0.448437 0.362500 0.456250 0.372917 0.459375 0.375000 0.468750 0.375000 0.471875 0.372917 0.479687 0.362500 0.481250 0.358333 0.482812 0.354167 0.484375 0.347917 0.484375 0.329167 0.487500 0.325000 0.489063 0.320833 0.489063 0.316667 0.489063 0.289583 0.489063 0.283333 0.487500 0.275000 0.484375 0.264583 0.485938 0.252083 0.484375 0.241667 0.481250 0.227083 0.479687 0.216667 0.481250 0.208333 0.479687 0.200000 0.478125 0.193750 0.475000 0.187500 0.473438 0.181250 0.471875 0.166667 0.470313 0.162500 0.465625 0.156250 0.462500 0.154167 0.459375 0.152083 0.445312 0.152083
0 0.615625 0.116667 0.609375 0.118750 0.601562 0.122917 0.598437 0.125000 0.590625 0.133333 0.587500 0.133333 0.582812 0.137500 0.578125 0.143750 0.573438 0.152083 0.568750 0.160417 0.565625 0.168750 0.557813 0.189583 0.556250 0.195833 0.554688 0.206250 0.554688 0.237500 0.556250 0.247917 0.557813 0.254167 0.559375 0.260417 0.560937 0.264583 0.562500 0.268750 0.565625 0.275000 0.579688 0.295833 0.582812 0.300000 0.587500 0.304167 0.596875 0.310417 0.601562 0.312500 0.606250 0.314583 0.612500 0.316667 0.621875 0.316667 0.626563 0.314583 0.635938 0.308333 0.645312 0.304167 0.653125 0.302083 0.668750 0.302083 0.673438 0.300000 0.676562 0.297917 0.681250 0.287500 0.687500 0.281250 0.690625 0.277083 0.693750 0.270833 0.698438 0.260417 0.700000 0.256250 0.701562 0.250000 0.703125 0.243750 0.704688 0.235417 0.704688 0.200000 0.703125 0.187500 0.698438 0.172917 0.696875 0.168750 0.695312 0.164583 0.692187 0.158333 0.687500 0.150000 0.679688 0.137500 0.675000 0.131250 0.673438 0.131250 0.667188 0.122917 0.659375 0.118750 0.653125 0.116667 0.615625 0.116667
0 0.284375 0.537500 0.276562 0.543750 0.273438 0.543750 0.267188 0.539583 0.262500 0.539583 0.256250 0.541667 0.251563 0.543750 0.240625 0.556250 0.234375 0.566667 0.225000 0.566667 0.223438 0.564583 0.214062 0.564583 0.207813 0.568750 0.201563 0.579167 0.200000 0.587500 0.198437 0.593750 0.196875 0.608333 0.192188 0.622917 0.192188 0.635417 0.193750 0.639583 0.195312 0.643750 0.217188 0.645833 0.228125 0.660417 0.229687 0.664583 0.229687 0.668750 0.231250 0.672917 0.235937 0.679167 0.240625 0.683333 0.243750 0.685417 0.248438 0.687500 0.264062 0.687500 0.270313 0.697917 0.273438 0.700000 0.276562 0.702083 0.282813 0.702083 0.289062 0.704167 0.295312 0.708333 0.310937 0.718750 0.325000 0.731250 0.329688 0.735417 0.335938 0.735417 0.342187 0.743750 0.343750 0.747917 0.343750 0.752083 0.346875 0.758333 0.354687 0.768750 0.354687 0.772917 0.356250 0.777083 0.362500 0.783333 0.368750 0.787500 0.371875 0.785417 0.375000 0.783333 0.379688 0.779167 0.385937 0.770833 0.390625 0.766667 0.395313 0.766667 0.398438 0.772917 0.406250 0.772917 0.409375 0.770833 0.412500 0.768750 0.417187 0.762500 0.420312 0.756250 0.421875 0.752083 0.423438 0.747917 0.423438 0.739583 0.421875 0.729167 0.420312 0.725000 0.414062 0.710417 0.407813 0.700000 0.400000 0.689583 0.395313 0.677083 0.375000 0.652083 0.370312 0.645833 0.368750 0.641667 0.365625 0.629167 0.364063 0.618750 0.360938 0.608333 0.359375 0.604167 0.357812 0.600000 0.345313 0.581250 0.343750 0.579167 0.334375 0.568750 0.331250 0.568750 0.321875 0.556250 0.317188 0.552083 0.314063 0.550000 0.306250 0.545833 0.298438 0.541667 0.293750 0.539583 0.289062 0.537500 0.284375 0.537500
0 0.626563 0.622917 0.620313 0.629167 0.617188 0.635417 0.615625 0.639583 0.614062 0.647917 0.610938 0.647917 0.609375 0.660417 0.604688 0.662500 0.600000 0.670833 0.595313 0.672917 0.590625 0.670833 0.587500 0.666667 0.582812 0.664583 0.570312 0.662500 0.567187 0.660417 0.562500 0.654167 0.557813 0.652083 0.553125 0.645833 0.532813 0.631250 0.528125 0.627083 0.518750 0.627083 0.515625 0.629167 0.509375 0.635417 0.500000 0.652083 0.495312 0.660417 0.493750 0.666667 0.492188 0.672917 0.490625 0.687500 0.490625 0.691667 0.492188 0.725000 0.496875 0.743750 0.500000 0.754167 0.503125 0.760417 0.506250 0.766667 0.512500 0.777083 0.514062 0.779167 0.520312 0.785417 0.525000 0.789583 0.537500 0.797917 0.546875 0.802083 0.560937 0.808333 0.573438 0.810417 0.592187 0.810417 0.598437 0.808333 0.604688 0.802083 0.607812 0.800000 0.621875 0.793750 0.625000 0.791667 0.628125 0.787500 0.629687 0.787500 0.631250 0.785417 0.637500 0.775000 0.642188 0.762500 0.648438 0.754167 0.653125 0.745833 0.654687 0.741667 0.656250 0.737500 0.657813 0.731250 0.659375 0.714583 0.659375 0.704167 0.657813 0.687500 0.653125 0.679167 0.651563 0.664583 0.648438 0.656250 0.643750 0.643750 0.631250 0.625000 0.626563 0.622917
0 0.234375 0.747917 0.229687 0.756250 0.223438 0.762500 0.220312 0.764583 0.214062 0.766667 0.209375 0.766667 0.207813 0.764583 0.200000 0.762500 0.192188 0.762500 0.187500 0.768750 0.184375 0.779167 0.187500 0.783333 0.195312 0.789583 0.203125 0.793750 0.212500 0.802083 0.217188 0.806250 0.220312 0.810417 0.221875 0.818750 0.223438 0.822917 0.234375 0.825000 0.237500 0.822917 0.243750 0.814583 0.246875 0.802083 0.251563 0.793750 0.253125 0.789583 0.254688 0.783333 0.253125 0.777083 0.250000 0.770833 0.243750 0.760417 0.243750 0.756250 0.245312 0.745833 0.234375 0.747917
0 0.301563 0.247917 0.300000 0.252083 0.298438 0.256250 0.296875 0.262500 0.296875 0.270833 0.298438 0.277083 0.304688 0.293750 0.309375 0.304167 0.315625 0.314583 0.329688 0.333333 0.332813 0.335417 0.351562 0.343750 0.359375 0.343750 0.364063 0.341667 0.368750 0.337500 0.371875 0.333333 0.371875 0.331250 0.376563 0.325000 0.378125 0.320833 0.379688 0.316667 0.381250 0.310417 0.381250 0.283333 0.378125 0.270833 0.373437 0.268750 0.362500 0.266667 0.356250 0.264583 0.351562 0.260417 0.346875 0.258333 0.339062 0.256250 0.331250 0.254167 0.321875 0.254167 0.315625 0.252083 0.310937 0.247917 0.301563 0.247917
7 0.059375 0.089583 0.048438 0.091667 0.039062 0.095833 0.029687 0.102083 0.025000 0.104167 0.015625 0.102083 0.009375 0.104167 0.003125 0.106250 0.000000 0.108333 0.000000 0.220833 0.003125 0.231250 0.007812 0.239583 0.014063 0.250000 0.025000 0.264583 0.031250 0.270833 0.035937 0.275000 0.040625 0.279167 0.050000 0.285417 0.064062 0.291667 0.076563 0.293750 0.081250 0.295833 0.084375 0.300000 0.087500 0.302083 0.100000 0.304167 0.106250 0.306250 0.115625 0.310417 0.125000 0.314583 0.129688 0.316667 0.132812 0.320833 0.150000 0.331250 0.156250 0.333333 0.165625 0.335417 0.182812 0.335417 0.189062 0.333333 0.192188 0.331250 0.195312 0.329167 0.212500 0.316667 0.223438 0.308333 0.229687 0.297917 0.231250 0.289583 0.231250 0.275000 0.229687 0.264583 0.225000 0.235417 0.223438 0.229167 0.221875 0.222917 0.217188 0.210417 0.214062 0.204167 0.200000 0.185417 0.195312 0.181250 0.190625 0.177083 0.182812 0.172917 0.175000 0.164583 0.156250 0.143750 0.150000 0.137500 0.145313 0.133333 0.142187 0.133333 0.139063 0.131250 0.125000 0.114583 0.120313 0.110417 0.112500 0.104167 0.103125 0.097917 0.098437 0.095833 0.093750 0.093750 0.087500 0.091667 0.075000 0.089583 0.059375 0.089583
0 0.165625 0.647917 0.162500 0.650000 0.159375 0.652083 0.151562 0.662500 0.148438 0.672917 0.150000 0.700000 0.153125 0.702083 0.157812 0.702083 0.164062 0.710417 0.168750 0.718750 0.171875 0.729167 0.181250 0.741667 0.184375 0.743750 0.190625 0.745833 0.201563 0.747917 0.212500 0.745833 0.225000 0.750000 0.231250 0.747917 0.235937 0.743750 0.245312 0.731250 0.250000 0.729167 0.253125 0.720833 0.254688 0.708333 0.253125 0.704167 0.251563 0.700000 0.246875 0.691667 0.245312 0.689583 0.242188 0.687500 0.232813 0.681250 0.225000 0.679167 0.226562 0.662500 0.225000 0.658333 0.218750 0.650000 0.215625 0.647917 0.207813 0.647917 0.198437 0.656250 0.195312 0.652083 0.190625 0.650000 0.184375 0.647917 0.165625 0.647917
0 0.307812 0.727083 0.300000 0.731250 0.295312 0.735417 0.289062 0.743750 0.289062 0.747917 0.285938 0.752083 0.282813 0.752083 0.268750 0.741667 0.264062 0.739583 0.257812 0.739583 0.251563 0.743750 0.248438 0.747917 0.246875 0.754167 0.246875 0.762500 0.248438 0.766667 0.253125 0.772917 0.254688 0.777083 0.256250 0.781250 0.256250 0.789583 0.250000 0.800000 0.243750 0.816667 0.243750 0.825000 0.245312 0.831250 0.248438 0.839583 0.256250 0.847917 0.259375 0.850000 0.267188 0.850000 0.268750 0.852083 0.275000 0.852083 0.278125 0.847917 0.284375 0.837500 0.289062 0.835417 0.300000 0.835417 0.303125 0.833333 0.306250 0.829167 0.312500 0.827083 0.326562 0.808333 0.328125 0.800000 0.329688 0.793750 0.329688 0.785417 0.331250 0.781250 0.334375 0.777083 0.335938 0.770833 0.335938 0.766667 0.334375 0.752083 0.329688 0.743750 0.329688 0.741667 0.328125 0.737500 0.326562 0.735417 0.325000 0.735417 0.317188 0.727083 0.307812 0.727083
0 0.353125 0.345833 0.340625 0.347917 0.328125 0.356250 0.323437 0.362500 0.323437 0.368750 0.325000 0.372917 0.326562 0.377083 0.339062 0.402083 0.345313 0.408333 0.348438 0.410417 0.351562 0.412500 0.359375 0.416667 0.373437 0.422917 0.382812 0.422917 0.384375 0.425000 0.392188 0.425000 0.396875 0.422917 0.400000 0.420833 0.401562 0.418750 0.407813 0.410417 0.410938 0.406250 0.412500 0.402083 0.414062 0.397917 0.414062 0.387500 0.401562 0.370833 0.396875 0.362500 0.393750 0.356250 0.390625 0.350000 0.390625 0.345833 0.387500 0.343750 0.353125 0.345833
6 0.750000 0.475000 0.746875 0.477083 0.743750 0.481250 0.734375 0.495833 0.721875 0.514583 0.717187 0.516667 0.709375 0.527083 0.707812 0.575000 0.707812 0.581250 0.709375 0.585417 0.714063 0.593750 0.720313 0.602083 0.725000 0.610417 0.728125 0.616667 0.731250 0.622917 0.740625 0.647917 0.745313 0.662500 0.748437 0.677083 0.750000 0.685417 0.751563 0.693750 0.753125 0.706250 0.753125 0.741667 0.751563 0.758333 0.750000 0.775000 0.748437 0.787500 0.746875 0.797917 0.743750 0.812500 0.740625 0.822917 0.737500 0.831250 0.732812 0.843750 0.725000 0.856250 0.723437 0.862500 0.718750 0.868750 0.718750 0.877083 0.764062 0.877083 0.767188 0.875000 0.767188 0.850000 0.765625 0.814583 0.764062 0.777083 0.762500 0.775000 0.762500 0.741667 0.764062 0.691667 0.765625 0.654167 0.767188 0.622917 0.770312 0.593750 0.770312 0.552083 0.767188 0.541667 0.765625 0.537500 0.756250 0.522917 0.754687 0.518750 0.751563 0.508333 0.751563 0.491667 0.750000 0.489583 0.750000 0.475000
6 0.800000 0.414583 0.798438 0.431250 0.798438 0.512500 0.796875 0.520833 0.790625 0.535417 0.789062 0.541667 0.789062 0.591667 0.790625 0.629167 0.793750 0.662500 0.795312 0.718750 0.795312 0.877083 0.798438 0.877083 0.800000 0.879167 0.815625 0.879167 0.817187 0.881250 0.832812 0.881250 0.850000 0.883333 0.860938 0.887500 0.868750 0.889583 0.876563 0.887500 0.879687 0.885417 0.881250 0.862500 0.879687 0.820833 0.882812 0.547917 0.881250 0.541667 0.882812 0.527083 0.881250 0.431250 0.878125 0.420833 0.875000 0.416667 0.871875 0.414583 0.846875 0.412500 0.800000 0.414583
