0 0.423438 0.156250 0.420312 0.158333 0.418750 0.160417 0.418750 0.162500 0.415625 0.166667 0.407813 0.168750 0.404687 0.172917 0.401562 0.175000 0.395313 0.175000 0.392188 0.177083 0.387500 0.183333 0.389062 0.195833 0.387500 0.202083 0.384375 0.204167 0.379688 0.204167 0.371875 0.214583 0.365625 0.216667 0.362500 0.220833 0.360938 0.225000 0.360938 0.237500 0.362500 0.262500 0.359375 0.268750 0.359375 0.279167 0.360938 0.283333 0.364063 0.287500 0.364063 0.295833 0.367188 0.302083 0.367188 0.306250 0.365625 0.310417 0.368750 0.320833 0.370312 0.320833 0.375000 0.325000 0.376563 0.327083 0.379688 0.335417 0.384375 0.343750 0.393750 0.354167 0.395313 0.360417 0.396875 0.364583 0.398438 0.366667 0.401562 0.368750 0.406250 0.370833 0.410938 0.368750 0.415625 0.370833 0.420312 0.372917 0.426563 0.381250 0.431250 0.383333 0.439063 0.383333 0.440625 0.381250 0.446875 0.381250 0.470313 0.383333 0.473438 0.381250 0.476562 0.377083 0.482812 0.375000 0.485938 0.372917 0.487500 0.370833 0.487500 0.368750 0.490625 0.364583 0.493750 0.364583 0.501563 0.354167 0.503125 0.347917 0.507812 0.345833 0.514062 0.337500 0.515625 0.333333 0.515625 0.329167 0.518750 0.325000 0.520312 0.325000 0.523438 0.320833 0.525000 0.314583 0.525000 0.293750 0.528125 0.287500 0.528125 0.270833 0.526563 0.258333 0.523438 0.252083 0.523438 0.243750 0.521875 0.235417 0.517188 0.229167 0.515625 0.225000 0.512500 0.214583 0.512500 0.204167 0.510938 0.200000 0.506250 0.193750 0.489063 0.193750 0.482812 0.185417 0.481250 0.177083 0.476562 0.170833 0.473438 0.170833 0.470313 0.168750 0.467187 0.164583 0.467187 0.162500 0.464062 0.158333 0.460938 0.156250 0.457813 0.156250 0.456250 0.158333 0.443750 0.162500 0.439063 0.162500 0.435937 0.160417 0.432812 0.156250 0.423438 0.156250
11 0.801562 0.075000 0.796875 0.077083 0.787500 0.083333 0.781250 0.091667 0.778125 0.093750 0.773438 0.089583 0.753125 0.089583 0.745313 0.091667 0.740625 0.093750 0.732812 0.097917 0.729688 0.100000 0.726562 0.102083 0.720313 0.108333 0.703125 0.131250 0.700000 0.139583 0.695312 0.150000 0.689063 0.168750 0.684375 0.177083 0.676562 0.187500 0.668750 0.202083 0.664062 0.214583 0.662500 0.220833 0.660937 0.229167 0.660937 0.247917 0.662500 0.256250 0.664062 0.262500 0.668750 0.275000 0.671875 0.281250 0.678125 0.289583 0.682813 0.293750 0.685937 0.295833 0.693750 0.300000 0.698438 0.302083 0.703125 0.304167 0.709375 0.306250 0.721875 0.306250 0.728125 0.304167 0.732812 0.300000 0.742188 0.297917 0.746875 0.295833 0.750000 0.293750 0.753125 0.291667 0.764062 0.281250 0.778125 0.270833 0.795312 0.260417 0.801562 0.254167 0.815625 0.235417 0.820312 0.227083 0.821875 0.222917 0.823438 0.216667 0.826562 0.202083 0.828125 0.193750 0.826562 0.168750 0.828125 0.164583 0.829688 0.160417 0.832812 0.154167 0.837500 0.147917 0.843750 0.131250 0.843750 0.104167 0.839063 0.091667 0.831250 0.081250 0.828125 0.079167 0.825000 0.077083 0.818750 0.075000 0.801562 0.075000
0 0.498437 0.520833 0.493750 0.529167 0.489063 0.539583 0.473438 0.581250 0.473438 0.585417 0.459375 0.622917 0.451562 0.637500 0.435937 0.679167 0.435937 0.687500 0.439063 0.691667 0.443750 0.695833 0.456250 0.706250 0.459375 0.708333 0.462500 0.710417 0.470313 0.712500 0.479687 0.718750 0.492188 0.729167 0.512500 0.739583 0.525000 0.750000 0.529687 0.752083 0.537500 0.754167 0.546875 0.760417 0.550000 0.764583 0.559375 0.770833 0.570312 0.775000 0.584375 0.785417 0.596875 0.789583 0.600000 0.791667 0.603125 0.789583 0.607812 0.783333 0.610938 0.775000 0.617188 0.760417 0.620313 0.752083 0.625000 0.739583 0.629687 0.718750 0.646875 0.675000 0.650000 0.660417 0.651563 0.656250 0.653125 0.652083 0.659375 0.643750 0.660937 0.637500 0.662500 0.631250 0.662500 0.625000 0.660937 0.620833 0.659375 0.618750 0.650000 0.612500 0.645312 0.606250 0.642188 0.604167 0.639062 0.602083 0.634375 0.600000 0.628125 0.600000 0.617188 0.591667 0.606250 0.587500 0.584375 0.572917 0.568750 0.566667 0.559375 0.560417 0.546875 0.547917 0.535937 0.539583 0.506250 0.518750 0.498437 0.520833
6 0.684375 0.558333 0.684375 0.568750 0.687500 0.575000 0.687500 0.581250 0.690625 0.587500 0.692187 0.597917 0.693750 0.625000 0.693750 0.629167 0.692187 0.658333 0.690625 0.670833 0.687500 0.683333 0.682813 0.702083 0.675000 0.725000 0.670312 0.735417 0.667188 0.741667 0.650000 0.770833 0.639062 0.785417 0.637500 0.793750 0.635938 0.839583 0.635938 0.877083 0.639062 0.879167 0.660937 0.879167 0.679688 0.881250 0.681250 0.883333 0.696875 0.883333 0.696875 0.877083 0.698438 0.875000 0.698438 0.866667 0.695312 0.829167 0.695312 0.752083 0.696875 0.702083 0.700000 0.654167 0.701562 0.602083 0.701562 0.593750 0.700000 0.587500 0.698438 0.581250 0.689063 0.568750 0.684375 0.558333
6 0.812500 0.418750 0.814063 0.425000 0.815625 0.433333 0.820312 0.433333 0.823438 0.437500 0.823438 0.439583 0.828125 0.441667 0.831250 0.443750 0.831250 0.466667 0.829688 0.497917 0.826562 0.514583 0.826562 0.537500 0.825000 0.558333 0.821875 0.572917 0.820312 0.593750 0.820312 0.625000 0.817187 0.650000 0.815625 0.741667 0.815625 0.758333 0.818750 0.864583 0.818750 0.872917 0.809375 0.875000 0.807813 0.887500 0.804688 0.889583 0.768750 0.887500 0.764062 0.889583 0.734375 0.887500 0.732812 0.885417 0.726562 0.885417 0.725000 0.881250 0.725000 0.754167 0.723437 0.714583 0.721875 0.683333 0.720313 0.650000 0.717187 0.622917 0.717187 0.583333 0.725000 0.564583 0.726562 0.558333 0.728125 0.550000 0.728125 0.533333 0.728125 0.458333 0.735938 0.458333 0.735938 0.462500 0.739062 0.493750 0.739062 0.531250 0.742188 0.552083 0.743750 0.595833 0.745313 0.614583 0.746875 0.631250 0.750000 0.645833 0.751563 0.660417 0.751563 0.679167 0.753125 0.695833 0.754687 0.714583 0.759375 0.741667 0.760938 0.760417 0.762500 0.793750 0.765625 0.810417 0.767188 0.827083 0.767188 0.845833 0.768750 0.852083 0.770312 0.858333 0.771875 0.862500 0.779687 0.872917 0.782813 0.875000 0.787500 0.875000 0.793750 0.866667 0.793750 0.839583 0.792188 0.827083 0.790625 0.814583 0.787500 0.804167 0.785937 0.791667 0.785937 0.779167 0.784375 0.766667 0.781250 0.754167 0.779687 0.741667 0.779687 0.725000 0.776563 0.693750 0.775000 0.679167 0.770312 0.656250 0.768750 0.633333 0.770312 0.620833 0.771875 0.614583 0.778125 0.597917 0.779687 0.591667 0.781250 0.581250 0.781250 0.564583 0.779687 0.550000 0.778125 0.539583 0.776563 0.531250 0.775000 0.525000 0.770312 0.508333 0.767188 0.497917 0.764062 0.493750 0.762500 0.485417 0.759375 0.477083 0.753125 0.462500 0.748437 0.456250 0.748437 0.454167 0.745313 0.450000 0.740625 0.450000 0.737500 0.454167 0.735938 0.458333 0.728125 0.458333 0.726562 0.418750 0.812500 0.418750
6 0.645312 0.420833 0.643750 0.425000 0.643750 0.470833 0.645312 0.475000 0.650000 0.483333 0.656250 0.489583 0.660937 0.497917 0.665625 0.506250 0.668750 0.512500 0.679688 0.539583 0.681250 0.545833 0.681250 0.552083 0.681250 0.541667 0.679688 0.539583 0.679688 0.525000 0.682813 0.508333 0.684375 0.489583 0.685937 0.468750 0.685937 0.443750 0.689063 0.422917 0.689063 0.418750 0.645312 0.420833
3 0.693750 0.420833 0.690625 0.422917 0.689063 0.427083 0.689063 0.456250 0.685937 0.479167 0.685937 0.508333 0.682813 0.522917 0.684375 0.545833 0.685937 0.556250 0.690625 0.566667 0.701562 0.581250 0.703125 0.587500 0.703125 0.627083 0.701562 0.685417 0.698438 0.720833 0.696875 0.781250 0.696875 0.787500 0.696875 0.804167 0.698438 0.852083 0.700000 0.900000 0.701562 0.916667 0.703125 0.925000 0.706250 0.929167 0.721875 0.927083 0.723437 0.922917 0.721875 0.812500 0.723437 0.806250 0.723437 0.787500 0.721875 0.739583 0.720313 0.704167 0.717187 0.668750 0.715625 0.633333 0.715625 0.579167 0.723437 0.562500 0.725000 0.554167 0.725000 0.518750 0.723437 0.472917 0.725000 0.422917 0.715625 0.422917 0.714063 0.420833 0.693750 0.420833
0 0.168750 0.622917 0.165625 0.625000 0.162500 0.629167 0.162500 0.631250 0.150000 0.633333 0.145313 0.635417 0.137500 0.641667 0.131250 0.650000 0.128125 0.656250 0.125000 0.662500 0.125000 0.668750 0.121875 0.672917 0.118750 0.675000 0.115625 0.677083 0.109375 0.677083 0.103125 0.679167 0.096875 0.683333 0.093750 0.687500 0.092188 0.691667 0.090625 0.697917 0.089063 0.704167 0.090625 0.712500 0.089063 0.754167 0.089063 0.758333 0.096875 0.768750 0.100000 0.770833 0.106250 0.772917 0.120313 0.775000 0.126562 0.775000 0.137500 0.772917 0.139063 0.772917 0.140625 0.775000 0.140625 0.777083 0.143750 0.781250 0.146875 0.783333 0.154688 0.785417 0.162500 0.785417 0.170313 0.783333 0.175000 0.781250 0.178125 0.777083 0.178125 0.775000 0.181250 0.772917 0.189062 0.783333 0.195312 0.785417 0.200000 0.785417 0.212500 0.781250 0.215625 0.781250 0.229687 0.785417 0.245312 0.785417 0.257812 0.789583 0.267188 0.789583 0.270313 0.789583 0.279687 0.802083 0.287500 0.806250 0.290625 0.810417 0.290625 0.812500 0.292187 0.814583 0.295312 0.816667 0.301563 0.818750 0.309375 0.818750 0.312500 0.814583 0.315625 0.808333 0.318750 0.802083 0.320312 0.795833 0.323437 0.791667 0.323437 0.789583 0.325000 0.787500 0.326562 0.787500 0.329688 0.785417 0.334375 0.791667 0.339062 0.791667 0.345313 0.783333 0.346875 0.779167 0.348438 0.775000 0.350000 0.768750 0.350000 0.752083 0.346875 0.743750 0.343750 0.739583 0.339062 0.737500 0.331250 0.729167 0.312500 0.716667 0.304688 0.706250 0.290625 0.697917 0.285938 0.691667 0.282813 0.689583 0.278125 0.689583 0.270313 0.679167 0.262500 0.664583 0.260937 0.662500 0.251563 0.652083 0.245312 0.645833 0.240625 0.641667 0.239063 0.641667 0.237500 0.637500 0.228125 0.631250 0.218750 0.633333 0.212500 0.629167 0.192188 0.622917 0.168750 0.622917
19 0.843750 0.218750 0.839063 0.220833 0.834375 0.222917 0.825000 0.229167 0.820312 0.233333 0.798438 0.262500 0.793750 0.266667 0.790625 0.266667 0.784375 0.272917 0.779687 0.277083 0.770312 0.289583 0.762500 0.295833 0.760938 0.300000 0.757812 0.304167 0.754687 0.304167 0.751563 0.310417 0.748437 0.320833 0.746875 0.327083 0.746875 0.347917 0.748437 0.354167 0.754687 0.370833 0.762500 0.381250 0.770312 0.389583 0.773438 0.391667 0.778125 0.393750 0.782813 0.395833 0.800000 0.395833 0.806250 0.391667 0.821875 0.389583 0.828125 0.387500 0.835938 0.381250 0.843750 0.379167 0.850000 0.377083 0.864062 0.377083 0.870313 0.375000 0.875000 0.372917 0.884375 0.366667 0.889062 0.362500 0.895312 0.356250 0.900000 0.350000 0.900000 0.347917 0.906250 0.339583 0.910937 0.327083 0.912500 0.320833 0.914062 0.312500 0.914062 0.283333 0.912500 0.275000 0.910937 0.266667 0.907813 0.262500 0.907813 0.258333 0.903125 0.252083 0.901563 0.245833 0.896875 0.239583 0.890625 0.233333 0.885938 0.229167 0.882812 0.227083 0.879687 0.225000 0.871875 0.220833 0.865625 0.218750 0.843750 0.218750
5 0.739062 0.456250 0.739062 0.477083 0.740625 0.516667 0.742188 0.541667 0.743750 0.568750 0.745313 0.587500 0.746875 0.606250 0.748437 0.622917 0.754687 0.687500 0.759375 0.718750 0.759375 0.735417 0.762500 0.752083 0.767188 0.802083 0.767188 0.820833 0.768750 0.837500 0.770312 0.850000 0.773438 0.860417 0.775000 0.864583 0.778125 0.868750 0.781250 0.870833 0.790625 0.868750 0.792188 0.864583 0.792188 0.845833 0.785937 0.810417 0.781250 0.772917 0.778125 0.745833 0.775000 0.716667 0.773438 0.702083 0.770312 0.658333 0.767188 0.643750 0.767188 0.627083 0.768750 0.618750 0.770312 0.612500 0.778125 0.589583 0.779687 0.581250 0.779687 0.566667 0.778125 0.554167 0.776563 0.543750 0.775000 0.535417 0.773438 0.527083 0.771875 0.520833 0.768750 0.510417 0.765625 0.500000 0.762500 0.491667 0.757812 0.479167 0.751563 0.464583 0.746875 0.458333 0.746875 0.456250 0.743750 0.452083 0.739062 0.456250
