2 0.528125 0.160417 0.506250 0.187500 0.503125 0.191667 0.495312 0.206250 0.484375 0.220833 0.451562 0.266667 0.448437 0.270833 0.437500 0.285417 0.435937 0.285417 0.428125 0.295833 0.428125 0.304167 0.470313 0.362500 0.473438 0.366667 0.484375 0.379167 0.487500 0.387500 0.490625 0.391667 0.496875 0.391667 0.503125 0.383333 0.507812 0.372917 0.510938 0.368750 0.528125 0.350000 0.531250 0.345833 0.534375 0.337500 0.542188 0.312500 0.543750 0.308333 0.548438 0.300000 0.548438 0.293750 0.553125 0.287500 0.553125 0.285417 0.556250 0.281250 0.562500 0.277083 0.570312 0.266667 0.579688 0.260417 0.582812 0.260417 0.585938 0.258333 0.592187 0.252083 0.595313 0.252083 0.598437 0.245833 0.596875 0.241667 0.551562 0.179167 0.537500 0.162500 0.534375 0.160417 0.528125 0.160417
13 0.598437 0.254167 0.593750 0.256250 0.589063 0.258333 0.578125 0.264583 0.575000 0.266667 0.571875 0.268750 0.560937 0.279167 0.553125 0.289583 0.550000 0.295833 0.545312 0.308333 0.545312 0.314583 0.540625 0.325000 0.539062 0.331250 0.537500 0.339583 0.537500 0.354167 0.539062 0.366667 0.540625 0.372917 0.550000 0.397917 0.565625 0.418750 0.570312 0.422917 0.582812 0.431250 0.587500 0.433333 0.593750 0.435417 0.620313 0.435417 0.626563 0.433333 0.631250 0.431250 0.637500 0.427083 0.646875 0.420833 0.657813 0.408333 0.664062 0.397917 0.667188 0.391667 0.668750 0.387500 0.670312 0.383333 0.673438 0.372917 0.675000 0.366667 0.676562 0.356250 0.676562 0.337500 0.675000 0.322917 0.673438 0.314583 0.670312 0.304167 0.668750 0.300000 0.665625 0.293750 0.660937 0.285417 0.650000 0.270833 0.645312 0.266667 0.635938 0.260417 0.631250 0.258333 0.626563 0.256250 0.620313 0.254167 0.598437 0.254167
10 0.267188 0.502083 0.256250 0.506250 0.248438 0.504167 0.245312 0.506250 0.242188 0.510417 0.225000 0.520833 0.217188 0.522917 0.203125 0.531250 0.200000 0.535417 0.187500 0.541667 0.182812 0.541667 0.178125 0.545833 0.173437 0.547917 0.168750 0.547917 0.164062 0.550000 0.159375 0.552083 0.146875 0.558333 0.142187 0.562500 0.137500 0.564583 0.137500 0.583333 0.140625 0.589583 0.139063 0.591667 0.146875 0.614583 0.153125 0.631250 0.159375 0.643750 0.160938 0.647917 0.162500 0.656250 0.164062 0.660417 0.173437 0.662500 0.179688 0.656250 0.193750 0.647917 0.203125 0.645833 0.204687 0.641667 0.209375 0.639583 0.215625 0.639583 0.218750 0.635417 0.221875 0.635417 0.225000 0.631250 0.234375 0.629167 0.243750 0.622917 0.256250 0.620833 0.264062 0.616667 0.267188 0.612500 0.271875 0.612500 0.275000 0.610417 0.278125 0.608333 0.285938 0.602083 0.290625 0.597917 0.298438 0.587500 0.304688 0.583333 0.304688 0.572917 0.300000 0.558333 0.296875 0.547917 0.289062 0.525000 0.282813 0.510417 0.279687 0.506250 0.279687 0.504167 0.267188 0.502083
4 0.615625 0.652083 0.609375 0.654167 0.606250 0.656250 0.600000 0.664583 0.600000 0.681250 0.604688 0.693750 0.607812 0.700000 0.618750 0.714583 0.623437 0.718750 0.628125 0.722917 0.637500 0.729167 0.642188 0.731250 0.653125 0.731250 0.659375 0.727083 0.664062 0.727083 0.665625 0.725000 0.668750 0.725000 0.673438 0.727083 0.676562 0.731250 0.679688 0.731250 0.687500 0.737500 0.714063 0.758333 0.723437 0.768750 0.728125 0.770833 0.732812 0.775000 0.737500 0.779167 0.753125 0.793750 0.759375 0.800000 0.775000 0.818750 0.782813 0.827083 0.785937 0.829167 0.792188 0.829167 0.800000 0.818750 0.801562 0.814583 0.801562 0.804167 0.800000 0.800000 0.796875 0.795833 0.793750 0.793750 0.785937 0.789583 0.775000 0.785417 0.767188 0.781250 0.764062 0.779167 0.760938 0.775000 0.757812 0.775000 0.751563 0.768750 0.745313 0.766667 0.742188 0.764583 0.725000 0.752083 0.696875 0.729167 0.679688 0.718750 0.673438 0.710417 0.671875 0.704167 0.671875 0.695833 0.668750 0.685417 0.665625 0.679167 0.660937 0.672917 0.654687 0.666667 0.650000 0.662500 0.646875 0.660417 0.632812 0.654167 0.621875 0.652083 0.615625 0.652083
20 0.367188 0.081250 0.345313 0.085417 0.309375 0.087500 0.246875 0.085417 0.237500 0.085417 0.192188 0.085417 0.175000 0.085417 0.170313 0.085417 0.167187 0.089583 0.165625 0.089583 0.164062 0.122917 0.165625 0.125000 0.167187 0.160417 0.165625 0.175000 0.165625 0.179167 0.168750 0.185417 0.170313 0.204167 0.170313 0.227083 0.173437 0.239583 0.173437 0.254167 0.175000 0.258333 0.178125 0.262500 0.178125 0.264583 0.192188 0.266667 0.195312 0.262500 0.200000 0.260417 0.206250 0.258333 0.217188 0.258333 0.223438 0.266667 0.246875 0.268750 0.253125 0.268750 0.278125 0.266667 0.282813 0.262500 0.326562 0.264583 0.371875 0.260417 0.429688 0.260417 0.446875 0.258333 0.451562 0.256250 0.456250 0.250000 0.457813 0.250000 0.460938 0.245833 0.462500 0.237500 0.462500 0.204167 0.460938 0.118750 0.459375 0.091667 0.457813 0.087500 0.453125 0.081250 0.434375 0.083333 0.428125 0.083333 0.367188 0.081250
18 0.140625 0.639583 0.135937 0.641667 0.131250 0.647917 0.129688 0.654167 0.128125 0.662500 0.126562 0.677083 0.126562 0.693750 0.123438 0.706250 0.121875 0.720833 0.121875 0.735417 0.120313 0.750000 0.115625 0.787500 0.114062 0.797917 0.112500 0.808333 0.107813 0.822917 0.106250 0.833333 0.104688 0.856250 0.104688 0.864583 0.106250 0.866667 0.106250 0.870833 0.109375 0.872917 0.112500 0.875000 0.125000 0.877083 0.176563 0.877083 0.192188 0.879167 0.203125 0.881250 0.210938 0.883333 0.246875 0.893750 0.253125 0.895833 0.265625 0.902083 0.271875 0.902083 0.276562 0.904167 0.281250 0.908333 0.287500 0.910417 0.300000 0.914583 0.307812 0.916667 0.318750 0.916667 0.321875 0.912500 0.323437 0.908333 0.325000 0.902083 0.326562 0.887500 0.328125 0.883333 0.337500 0.881250 0.343750 0.879167 0.346875 0.875000 0.348438 0.868750 0.350000 0.841667 0.351562 0.791667 0.351562 0.741667 0.354687 0.706250 0.354687 0.654167 0.350000 0.647917 0.337500 0.645833 0.289062 0.643750 0.209375 0.643750 0.204687 0.645833 0.196875 0.650000 0.181250 0.660417 0.173437 0.664583 0.168750 0.664583 0.165625 0.662500 0.164062 0.660417 0.162500 0.656250 0.159375 0.645833 0.154688 0.639583 0.140625 0.639583
0 0.518750 0.516667 0.515625 0.518750 0.514062 0.520833 0.512500 0.525000 0.510938 0.535417 0.509375 0.550000 0.509375 0.564583 0.507812 0.579167 0.506250 0.591667 0.504687 0.604167 0.501563 0.627083 0.496875 0.643750 0.495312 0.658333 0.495312 0.670833 0.492188 0.693750 0.490625 0.702083 0.489063 0.708333 0.484375 0.720833 0.482812 0.727083 0.481250 0.735417 0.479687 0.750000 0.481250 0.760417 0.485938 0.762500 0.503125 0.764583 0.557813 0.764583 0.571875 0.760417 0.582812 0.760417 0.584375 0.756250 0.582812 0.747917 0.581250 0.741667 0.578125 0.731250 0.571875 0.716667 0.565625 0.695833 0.564063 0.687500 0.564063 0.679167 0.562500 0.672917 0.557813 0.660417 0.554688 0.647917 0.553125 0.633333 0.546875 0.606250 0.543750 0.600000 0.539062 0.579167 0.535937 0.564583 0.535937 0.556250 0.532813 0.541667 0.531250 0.535417 0.526563 0.525000 0.525000 0.518750 0.521875 0.516667 0.518750 0.516667
6 0.653125 0.514583 0.659375 0.525000 0.664062 0.535417 0.668750 0.545833 0.675000 0.562500 0.681250 0.587500 0.682813 0.595833 0.684375 0.608333 0.685937 0.622917 0.685937 0.666667 0.684375 0.681250 0.682813 0.691667 0.679688 0.706250 0.678125 0.710417 0.679688 0.714583 0.684375 0.718750 0.690625 0.722917 0.701562 0.729167 0.715625 0.739583 0.723437 0.747917 0.726562 0.750000 0.729688 0.750000 0.765625 0.777083 0.773438 0.781250 0.792188 0.789583 0.796875 0.791667 0.801562 0.797917 0.803125 0.802083 0.803125 0.816667 0.801562 0.820833 0.793750 0.831250 0.784375 0.831250 0.781250 0.829167 0.771875 0.816667 0.764062 0.810417 0.756250 0.800000 0.740625 0.785417 0.735938 0.781250 0.726562 0.775000 0.717187 0.764583 0.712500 0.760417 0.701562 0.754167 0.682813 0.737500 0.678125 0.733333 0.670312 0.735417 0.668750 0.741667 0.665625 0.745833 0.662500 0.756250 0.659375 0.762500 0.653125 0.770833 0.650000 0.779167 0.625000 0.812500 0.618750 0.818750 0.610938 0.825000 0.601562 0.831250 0.593750 0.837500 0.589063 0.839583 0.575000 0.845833 0.564063 0.850000 0.556250 0.852083 0.545312 0.854167 0.532813 0.854167 0.529687 0.858333 0.528125 0.868750 0.528125 0.879167 0.531250 0.883333 0.535937 0.885417 0.545312 0.887500 0.556250 0.889583 0.568750 0.891667 0.584375 0.891667 0.600000 0.895833 0.615625 0.897917 0.632812 0.897917 0.650000 0.900000 0.664062 0.902083 0.715625 0.910417 0.726562 0.912500 0.757812 0.920833 0.770312 0.922917 0.800000 0.927083 0.814063 0.927083 0.815625 0.922917 0.815625 0.883333 0.814063 0.827083 0.815625 0.804167 0.817187 0.783333 0.820312 0.745833 0.821875 0.727083 0.828125 0.670833 0.828125 0.652083 0.829688 0.635417 0.832812 0.618750 0.835938 0.581250 0.837500 0.562500 0.835938 0.547917 0.831250 0.545833 0.821875 0.543750 0.809375 0.543750 0.796875 0.539583 0.784375 0.539583 0.748437 0.533333 0.703125 0.522917 0.687500 0.522917 0.675000 0.520833 0.665625 0.516667 0.656250 0.514583 0.653125 0.514583
16 0.207813 0.260417 0.201563 0.262500 0.184375 0.270833 0.181250 0.272917 0.178125 0.275000 0.175000 0.279167 0.171875 0.281250 0.168750 0.283333 0.134375 0.304167 0.131250 0.314583 0.131250 0.318750 0.132812 0.322917 0.137500 0.331250 0.140625 0.341667 0.142187 0.352083 0.145313 0.356250 0.145313 0.362500 0.148438 0.366667 0.148438 0.375000 0.151562 0.379167 0.154688 0.393750 0.157812 0.397917 0.162500 0.412500 0.165625 0.429167 0.170313 0.445833 0.179688 0.468750 0.181250 0.479167 0.185938 0.491667 0.190625 0.497917 0.193750 0.512500 0.196875 0.516667 0.196875 0.520833 0.198437 0.525000 0.201563 0.527083 0.209375 0.527083 0.217188 0.522917 0.229687 0.516667 0.232813 0.514583 0.235937 0.512500 0.239063 0.508333 0.242188 0.506250 0.245312 0.504167 0.256250 0.502083 0.264062 0.502083 0.271875 0.500000 0.278125 0.497917 0.285938 0.493750 0.289062 0.489583 0.292187 0.487500 0.296875 0.487500 0.296875 0.483333 0.293750 0.477083 0.287500 0.464583 0.282813 0.450000 0.282813 0.443750 0.279687 0.439583 0.278125 0.429167 0.275000 0.425000 0.273438 0.418750 0.270313 0.402083 0.264062 0.387500 0.262500 0.381250 0.260937 0.368750 0.259375 0.362500 0.251563 0.341667 0.246875 0.318750 0.245312 0.314583 0.243750 0.310417 0.239063 0.300000 0.225000 0.270833 0.217188 0.260417 0.207813 0.260417
22 0.843750 0.289583 0.840625 0.293750 0.839063 0.297917 0.837500 0.310417 0.828125 0.314583 0.826562 0.322917 0.826562 0.368750 0.829688 0.412500 0.829688 0.464583 0.831250 0.468750 0.834375 0.468750 0.835938 0.470833 0.850000 0.472917 0.856250 0.472917 0.859375 0.470833 0.862500 0.450000 0.864062 0.418750 0.864062 0.387500 0.868750 0.325000 0.868750 0.295833 0.865625 0.293750 0.862500 0.291667 0.856250 0.289583 0.843750 0.289583
12 0.353125 0.289583 0.346875 0.291667 0.335938 0.297917 0.332813 0.300000 0.329688 0.302083 0.325000 0.306250 0.318750 0.312500 0.309375 0.325000 0.304688 0.335417 0.300000 0.350000 0.298438 0.356250 0.296875 0.364583 0.295312 0.372917 0.295312 0.400000 0.296875 0.408333 0.298438 0.416667 0.300000 0.422917 0.301563 0.427083 0.303125 0.431250 0.307812 0.441667 0.329688 0.472917 0.334375 0.475000 0.339062 0.479167 0.343750 0.481250 0.348438 0.483333 0.356250 0.485417 0.378125 0.485417 0.385937 0.483333 0.390625 0.481250 0.395313 0.479167 0.398438 0.477083 0.401562 0.475000 0.406250 0.470833 0.412500 0.464583 0.418750 0.458333 0.426563 0.447917 0.431250 0.437500 0.434375 0.429167 0.439063 0.416667 0.440625 0.408333 0.442188 0.395833 0.442188 0.375000 0.440625 0.364583 0.439063 0.356250 0.437500 0.350000 0.435937 0.345833 0.434375 0.341667 0.429688 0.331250 0.426563 0.325000 0.415625 0.310417 0.409375 0.304167 0.396875 0.295833 0.392188 0.295833 0.387500 0.291667 0.376563 0.289583 0.353125 0.289583
