15 0.478125 0.254167 0.468750 0.256250 0.462500 0.258333 0.456250 0.260417 0.450000 0.264583 0.450000 0.266667 0.448437 0.268750 0.445312 0.270833 0.442188 0.270833 0.425000 0.293750 0.420312 0.304167 0.418750 0.308333 0.418750 0.314583 0.415625 0.322917 0.415625 0.333333 0.412500 0.345833 0.412500 0.372917 0.414062 0.389583 0.415625 0.397917 0.421875 0.412500 0.425000 0.427083 0.426563 0.431250 0.428125 0.435417 0.434375 0.445833 0.443750 0.458333 0.446875 0.460417 0.450000 0.462500 0.456250 0.462500 0.460938 0.466667 0.468750 0.468750 0.492188 0.470833 0.496875 0.470833 0.503125 0.468750 0.509375 0.466667 0.515625 0.464583 0.525000 0.458333 0.532813 0.452083 0.537500 0.447917 0.553125 0.427083 0.557813 0.414583 0.560937 0.400000 0.562500 0.391667 0.562500 0.337500 0.560937 0.331250 0.557813 0.322917 0.553125 0.310417 0.548438 0.300000 0.539062 0.283333 0.539062 0.281250 0.537500 0.279167 0.532813 0.277083 0.528125 0.270833 0.515625 0.262500 0.504687 0.256250 0.500000 0.254167 0.478125 0.254167
11 0.867188 0.079167 0.862500 0.081250 0.854688 0.085417 0.846875 0.093750 0.840625 0.100000 0.834375 0.095833 0.804688 0.095833 0.798438 0.097917 0.793750 0.100000 0.789062 0.102083 0.785937 0.104167 0.782813 0.106250 0.778125 0.110417 0.771875 0.116667 0.751563 0.143750 0.746875 0.152083 0.740625 0.162500 0.734375 0.181250 0.734375 0.200000 0.732812 0.214583 0.728125 0.237500 0.726562 0.250000 0.725000 0.262500 0.723437 0.279167 0.723437 0.289583 0.729688 0.297917 0.737500 0.304167 0.740625 0.306250 0.745313 0.308333 0.750000 0.310417 0.759375 0.312500 0.768750 0.312500 0.778125 0.310417 0.782813 0.308333 0.803125 0.297917 0.821875 0.285417 0.829688 0.277083 0.832812 0.275000 0.839063 0.272917 0.842187 0.270833 0.850000 0.264583 0.854688 0.260417 0.857812 0.258333 0.860938 0.254167 0.867188 0.245833 0.867188 0.243750 0.875000 0.233333 0.881250 0.216667 0.882812 0.210417 0.884375 0.204167 0.885938 0.193750 0.884375 0.179167 0.885938 0.172917 0.890625 0.166667 0.901563 0.154167 0.906250 0.141667 0.907813 0.135417 0.907813 0.114583 0.906250 0.106250 0.904687 0.102083 0.901563 0.095833 0.896875 0.089583 0.892188 0.085417 0.889062 0.083333 0.885938 0.081250 0.879687 0.079167 0.867188 0.079167
21 0.184375 0.689583 0.179688 0.691667 0.175000 0.693750 0.164062 0.700000 0.160938 0.702083 0.157812 0.704167 0.153125 0.708333 0.146875 0.716667 0.145313 0.720833 0.143750 0.729167 0.143750 0.741667 0.145313 0.754167 0.146875 0.762500 0.148438 0.768750 0.150000 0.775000 0.153125 0.785417 0.156250 0.795833 0.162500 0.812500 0.165625 0.818750 0.175000 0.833333 0.175000 0.835417 0.178125 0.839583 0.187500 0.845833 0.196875 0.845833 0.201563 0.843750 0.212500 0.837500 0.215625 0.835417 0.218750 0.833333 0.225000 0.827083 0.232813 0.816667 0.234375 0.812500 0.235937 0.808333 0.237500 0.802083 0.237500 0.781250 0.235937 0.772917 0.232813 0.762500 0.220312 0.722917 0.214062 0.706250 0.209375 0.697917 0.207813 0.695833 0.204687 0.691667 0.184375 0.689583
20 0.234375 0.237500 0.181250 0.239583 0.167187 0.241667 0.162500 0.243750 0.159375 0.247917 0.157812 0.252083 0.157812 0.329167 0.159375 0.418750 0.162500 0.493750 0.164062 0.577083 0.162500 0.591667 0.164062 0.610417 0.165625 0.616667 0.168750 0.620833 0.171875 0.622917 0.176563 0.625000 0.184375 0.627083 0.225000 0.627083 0.237500 0.622917 0.265625 0.622917 0.276562 0.620833 0.279687 0.616667 0.281250 0.610417 0.285938 0.595833 0.293750 0.579167 0.295312 0.575000 0.296875 0.570833 0.300000 0.560417 0.298438 0.527083 0.298438 0.520833 0.300000 0.518750 0.300000 0.510417 0.296875 0.420833 0.296875 0.379167 0.298438 0.327083 0.295312 0.314583 0.293750 0.291667 0.295312 0.277083 0.292187 0.266667 0.290625 0.262500 0.287500 0.256250 0.284375 0.250000 0.276562 0.239583 0.273438 0.237500 0.248438 0.239583 0.243750 0.239583 0.234375 0.237500
4 0.660937 0.814583 0.657813 0.818750 0.650000 0.820833 0.634375 0.822917 0.603125 0.833333 0.592187 0.837500 0.587500 0.839583 0.582812 0.847917 0.582812 0.850000 0.593750 0.852083 0.603125 0.850000 0.612500 0.845833 0.631250 0.843750 0.650000 0.839583 0.657813 0.837500 0.665625 0.835417 0.671875 0.833333 0.678125 0.831250 0.679688 0.829167 0.682813 0.829167 0.679688 0.827083 0.675000 0.825000 0.660937 0.814583
4 0.826562 0.737500 0.826562 0.741667 0.818750 0.762500 0.815625 0.768750 0.809375 0.779167 0.792188 0.802083 0.784375 0.808333 0.785937 0.812500 0.789062 0.814583 0.795312 0.818750 0.801562 0.820833 0.815625 0.820833 0.821875 0.818750 0.834375 0.810417 0.839063 0.806250 0.846875 0.797917 0.850000 0.793750 0.856250 0.783333 0.857812 0.779167 0.859375 0.775000 0.860938 0.768750 0.860938 0.762500 0.859375 0.756250 0.850000 0.743750 0.846875 0.741667 0.843750 0.739583 0.834375 0.735417 0.826562 0.737500
0 0.325000 0.091667 0.320312 0.093750 0.312500 0.097917 0.309375 0.100000 0.306250 0.102083 0.301563 0.106250 0.295312 0.112500 0.287500 0.122917 0.282813 0.131250 0.279687 0.137500 0.278125 0.141667 0.276562 0.145833 0.275000 0.152083 0.273438 0.158333 0.271875 0.168750 0.271875 0.200000 0.273438 0.210417 0.279687 0.235417 0.281250 0.239583 0.284375 0.245833 0.287500 0.252083 0.301563 0.270833 0.306250 0.275000 0.310937 0.279167 0.320312 0.285417 0.325000 0.287500 0.331250 0.289583 0.339062 0.291667 0.354687 0.291667 0.364063 0.289583 0.370312 0.287500 0.375000 0.285417 0.387500 0.277083 0.395313 0.268750 0.407813 0.252083 0.412500 0.241667 0.414062 0.237500 0.417187 0.227083 0.418750 0.220833 0.420312 0.212500 0.420312 0.179167 0.418750 0.168750 0.417187 0.162500 0.410938 0.145833 0.407813 0.139583 0.400000 0.127083 0.387500 0.110417 0.382812 0.106250 0.378125 0.102083 0.375000 0.100000 0.367188 0.095833 0.360938 0.093750 0.354687 0.091667 0.325000 0.091667
0 0.481250 0.560417 0.476562 0.562500 0.468750 0.566667 0.457813 0.577083 0.454688 0.579167 0.446875 0.581250 0.437500 0.587500 0.431250 0.595833 0.425000 0.608333 0.421875 0.612500 0.417187 0.616667 0.414062 0.618750 0.410938 0.618750 0.407813 0.620833 0.404687 0.622917 0.400000 0.627083 0.396875 0.631250 0.393750 0.637500 0.387500 0.650000 0.384375 0.660417 0.379688 0.670833 0.375000 0.677083 0.371875 0.683333 0.365625 0.700000 0.364063 0.708333 0.364063 0.716667 0.365625 0.718750 0.367188 0.731250 0.367188 0.741667 0.365625 0.743750 0.365625 0.756250 0.362500 0.766667 0.360938 0.777083 0.360938 0.793750 0.362500 0.837500 0.364063 0.843750 0.370312 0.852083 0.375000 0.854167 0.385937 0.854167 0.396875 0.850000 0.401562 0.847917 0.410938 0.841667 0.418750 0.835417 0.423438 0.831250 0.431250 0.822917 0.439063 0.814583 0.464062 0.781250 0.470313 0.770833 0.478125 0.758333 0.481250 0.752083 0.484375 0.745833 0.490625 0.729167 0.492188 0.722917 0.493750 0.714583 0.493750 0.704167 0.495312 0.697917 0.496875 0.691667 0.500000 0.685417 0.501563 0.679167 0.503125 0.668750 0.503125 0.639583 0.506250 0.627083 0.506250 0.600000 0.504687 0.591667 0.503125 0.583333 0.498437 0.570833 0.492188 0.562500 0.489063 0.560417 0.481250 0.560417
0 0.689063 0.556250 0.684375 0.560417 0.673438 0.560417 0.670312 0.562500 0.665625 0.568750 0.665625 0.570833 0.659375 0.579167 0.654687 0.579167 0.648438 0.585417 0.643750 0.585417 0.640625 0.587500 0.639062 0.589583 0.637500 0.593750 0.635938 0.602083 0.629687 0.610417 0.628125 0.614583 0.628125 0.625000 0.626563 0.631250 0.625000 0.639583 0.618750 0.652083 0.618750 0.656250 0.620313 0.702083 0.623437 0.708333 0.626563 0.710417 0.625000 0.714583 0.626563 0.725000 0.632812 0.733333 0.632812 0.735417 0.637500 0.741667 0.650000 0.756250 0.650000 0.760417 0.656250 0.768750 0.659375 0.770833 0.664062 0.770833 0.668750 0.772917 0.673438 0.781250 0.679688 0.785417 0.684375 0.785417 0.689063 0.781250 0.696875 0.781250 0.700000 0.785417 0.704688 0.787500 0.707812 0.787500 0.712500 0.785417 0.721875 0.779167 0.726562 0.781250 0.734375 0.781250 0.737500 0.779167 0.740625 0.775000 0.740625 0.770833 0.743750 0.766667 0.753125 0.764583 0.757812 0.756250 0.765625 0.752083 0.771875 0.745833 0.773438 0.741667 0.771875 0.735417 0.773438 0.727083 0.775000 0.722917 0.779687 0.716667 0.784375 0.714583 0.785937 0.710417 0.785937 0.702083 0.790625 0.693750 0.796875 0.691667 0.800000 0.689583 0.801562 0.683333 0.801562 0.677083 0.801562 0.672917 0.795312 0.664583 0.795312 0.658333 0.790625 0.650000 0.790625 0.639583 0.792188 0.637500 0.792188 0.629167 0.790625 0.625000 0.787500 0.620833 0.785937 0.620833 0.781250 0.614583 0.779687 0.608333 0.776563 0.595833 0.775000 0.591667 0.771875 0.587500 0.767188 0.585417 0.762500 0.585417 0.757812 0.583333 0.751563 0.577083 0.750000 0.575000 0.745313 0.566667 0.742188 0.564583 0.732812 0.564583 0.729688 0.560417 0.726562 0.558333 0.714063 0.558333 0.712500 0.560417 0.700000 0.560417 0.693750 0.556250 0.689063 0.556250
1 0.785937 0.327083 0.782813 0.329167 0.778125 0.335417 0.771875 0.337500 0.768750 0.339583 0.765625 0.343750 0.762500 0.345833 0.759375 0.347917 0.753125 0.350000 0.746875 0.350000 0.742188 0.352083 0.734375 0.356250 0.704688 0.375000 0.700000 0.381250 0.698438 0.385417 0.698438 0.397917 0.700000 0.402083 0.704688 0.408333 0.706250 0.408333 0.712500 0.416667 0.712500 0.418750 0.720313 0.429167 0.726562 0.443750 0.731250 0.456250 0.742188 0.493750 0.746875 0.506250 0.753125 0.522917 0.754687 0.527083 0.756250 0.529167 0.768750 0.539583 0.776563 0.543750 0.781250 0.547917 0.785937 0.552083 0.795312 0.562500 0.806250 0.577083 0.817187 0.595833 0.820312 0.602083 0.821875 0.606250 0.829688 0.629167 0.831250 0.639583 0.834375 0.647917 0.835938 0.652083 0.843750 0.654167 0.846875 0.652083 0.850000 0.650000 0.856250 0.641667 0.859375 0.639583 0.865625 0.637500 0.873437 0.635417 0.884375 0.635417 0.887500 0.633333 0.887500 0.614583 0.885938 0.610417 0.884375 0.606250 0.879687 0.600000 0.870313 0.589583 0.865625 0.581250 0.864062 0.577083 0.862500 0.572917 0.860938 0.562500 0.848437 0.531250 0.839063 0.504167 0.835938 0.489583 0.832812 0.479167 0.829688 0.475000 0.821875 0.452083 0.815625 0.433333 0.810937 0.418750 0.804688 0.400000 0.796875 0.372917 0.796875 0.356250 0.795312 0.339583 0.793750 0.331250 0.792188 0.327083 0.785937 0.327083
24 0.701562 0.156250 0.700000 0.162500 0.700000 0.168750 0.698438 0.172917 0.687500 0.195833 0.675000 0.212500 0.673438 0.212500 0.667188 0.220833 0.665625 0.227083 0.662500 0.239583 0.660937 0.252083 0.660937 0.266667 0.657813 0.279167 0.657813 0.291667 0.654687 0.302083 0.653125 0.314583 0.653125 0.318750 0.656250 0.322917 0.660937 0.325000 0.668750 0.327083 0.689063 0.327083 0.692187 0.325000 0.695312 0.322917 0.706250 0.314583 0.710938 0.310417 0.717187 0.304167 0.718750 0.300000 0.720313 0.289583 0.723437 0.264583 0.729688 0.214583 0.729688 0.197917 0.731250 0.181250 0.734375 0.168750 0.732812 0.158333 0.725000 0.156250 0.714063 0.156250 0.712500 0.154167 0.701562 0.156250
7 0.645312 0.027083 0.628125 0.029167 0.620313 0.031250 0.617188 0.035417 0.614062 0.035417 0.614062 0.041667 0.612500 0.041667 0.609375 0.045833 0.601562 0.050000 0.596875 0.054167 0.587500 0.064583 0.579688 0.075000 0.576562 0.081250 0.570312 0.097917 0.565625 0.116667 0.564063 0.129167 0.564063 0.152083 0.562500 0.162500 0.559375 0.170833 0.559375 0.181250 0.556250 0.191667 0.556250 0.214583 0.557813 0.222917 0.559375 0.229167 0.562500 0.235417 0.578125 0.258333 0.582812 0.262500 0.585938 0.264583 0.589063 0.264583 0.592187 0.268750 0.596875 0.270833 0.612500 0.272917 0.618750 0.272917 0.626563 0.270833 0.631250 0.268750 0.635938 0.266667 0.648438 0.258333 0.656250 0.250000 0.659375 0.245833 0.660937 0.241667 0.660937 0.233333 0.667188 0.216667 0.670312 0.212500 0.682813 0.197917 0.690625 0.183333 0.693750 0.177083 0.698438 0.164583 0.700000 0.158333 0.701562 0.152083 0.703125 0.143750 0.703125 0.110417 0.701562 0.100000 0.700000 0.093750 0.692187 0.064583 0.690625 0.060417 0.684375 0.050000 0.681250 0.045833 0.676562 0.043750 0.664062 0.031250 0.660937 0.029167 0.653125 0.027083 0.645312 0.027083
