0 0.812500 0.133333 0.803125 0.135417 0.787500 0.143750 0.776563 0.152083 0.771875 0.156250 0.762500 0.168750 0.759375 0.175000 0.757812 0.181250 0.753125 0.187500 0.751563 0.193750 0.748437 0.202083 0.746875 0.208333 0.745313 0.214583 0.743750 0.222917 0.743750 0.264583 0.746875 0.275000 0.750000 0.281250 0.756250 0.293750 0.768750 0.310417 0.779687 0.318750 0.782813 0.320833 0.787500 0.322917 0.792188 0.325000 0.800000 0.327083 0.818750 0.329167 0.823438 0.329167 0.837500 0.327083 0.842187 0.325000 0.846875 0.322917 0.850000 0.320833 0.853125 0.318750 0.860938 0.312500 0.879687 0.287500 0.882812 0.281250 0.885938 0.272917 0.890625 0.260417 0.892188 0.254167 0.893750 0.241667 0.893750 0.220833 0.892188 0.202083 0.890625 0.193750 0.889062 0.187500 0.887500 0.181250 0.885938 0.177083 0.882812 0.170833 0.873437 0.158333 0.867188 0.152083 0.860938 0.147917 0.845313 0.137500 0.839063 0.135417 0.831250 0.133333 0.812500 0.133333
13 0.478125 0.291667 0.470313 0.293750 0.465625 0.295833 0.456250 0.302083 0.450000 0.308333 0.445312 0.314583 0.440625 0.322917 0.437500 0.329167 0.435937 0.333333 0.434375 0.337500 0.432812 0.343750 0.431250 0.354167 0.431250 0.370833 0.432812 0.381250 0.434375 0.387500 0.439063 0.400000 0.442188 0.406250 0.453125 0.420833 0.459375 0.425000 0.468750 0.431250 0.473438 0.433333 0.493750 0.433333 0.500000 0.431250 0.504687 0.429167 0.507812 0.425000 0.510938 0.425000 0.517188 0.418750 0.528125 0.404167 0.531250 0.397917 0.532813 0.393750 0.534375 0.387500 0.535937 0.381250 0.537500 0.372917 0.537500 0.352083 0.535937 0.341667 0.532813 0.331250 0.531250 0.327083 0.528125 0.320833 0.517188 0.306250 0.510938 0.300000 0.507812 0.297917 0.503125 0.295833 0.498437 0.293750 0.492188 0.291667 0.478125 0.291667
0 0.143750 0.518750 0.134375 0.520833 0.126562 0.522917 0.109375 0.545833 0.104688 0.554167 0.101562 0.560417 0.098437 0.566667 0.092188 0.583333 0.090625 0.589583 0.090625 0.597917 0.087500 0.606250 0.085938 0.618750 0.085938 0.633333 0.087500 0.647917 0.089063 0.656250 0.090625 0.662500 0.095312 0.675000 0.101562 0.687500 0.104688 0.693750 0.107813 0.697917 0.110937 0.700000 0.114062 0.702083 0.120313 0.702083 0.126562 0.710417 0.129688 0.712500 0.132812 0.712500 0.135937 0.714583 0.143750 0.725000 0.146875 0.733333 0.153125 0.741667 0.156250 0.743750 0.159375 0.745833 0.175000 0.745833 0.184375 0.747917 0.192188 0.752083 0.200000 0.754167 0.215625 0.756250 0.237500 0.756250 0.243750 0.754167 0.248438 0.752083 0.251563 0.750000 0.254688 0.747917 0.275000 0.720833 0.278125 0.714583 0.279687 0.710417 0.281250 0.706250 0.282813 0.700000 0.282813 0.670833 0.281250 0.666667 0.276562 0.660417 0.265625 0.650000 0.250000 0.629167 0.237500 0.614583 0.206250 0.579167 0.196875 0.568750 0.179688 0.552083 0.168750 0.537500 0.154688 0.522917 0.150000 0.518750 0.146875 0.516667 0.143750 0.518750
0 0.225000 0.422917 0.220312 0.425000 0.212500 0.435417 0.207813 0.445833 0.204687 0.454167 0.201563 0.460417 0.201563 0.491667 0.203125 0.495833 0.204687 0.500000 0.210938 0.508333 0.214062 0.514583 0.214062 0.539583 0.218750 0.552083 0.229687 0.564583 0.232813 0.577083 0.239063 0.585417 0.245312 0.587500 0.251563 0.593750 0.257812 0.597917 0.262500 0.600000 0.271875 0.602083 0.284375 0.602083 0.292187 0.606250 0.314063 0.606250 0.320312 0.604167 0.337500 0.595833 0.348438 0.587500 0.376563 0.589583 0.384375 0.585417 0.407813 0.585417 0.417187 0.583333 0.425000 0.581250 0.429688 0.579167 0.432812 0.577083 0.435937 0.572917 0.440625 0.560417 0.440625 0.535417 0.439063 0.531250 0.429688 0.533333 0.426563 0.533333 0.423438 0.529167 0.421875 0.514583 0.421875 0.491667 0.418750 0.489583 0.412500 0.487500 0.404687 0.487500 0.395313 0.491667 0.384375 0.491667 0.382812 0.493750 0.373437 0.493750 0.360938 0.485417 0.356250 0.483333 0.351562 0.483333 0.342187 0.477083 0.332813 0.475000 0.328125 0.472917 0.325000 0.470833 0.321875 0.468750 0.315625 0.460417 0.312500 0.458333 0.301563 0.458333 0.292187 0.445833 0.287500 0.441667 0.284375 0.439583 0.279687 0.437500 0.268750 0.439583 0.262500 0.439583 0.257812 0.433333 0.254688 0.431250 0.251563 0.429167 0.237500 0.422917 0.225000 0.422917
0 0.692187 0.650000 0.687500 0.652083 0.679688 0.662500 0.678125 0.666667 0.676562 0.672917 0.676562 0.681250 0.681250 0.687500 0.684375 0.687500 0.687500 0.691667 0.687500 0.700000 0.685937 0.706250 0.685937 0.716667 0.687500 0.718750 0.685937 0.731250 0.685937 0.735417 0.687500 0.739583 0.690625 0.743750 0.690625 0.745833 0.692187 0.747917 0.693750 0.747917 0.696875 0.752083 0.701562 0.752083 0.710938 0.766667 0.718750 0.772917 0.723437 0.781250 0.726562 0.783333 0.732812 0.783333 0.734375 0.781250 0.742188 0.781250 0.748437 0.777083 0.751563 0.772917 0.753125 0.768750 0.754687 0.758333 0.754687 0.735417 0.753125 0.727083 0.751563 0.720833 0.748437 0.716667 0.746875 0.710417 0.743750 0.697917 0.743750 0.689583 0.742188 0.683333 0.740625 0.679167 0.734375 0.670833 0.723437 0.662500 0.704688 0.650000 0.701562 0.650000 0.692187 0.650000
0 0.610938 0.525000 0.601562 0.527083 0.593750 0.529167 0.589063 0.531250 0.581250 0.535417 0.576562 0.541667 0.565625 0.547917 0.554688 0.562500 0.551562 0.570833 0.542188 0.593750 0.540625 0.597917 0.539062 0.604167 0.537500 0.612500 0.537500 0.650000 0.539062 0.660417 0.540625 0.668750 0.543750 0.677083 0.546875 0.681250 0.551562 0.681250 0.556250 0.677083 0.567187 0.675000 0.587500 0.675000 0.593750 0.677083 0.598437 0.679167 0.610938 0.687500 0.614062 0.691667 0.615625 0.695833 0.617188 0.700000 0.617188 0.718750 0.614062 0.735417 0.617188 0.737500 0.637500 0.737500 0.646875 0.735417 0.651563 0.733333 0.656250 0.729167 0.662500 0.720833 0.667188 0.716667 0.671875 0.714583 0.676562 0.710417 0.684375 0.700000 0.684375 0.693750 0.681250 0.689583 0.673438 0.681250 0.673438 0.675000 0.675000 0.668750 0.676562 0.664583 0.682813 0.654167 0.685937 0.650000 0.689063 0.647917 0.692187 0.645833 0.696875 0.645833 0.700000 0.643750 0.700000 0.635417 0.701562 0.633333 0.701562 0.618750 0.698438 0.604167 0.696875 0.600000 0.689063 0.583333 0.684375 0.577083 0.682813 0.570833 0.679688 0.564583 0.662500 0.541667 0.656250 0.535417 0.653125 0.533333 0.645312 0.531250 0.637500 0.525000 0.610938 0.525000
0 0.650000 0.741667 0.645312 0.747917 0.617188 0.747917 0.607812 0.752083 0.598437 0.752083 0.595313 0.754167 0.589063 0.760417 0.585938 0.768750 0.582812 0.781250 0.584375 0.791667 0.590625 0.808333 0.601562 0.822917 0.606250 0.827083 0.610938 0.831250 0.615625 0.831250 0.621875 0.827083 0.626563 0.829167 0.632812 0.835417 0.635938 0.837500 0.640625 0.837500 0.642188 0.839583 0.645312 0.839583 0.657813 0.837500 0.664062 0.835417 0.668750 0.833333 0.671875 0.831250 0.675000 0.829167 0.682813 0.822917 0.687500 0.816667 0.689063 0.812500 0.690625 0.806250 0.692187 0.800000 0.692187 0.783333 0.687500 0.775000 0.678125 0.762500 0.673438 0.752083 0.668750 0.745833 0.665625 0.743750 0.662500 0.741667 0.650000 0.741667
2 0.242188 0.120833 0.237500 0.125000 0.231250 0.127083 0.225000 0.129167 0.217188 0.131250 0.204687 0.131250 0.198437 0.135417 0.189062 0.135417 0.181250 0.139583 0.171875 0.139583 0.164062 0.145833 0.156250 0.143750 0.153125 0.145833 0.150000 0.150000 0.150000 0.156250 0.151562 0.164583 0.154688 0.172917 0.154688 0.185417 0.157812 0.200000 0.164062 0.220833 0.165625 0.237500 0.171875 0.260417 0.173437 0.268750 0.175000 0.285417 0.176563 0.293750 0.181250 0.306250 0.185938 0.329167 0.187500 0.337500 0.187500 0.345833 0.192188 0.352083 0.198437 0.352083 0.209375 0.350000 0.217188 0.345833 0.226562 0.345833 0.235937 0.343750 0.246875 0.337500 0.253125 0.337500 0.259375 0.331250 0.262500 0.329167 0.267188 0.327083 0.275000 0.327083 0.282813 0.325000 0.285938 0.320833 0.285938 0.306250 0.282813 0.297917 0.282813 0.285417 0.278125 0.268750 0.278125 0.256250 0.273438 0.241667 0.271875 0.216667 0.267188 0.197917 0.267188 0.187500 0.260937 0.147917 0.259375 0.139583 0.257812 0.133333 0.256250 0.129167 0.251563 0.122917 0.248438 0.120833 0.242188 0.120833
26 0.695312 0.070833 0.690625 0.075000 0.682813 0.075000 0.650000 0.072917 0.640625 0.075000 0.626563 0.085417 0.618750 0.087500 0.615625 0.089583 0.612500 0.093750 0.606250 0.108333 0.603125 0.122917 0.601562 0.127083 0.600000 0.131250 0.595313 0.137500 0.585938 0.137500 0.578125 0.141667 0.570312 0.147917 0.565625 0.150000 0.564063 0.156250 0.564063 0.172917 0.565625 0.181250 0.567187 0.187500 0.568750 0.193750 0.571875 0.197917 0.573438 0.204167 0.579688 0.208333 0.582812 0.208333 0.592187 0.206250 0.600000 0.204167 0.604688 0.200000 0.612500 0.200000 0.618750 0.204167 0.626563 0.206250 0.634375 0.206250 0.637500 0.208333 0.639062 0.210417 0.640625 0.214583 0.642188 0.220833 0.648438 0.231250 0.653125 0.243750 0.654687 0.254167 0.659375 0.260417 0.662500 0.262500 0.673438 0.262500 0.684375 0.258333 0.687500 0.256250 0.689063 0.243750 0.690625 0.233333 0.698438 0.229167 0.707812 0.233333 0.717187 0.233333 0.721875 0.231250 0.731250 0.225000 0.735938 0.218750 0.737500 0.212500 0.737500 0.202083 0.742188 0.195833 0.743750 0.195833 0.748437 0.189583 0.750000 0.185417 0.751563 0.179167 0.751563 0.162500 0.750000 0.158333 0.743750 0.150000 0.743750 0.145833 0.742188 0.141667 0.743750 0.100000 0.739062 0.087500 0.735938 0.083333 0.723437 0.075000 0.717187 0.072917 0.709375 0.070833 0.695312 0.070833
25 0.839063 0.354167 0.728125 0.356250 0.726562 0.360417 0.726562 0.379167 0.728125 0.418750 0.731250 0.445833 0.731250 0.502083 0.732812 0.508333 0.746875 0.527083 0.754687 0.539583 0.759375 0.547917 0.762500 0.554167 0.767188 0.564583 0.770312 0.572917 0.775000 0.585417 0.778125 0.597917 0.782813 0.616667 0.784375 0.625000 0.785937 0.635417 0.787500 0.654167 0.787500 0.687500 0.785937 0.706250 0.784375 0.716667 0.782813 0.725000 0.776563 0.750000 0.765625 0.779167 0.756250 0.797917 0.751563 0.806250 0.743750 0.816667 0.742188 0.820833 0.740625 0.825000 0.739062 0.868750 0.740625 0.883333 0.743750 0.891667 0.750000 0.893750 0.767188 0.895833 0.809375 0.897917 0.853125 0.895833 0.907813 0.897917 0.910937 0.895833 0.910937 0.866667 0.909375 0.856250 0.907813 0.845833 0.903125 0.829167 0.901563 0.800000 0.901563 0.793750 0.903125 0.781250 0.901563 0.697917 0.898438 0.652083 0.898438 0.587500 0.895312 0.531250 0.895312 0.458333 0.893750 0.408333 0.890625 0.356250 0.887500 0.354167 0.839063 0.354167
0 0.567187 0.677083 0.556250 0.679167 0.553125 0.681250 0.550000 0.683333 0.540625 0.693750 0.532813 0.704167 0.528125 0.716667 0.520312 0.741667 0.518750 0.747917 0.518750 0.766667 0.520312 0.770833 0.525000 0.779167 0.531250 0.785417 0.534375 0.785417 0.539062 0.785417 0.542188 0.785417 0.551562 0.779167 0.562500 0.768750 0.570312 0.764583 0.571875 0.764583 0.573438 0.766667 0.578125 0.777083 0.582812 0.779167 0.585938 0.772917 0.587500 0.762500 0.592187 0.756250 0.593750 0.756250 0.596875 0.752083 0.598437 0.747917 0.596875 0.741667 0.600000 0.737500 0.604688 0.737500 0.607812 0.735417 0.610938 0.731250 0.612500 0.727083 0.614062 0.722917 0.615625 0.712500 0.615625 0.704167 0.614062 0.695833 0.609375 0.689583 0.600000 0.683333 0.595313 0.683333 0.590625 0.679167 0.576562 0.677083 0.567187 0.677083
16 0.417187 0.145833 0.362500 0.145833 0.334375 0.147917 0.314063 0.152083 0.287500 0.150000 0.279687 0.150000 0.278125 0.154167 0.279687 0.164583 0.279687 0.168750 0.278125 0.172917 0.278125 0.177083 0.279687 0.210417 0.282813 0.218750 0.281250 0.233333 0.285938 0.247917 0.284375 0.256250 0.287500 0.264583 0.285938 0.270833 0.287500 0.277083 0.289062 0.281250 0.293750 0.283333 0.296875 0.287500 0.335938 0.287500 0.359375 0.285417 0.375000 0.281250 0.400000 0.279167 0.429688 0.279167 0.442188 0.275000 0.457813 0.275000 0.470313 0.272917 0.473438 0.270833 0.473438 0.222917 0.471875 0.152083 0.470313 0.150000 0.470313 0.145833 0.467187 0.145833 0.465625 0.143750 0.459375 0.143750 0.457813 0.141667 0.453125 0.141667 0.421875 0.141667 0.417187 0.145833
