23 0.501563 0.147917 0.500000 0.150000 0.492188 0.150000 0.467187 0.158333 0.450000 0.160417 0.442188 0.162500 0.434375 0.164583 0.417187 0.172917 0.404687 0.175000 0.398438 0.177083 0.392188 0.181250 0.392188 0.185417 0.393750 0.197917 0.395313 0.206250 0.396875 0.212500 0.398438 0.216667 0.409375 0.218750 0.417187 0.216667 0.432812 0.210417 0.440625 0.210417 0.448437 0.208333 0.454688 0.204167 0.462500 0.202083 0.501563 0.193750 0.507812 0.191667 0.514062 0.187500 0.515625 0.183333 0.515625 0.177083 0.514062 0.175000 0.514062 0.166667 0.512500 0.156250 0.510938 0.152083 0.507812 0.147917 0.501563 0.147917
31 0.651563 0.314583 0.643750 0.316667 0.634375 0.318750 0.626563 0.325000 0.617188 0.337500 0.615625 0.337500 0.607812 0.347917 0.603125 0.356250 0.598437 0.366667 0.589063 0.391667 0.590625 0.397917 0.589063 0.408333 0.593750 0.427083 0.592187 0.445833 0.592187 0.458333 0.593750 0.462500 0.595313 0.466667 0.598437 0.472917 0.604688 0.481250 0.609375 0.485417 0.618750 0.491667 0.626563 0.495833 0.631250 0.497917 0.637500 0.500000 0.645312 0.502083 0.665625 0.502083 0.671875 0.500000 0.676562 0.497917 0.684375 0.493750 0.687500 0.489583 0.690625 0.489583 0.695312 0.485417 0.704688 0.475000 0.717187 0.458333 0.720313 0.452083 0.723437 0.445833 0.728125 0.433333 0.728125 0.425000 0.731250 0.416667 0.731250 0.383333 0.729688 0.379167 0.726562 0.375000 0.725000 0.370833 0.718750 0.350000 0.707812 0.335417 0.700000 0.327083 0.693750 0.320833 0.689063 0.320833 0.685937 0.316667 0.676562 0.318750 0.667188 0.314583 0.651563 0.314583
4 0.765625 0.425000 0.762500 0.427083 0.759375 0.429167 0.748437 0.443750 0.745313 0.450000 0.743750 0.454167 0.742188 0.458333 0.737500 0.475000 0.735938 0.481250 0.735938 0.497917 0.737500 0.504167 0.739062 0.508333 0.740625 0.512500 0.745313 0.518750 0.746875 0.522917 0.746875 0.539583 0.743750 0.560417 0.742188 0.570833 0.737500 0.587500 0.735938 0.595833 0.735938 0.606250 0.734375 0.614583 0.731250 0.629167 0.728125 0.635417 0.726562 0.647917 0.723437 0.660417 0.720313 0.670833 0.715625 0.681250 0.712500 0.691667 0.710938 0.697917 0.709375 0.704167 0.709375 0.718750 0.710938 0.722917 0.712500 0.725000 0.715625 0.727083 0.720313 0.729167 0.725000 0.729167 0.728125 0.727083 0.732812 0.720833 0.734375 0.716667 0.734375 0.693750 0.735938 0.675000 0.740625 0.637500 0.743750 0.614583 0.745313 0.606250 0.748437 0.597917 0.750000 0.589583 0.751563 0.581250 0.751563 0.564583 0.753125 0.552083 0.754687 0.539583 0.756250 0.529167 0.762500 0.520833 0.767188 0.518750 0.775000 0.510417 0.778125 0.506250 0.784375 0.489583 0.785937 0.481250 0.787500 0.472917 0.787500 0.450000 0.785937 0.441667 0.784375 0.437500 0.782813 0.433333 0.778125 0.427083 0.775000 0.425000 0.765625 0.425000
16 0.151562 0.116667 0.150000 0.137500 0.150000 0.158333 0.146875 0.172917 0.148438 0.179167 0.146875 0.204167 0.145313 0.222917 0.143750 0.243750 0.140625 0.252083 0.140625 0.258333 0.142187 0.289583 0.140625 0.316667 0.137500 0.333333 0.135937 0.352083 0.135937 0.360417 0.137500 0.385417 0.140625 0.393750 0.143750 0.395833 0.145313 0.402083 0.146875 0.404167 0.151562 0.406250 0.154688 0.410417 0.157812 0.412500 0.170313 0.412500 0.178125 0.410417 0.182812 0.408333 0.189062 0.402083 0.198437 0.397917 0.207813 0.389583 0.212500 0.387500 0.217188 0.385417 0.237500 0.385417 0.240625 0.381250 0.240625 0.362500 0.242188 0.347917 0.245312 0.335417 0.246875 0.318750 0.246875 0.297917 0.243750 0.272917 0.245312 0.243750 0.246875 0.216667 0.248438 0.200000 0.250000 0.191667 0.254688 0.177083 0.256250 0.152083 0.254688 0.133333 0.246875 0.127083 0.235937 0.125000 0.221875 0.122917 0.201563 0.122917 0.167187 0.114583 0.151562 0.116667
22 0.725000 0.243750 0.710938 0.262500 0.706250 0.279167 0.720313 0.297917 0.731250 0.310417 0.740625 0.320833 0.751563 0.333333 0.759375 0.341667 0.765625 0.347917 0.770312 0.352083 0.773438 0.354167 0.776563 0.356250 0.781250 0.356250 0.790625 0.343750 0.796875 0.333333 0.800000 0.327083 0.801562 0.322917 0.801562 0.318750 0.796875 0.312500 0.782813 0.297917 0.781250 0.297917 0.753125 0.266667 0.735938 0.250000 0.731250 0.245833 0.728125 0.243750 0.725000 0.243750
24 0.387500 0.391667 0.382812 0.400000 0.379688 0.408333 0.378125 0.412500 0.375000 0.425000 0.362500 0.452083 0.348438 0.487500 0.345313 0.495833 0.342187 0.508333 0.337500 0.518750 0.331250 0.529167 0.318750 0.562500 0.318750 0.566667 0.317188 0.570833 0.320312 0.575000 0.328125 0.581250 0.345313 0.593750 0.382812 0.620833 0.385937 0.622917 0.389062 0.622917 0.392188 0.627083 0.396875 0.629167 0.400000 0.629167 0.403125 0.625000 0.409375 0.606250 0.412500 0.600000 0.415625 0.593750 0.420312 0.587500 0.423438 0.581250 0.435937 0.554167 0.437500 0.550000 0.439063 0.541667 0.446875 0.527083 0.448437 0.518750 0.451562 0.514583 0.451562 0.510417 0.454688 0.504167 0.457813 0.502083 0.459375 0.497917 0.460938 0.493750 0.460938 0.485417 0.453125 0.466667 0.451562 0.460417 0.450000 0.452083 0.450000 0.433333 0.446875 0.429167 0.442188 0.425000 0.425000 0.412500 0.395313 0.391667 0.387500 0.391667
0 0.221875 0.572917 0.220312 0.575000 0.215625 0.575000 0.210938 0.579167 0.203125 0.589583 0.200000 0.595833 0.195312 0.608333 0.192188 0.618750 0.190625 0.627083 0.189062 0.635417 0.184375 0.675000 0.184375 0.691667 0.185938 0.720833 0.187500 0.745833 0.189062 0.760417 0.190625 0.768750 0.192188 0.775000 0.193750 0.779167 0.207813 0.797917 0.210938 0.806250 0.212500 0.814583 0.215625 0.822917 0.218750 0.827083 0.220312 0.827083 0.226562 0.833333 0.242188 0.854167 0.245312 0.862500 0.259375 0.881250 0.262500 0.883333 0.267188 0.885417 0.278125 0.887500 0.285938 0.885417 0.289062 0.883333 0.298438 0.870833 0.300000 0.864583 0.301563 0.858333 0.301563 0.850000 0.309375 0.820833 0.309375 0.777083 0.310937 0.768750 0.314063 0.762500 0.315625 0.752083 0.315625 0.741667 0.312500 0.722917 0.307812 0.702083 0.303125 0.679167 0.300000 0.668750 0.298438 0.664583 0.279687 0.641667 0.278125 0.639583 0.271875 0.629167 0.267188 0.620833 0.265625 0.614583 0.259375 0.606250 0.254688 0.602083 0.250000 0.600000 0.245312 0.595833 0.231250 0.577083 0.225000 0.572917 0.221875 0.572917
12 0.653125 0.081250 0.646875 0.083333 0.639062 0.087500 0.629687 0.093750 0.625000 0.097917 0.620313 0.102083 0.607812 0.118750 0.601562 0.129167 0.600000 0.133333 0.598437 0.137500 0.596875 0.143750 0.595313 0.156250 0.590625 0.166667 0.590625 0.193750 0.592187 0.204167 0.593750 0.210417 0.596875 0.220833 0.598437 0.225000 0.600000 0.229167 0.603125 0.235417 0.614062 0.252083 0.620313 0.258333 0.625000 0.262500 0.629687 0.266667 0.632812 0.268750 0.635938 0.270833 0.650000 0.277083 0.681250 0.277083 0.695312 0.270833 0.698438 0.268750 0.701562 0.266667 0.715625 0.254167 0.718750 0.250000 0.720313 0.247917 0.726562 0.237500 0.729688 0.231250 0.734375 0.220833 0.735938 0.214583 0.737500 0.208333 0.739062 0.200000 0.739062 0.166667 0.737500 0.156250 0.731250 0.131250 0.729688 0.127083 0.726562 0.120833 0.718750 0.108333 0.714063 0.102083 0.712500 0.102083 0.706250 0.093750 0.696875 0.087500 0.689063 0.083333 0.682813 0.081250 0.653125 0.081250
6 0.832812 0.381250 0.821875 0.385417 0.798438 0.387500 0.787500 0.391667 0.776563 0.393750 0.753125 0.395833 0.742188 0.397917 0.732812 0.402083 0.731250 0.412500 0.731250 0.420833 0.726562 0.439583 0.725000 0.443750 0.723437 0.447917 0.720313 0.454167 0.715625 0.462500 0.704688 0.475000 0.698438 0.483333 0.698438 0.522917 0.701562 0.608333 0.703125 0.652083 0.704688 0.683333 0.707812 0.695833 0.710938 0.687500 0.714063 0.681250 0.720313 0.662500 0.726562 0.637500 0.731250 0.614583 0.732812 0.606250 0.734375 0.597917 0.734375 0.589583 0.739062 0.572917 0.742188 0.554167 0.743750 0.543750 0.743750 0.522917 0.742188 0.518750 0.737500 0.510417 0.734375 0.502083 0.732812 0.489583 0.734375 0.479167 0.739062 0.460417 0.743750 0.447917 0.746875 0.441667 0.756250 0.429167 0.762500 0.422917 0.776563 0.422917 0.779687 0.425000 0.785937 0.433333 0.787500 0.437500 0.789062 0.441667 0.790625 0.452083 0.790625 0.475000 0.787500 0.489583 0.784375 0.500000 0.781250 0.506250 0.776563 0.512500 0.770312 0.516667 0.764062 0.522917 0.759375 0.529167 0.757812 0.535417 0.756250 0.547917 0.754687 0.558333 0.753125 0.570833 0.753125 0.587500 0.751563 0.595833 0.746875 0.610417 0.745313 0.622917 0.745313 0.633333 0.739062 0.666667 0.737500 0.681250 0.737500 0.710417 0.735938 0.718750 0.734375 0.722917 0.729688 0.729167 0.726562 0.731250 0.717187 0.731250 0.712500 0.727083 0.707812 0.727083 0.707812 0.756250 0.710938 0.785417 0.712500 0.816667 0.712500 0.854167 0.714063 0.856250 0.714063 0.879167 0.717187 0.881250 0.726562 0.881250 0.728125 0.879167 0.735938 0.879167 0.748437 0.883333 0.790625 0.881250 0.825000 0.883333 0.857812 0.885417 0.876563 0.889583 0.884375 0.889583 0.885938 0.860417 0.893750 0.856250 0.895312 0.850000 0.893750 0.831250 0.892188 0.814583 0.889062 0.797917 0.889062 0.781250 0.887500 0.764583 0.884375 0.750000 0.882812 0.735417 0.881250 0.704167 0.882812 0.568750 0.884375 0.500000 0.887500 0.464583 0.887500 0.431250 0.884375 0.412500 0.868750 0.410417 0.851562 0.416667 0.853125 0.422917 0.853125 0.456250 0.851562 0.462500 0.848437 0.468750 0.846875 0.479167 0.845313 0.506250 0.843750 0.516667 0.842187 0.525000 0.840625 0.533333 0.829688 0.547917 0.825000 0.558333 0.825000 0.647917 0.823438 0.697917 0.821875 0.747917 0.820312 0.768750 0.815625 0.810417 0.814063 0.825000 0.809375 0.843750 0.809375 0.854167 0.807813 0.858333 0.801562 0.864583 0.792188 0.860417 0.790625 0.856250 0.789062 0.843750 0.787500 0.822917 0.787500 0.770833 0.789062 0.747917 0.790625 0.733333 0.793750 0.718750 0.795312 0.700000 0.795312 0.683333 0.798438 0.670833 0.798438 0.650000 0.801562 0.635417 0.801562 0.616667 0.804688 0.597917 0.804688 0.558333 0.803125 0.550000 0.800000 0.543750 0.800000 0.537500 0.798438 0.533333 0.795312 0.529167 0.793750 0.522917 0.793750 0.512500 0.795312 0.495833 0.798438 0.485417 0.798438 0.475000 0.800000 0.464583 0.801562 0.456250 0.804688 0.450000 0.809375 0.422917 0.810937 0.416667 0.817187 0.408333 0.821875 0.408333 0.823438 0.406250 0.826562 0.406250 0.828125 0.408333 0.831250 0.408333 0.842187 0.406250 0.843750 0.404167 0.846875 0.404167 0.846875 0.395833 0.845313 0.393750 0.843750 0.381250 0.832812 0.381250
0 0.545312 0.566667 0.539062 0.575000 0.537500 0.581250 0.535937 0.591667 0.525000 0.622917 0.521875 0.629167 0.517188 0.635417 0.512500 0.645833 0.504687 0.670833 0.498437 0.681250 0.493750 0.695833 0.485938 0.710417 0.481250 0.725000 0.475000 0.739583 0.470313 0.745833 0.465625 0.756250 0.454688 0.787500 0.454688 0.793750 0.457813 0.797917 0.462500 0.797917 0.467187 0.793750 0.473438 0.789583 0.485938 0.779167 0.496875 0.764583 0.501563 0.760417 0.509375 0.754167 0.520312 0.747917 0.531250 0.735417 0.545312 0.727083 0.551562 0.718750 0.557813 0.712500 0.567187 0.706250 0.585938 0.693750 0.601562 0.679167 0.607812 0.675000 0.614062 0.672917 0.617188 0.668750 0.617188 0.662500 0.612500 0.654167 0.604688 0.639583 0.596875 0.627083 0.595313 0.625000 0.593750 0.625000 0.590625 0.620833 0.590625 0.618750 0.585938 0.610417 0.576562 0.597917 0.575000 0.597917 0.564063 0.583333 0.553125 0.570833 0.548438 0.566667 0.545312 0.566667
3 0.831250 0.406250 0.820312 0.408333 0.814063 0.412500 0.812500 0.416667 0.810937 0.420833 0.809375 0.427083 0.809375 0.433333 0.806250 0.439583 0.801562 0.458333 0.800000 0.475000 0.796875 0.479167 0.795312 0.485417 0.793750 0.510417 0.793750 0.518750 0.795312 0.529167 0.803125 0.547917 0.804688 0.554167 0.806250 0.566667 0.806250 0.589583 0.798438 0.656250 0.796875 0.691667 0.793750 0.727083 0.790625 0.743750 0.789062 0.764583 0.789062 0.831250 0.790625 0.854167 0.792188 0.858333 0.793750 0.860417 0.796875 0.862500 0.806250 0.860417 0.807813 0.856250 0.809375 0.845833 0.814063 0.812500 0.815625 0.800000 0.817187 0.787500 0.818750 0.772917 0.820312 0.750000 0.820312 0.706250 0.823438 0.662500 0.825000 0.600000 0.825000 0.595833 0.823438 0.562500 0.825000 0.556250 0.826562 0.552083 0.829688 0.545833 0.835938 0.539583 0.837500 0.537500 0.839063 0.533333 0.840625 0.527083 0.842187 0.518750 0.843750 0.508333 0.845313 0.497917 0.845313 0.483333 0.850000 0.466667 0.850000 0.416667 0.848437 0.412500 0.845313 0.406250 0.839063 0.408333 0.831250 0.406250
1 0.253125 0.193750 0.251563 0.202083 0.250000 0.218750 0.248438 0.237500 0.246875 0.258333 0.246875 0.285417 0.248438 0.293750 0.253125 0.300000 0.256250 0.302083 0.262500 0.304167 0.273438 0.306250 0.279687 0.306250 0.304688 0.304167 0.340625 0.306250 0.378125 0.308333 0.417187 0.310417 0.446875 0.312500 0.467187 0.314583 0.481250 0.318750 0.500000 0.316667 0.500000 0.293750 0.498437 0.275000 0.496875 0.258333 0.495312 0.247917 0.492188 0.231250 0.490625 0.222917 0.489063 0.218750 0.487500 0.214583 0.479687 0.212500 0.476562 0.216667 0.473438 0.218750 0.467187 0.218750 0.462500 0.220833 0.457813 0.225000 0.451562 0.227083 0.432812 0.227083 0.418750 0.222917 0.396875 0.220833 0.314063 0.220833 0.306250 0.222917 0.304688 0.225000 0.300000 0.225000 0.296875 0.222917 0.295312 0.220833 0.285938 0.204167 0.279687 0.197917 0.275000 0.195833 0.270313 0.193750 0.264062 0.191667 0.253125 0.193750
1 0.732812 0.077083 0.729688 0.079167 0.726562 0.083333 0.720313 0.100000 0.720313 0.106250 0.723437 0.112500 0.729688 0.120833 0.732812 0.127083 0.734375 0.133333 0.740625 0.158333 0.742188 0.168750 0.742188 0.195833 0.743750 0.200000 0.750000 0.206250 0.756250 0.210417 0.762500 0.216667 0.782813 0.239583 0.789062 0.245833 0.801562 0.256250 0.817187 0.275000 0.825000 0.283333 0.837500 0.293750 0.843750 0.300000 0.851562 0.310417 0.857812 0.314583 0.868750 0.329167 0.875000 0.335417 0.881250 0.339583 0.884375 0.343750 0.884375 0.345833 0.889062 0.352083 0.892188 0.362500 0.895312 0.366667 0.895312 0.368750 0.896875 0.370833 0.900000 0.372917 0.923438 0.341667 0.934375 0.325000 0.942187 0.312500 0.946875 0.304167 0.950000 0.297917 0.951562 0.289583 0.951562 0.283333 0.948438 0.279167 0.946875 0.279167 0.940625 0.272917 0.931250 0.260417 0.925000 0.254167 0.914062 0.245833 0.907813 0.237500 0.903125 0.233333 0.895312 0.227083 0.890625 0.225000 0.882812 0.212500 0.873437 0.202083 0.867188 0.197917 0.857812 0.185417 0.850000 0.177083 0.843750 0.170833 0.828125 0.156250 0.800000 0.133333 0.792188 0.122917 0.785937 0.116667 0.779687 0.112500 0.771875 0.102083 0.767188 0.100000 0.762500 0.093750 0.757812 0.089583 0.751563 0.087500 0.748437 0.085417 0.742188 0.077083 0.732812 0.077083
13 0.515625 0.343750 0.504687 0.345833 0.500000 0.347917 0.495312 0.350000 0.487500 0.354167 0.482812 0.358333 0.478125 0.362500 0.465625 0.379167 0.462500 0.385417 0.459375 0.391667 0.457813 0.395833 0.456250 0.400000 0.454688 0.406250 0.453125 0.412500 0.451562 0.420833 0.451562 0.441667 0.453125 0.454167 0.457813 0.472917 0.460938 0.483333 0.464062 0.489583 0.470313 0.497917 0.470313 0.500000 0.475000 0.506250 0.481250 0.512500 0.490625 0.518750 0.495312 0.520833 0.500000 0.522917 0.506250 0.525000 0.514062 0.527083 0.528125 0.527083 0.535937 0.525000 0.542188 0.522917 0.546875 0.520833 0.556250 0.514583 0.560937 0.510417 0.565625 0.506250 0.575000 0.493750 0.578125 0.487500 0.581250 0.481250 0.585938 0.468750 0.587500 0.462500 0.589063 0.454167 0.590625 0.439583 0.590625 0.433333 0.589063 0.416667 0.585938 0.404167 0.584375 0.397917 0.579688 0.387500 0.576562 0.381250 0.571875 0.372917 0.567187 0.366667 0.565625 0.366667 0.559375 0.358333 0.546875 0.350000 0.542188 0.347917 0.535937 0.345833 0.526563 0.343750 0.515625 0.343750
