5 0.895312 0.475000 0.889062 0.483333 0.882812 0.497917 0.881250 0.502083 0.878125 0.516667 0.870313 0.533333 0.868750 0.541667 0.867188 0.560417 0.865625 0.568750 0.862500 0.575000 0.860938 0.581250 0.860938 0.610417 0.862500 0.614583 0.864062 0.618750 0.870313 0.627083 0.870313 0.631250 0.873437 0.635417 0.875000 0.641667 0.876563 0.647917 0.876563 0.700000 0.871875 0.737500 0.870313 0.756250 0.870313 0.777083 0.868750 0.789583 0.865625 0.797917 0.864062 0.806250 0.862500 0.818750 0.860938 0.841667 0.859375 0.868750 0.859375 0.872917 0.860938 0.883333 0.862500 0.887500 0.865625 0.891667 0.870313 0.891667 0.875000 0.889583 0.881250 0.881250 0.882812 0.877083 0.884375 0.860417 0.885938 0.827083 0.885938 0.791667 0.887500 0.760417 0.890625 0.712500 0.895312 0.662500 0.896875 0.635417 0.898438 0.600000 0.900000 0.550000 0.898438 0.475000 0.895312 0.475000
0 0.265625 0.497917 0.260937 0.500000 0.257812 0.502083 0.254688 0.504167 0.250000 0.510417 0.248438 0.510417 0.245312 0.514583 0.239063 0.522917 0.237500 0.525000 0.235937 0.531250 0.232813 0.535417 0.231250 0.539583 0.228125 0.550000 0.221875 0.575000 0.220312 0.602083 0.217188 0.610417 0.215625 0.643750 0.215625 0.662500 0.220312 0.683333 0.221875 0.689583 0.223438 0.695833 0.225000 0.700000 0.226562 0.704167 0.231250 0.710417 0.235937 0.712500 0.245312 0.712500 0.250000 0.710417 0.254688 0.706250 0.262500 0.695833 0.264062 0.687500 0.265625 0.677083 0.265625 0.622917 0.267188 0.606250 0.273438 0.585417 0.275000 0.570833 0.276562 0.564583 0.279687 0.558333 0.279687 0.552083 0.282813 0.545833 0.285938 0.527083 0.285938 0.518750 0.284375 0.512500 0.282813 0.508333 0.278125 0.502083 0.275000 0.500000 0.270313 0.497917 0.265625 0.497917
3 0.860938 0.722917 0.859375 0.729167 0.857812 0.731250 0.856250 0.739583 0.856250 0.747917 0.850000 0.777083 0.845313 0.791667 0.840625 0.802083 0.837500 0.812500 0.835938 0.818750 0.835938 0.879167 0.837500 0.900000 0.839063 0.910417 0.840625 0.916667 0.842187 0.920833 0.860938 0.918750 0.860938 0.887500 0.857812 0.883333 0.857812 0.843750 0.860938 0.802083 0.860938 0.722917
3 0.842187 0.429167 0.839063 0.422917 0.835938 0.422917 0.835938 0.427083 0.832812 0.435417 0.829688 0.454167 0.828125 0.468750 0.826562 0.481250 0.825000 0.497917 0.825000 0.533333 0.826562 0.537500 0.832812 0.547917 0.837500 0.560417 0.846875 0.585417 0.848437 0.591667 0.848437 0.597917 0.851562 0.604167 0.853125 0.612500 0.856250 0.629167 0.857812 0.650000 0.857812 0.614583 0.857812 0.589583 0.859375 0.579167 0.860938 0.572917 0.864062 0.566667 0.865625 0.560417 0.867188 0.543750 0.868750 0.527083 0.868750 0.460417 0.871875 0.445833 0.873437 0.429167 0.871875 0.420833 0.868750 0.425000 0.868750 0.427083 0.865625 0.431250 0.862500 0.427083 0.857812 0.422917 0.853125 0.431250 0.851562 0.425000 0.850000 0.420833 0.842187 0.429167
6 0.829688 0.833333 0.825000 0.839583 0.817187 0.856250 0.790625 0.891667 0.789062 0.897917 0.790625 0.902083 0.818750 0.904167 0.820312 0.902083 0.835938 0.902083 0.835938 0.885417 0.834375 0.839583 0.832812 0.837500 0.832812 0.833333 0.829688 0.833333
6 0.862500 0.627083 0.862500 0.716667 0.864062 0.718750 0.865625 0.777083 0.865625 0.770833 0.867188 0.768750 0.868750 0.758333 0.868750 0.737500 0.871875 0.718750 0.873437 0.700000 0.875000 0.677083 0.875000 0.652083 0.871875 0.641667 0.868750 0.633333 0.867188 0.629167 0.862500 0.627083
6 0.825000 0.445833 0.782813 0.447917 0.781250 0.450000 0.775000 0.450000 0.773438 0.454167 0.773438 0.462500 0.778125 0.468750 0.779687 0.468750 0.787500 0.477083 0.796875 0.487500 0.798438 0.489583 0.801562 0.495833 0.806250 0.500000 0.818750 0.518750 0.821875 0.518750 0.821875 0.512500 0.823438 0.510417 0.823438 0.495833 0.825000 0.493750 0.825000 0.479167 0.828125 0.464583 0.828125 0.447917 0.825000 0.445833
6 0.906250 0.439583 0.876563 0.441667 0.873437 0.445833 0.871875 0.454167 0.870313 0.477083 0.870313 0.508333 0.871875 0.510417 0.871875 0.527083 0.873437 0.520833 0.876563 0.514583 0.879687 0.500000 0.885938 0.485417 0.890625 0.479167 0.890625 0.477083 0.893750 0.472917 0.898438 0.472917 0.901563 0.477083 0.901563 0.566667 0.900000 0.614583 0.898438 0.641667 0.896875 0.668750 0.895312 0.693750 0.892188 0.718750 0.892188 0.743750 0.889062 0.766667 0.887500 0.802083 0.887500 0.837500 0.885938 0.866667 0.884375 0.877083 0.882812 0.881250 0.881250 0.885417 0.876563 0.891667 0.871875 0.893750 0.864062 0.895833 0.864062 0.902083 0.867188 0.904167 0.889062 0.904167 0.909375 0.908333 0.937500 0.910417 0.951562 0.910417 0.964063 0.902083 0.967187 0.900000 0.968750 0.897917 0.970313 0.893750 0.970313 0.872917 0.968750 0.870833 0.968750 0.847917 0.964063 0.800000 0.964063 0.772917 0.960938 0.750000 0.960938 0.725000 0.959375 0.702083 0.954688 0.656250 0.954688 0.631250 0.951562 0.606250 0.950000 0.579167 0.948438 0.514583 0.945312 0.483333 0.945312 0.450000 0.943750 0.447917 0.943750 0.439583 0.906250 0.439583
0 0.317188 0.500000 0.312500 0.502083 0.307812 0.506250 0.298438 0.518750 0.290625 0.533333 0.287500 0.539583 0.285938 0.543750 0.284375 0.547917 0.282813 0.560417 0.276562 0.577083 0.275000 0.585417 0.275000 0.597917 0.273438 0.608333 0.270313 0.616667 0.268750 0.645833 0.268750 0.675000 0.270313 0.681250 0.271875 0.687500 0.276562 0.700000 0.279687 0.706250 0.285938 0.714583 0.289062 0.716667 0.296875 0.718750 0.303125 0.716667 0.306250 0.714583 0.309375 0.710417 0.310937 0.706250 0.312500 0.700000 0.314063 0.693750 0.315625 0.685417 0.317188 0.677083 0.318750 0.654167 0.318750 0.635417 0.320312 0.618750 0.325000 0.595833 0.326562 0.587500 0.334375 0.566667 0.335938 0.560417 0.339062 0.545833 0.340625 0.537500 0.340625 0.525000 0.339062 0.518750 0.335938 0.510417 0.332813 0.506250 0.328125 0.502083 0.325000 0.500000 0.317188 0.500000
0 0.504687 0.204167 0.495312 0.206250 0.481250 0.212500 0.471875 0.218750 0.465625 0.225000 0.457813 0.233333 0.454688 0.237500 0.451562 0.243750 0.448437 0.250000 0.445312 0.256250 0.442188 0.266667 0.440625 0.275000 0.439063 0.283333 0.439063 0.310417 0.440625 0.322917 0.442188 0.331250 0.446875 0.343750 0.450000 0.350000 0.454688 0.358333 0.460938 0.366667 0.467187 0.372917 0.471875 0.377083 0.475000 0.379167 0.478125 0.381250 0.485938 0.385417 0.490625 0.387500 0.496875 0.389583 0.528125 0.389583 0.532813 0.387500 0.537500 0.385417 0.545312 0.381250 0.548438 0.379167 0.553125 0.375000 0.559375 0.366667 0.560937 0.366667 0.565625 0.360417 0.568750 0.354167 0.571875 0.347917 0.576562 0.335417 0.578125 0.329167 0.579688 0.322917 0.581250 0.312500 0.581250 0.281250 0.579688 0.270833 0.578125 0.264583 0.571875 0.247917 0.568750 0.241667 0.562500 0.231250 0.560937 0.229167 0.551562 0.218750 0.546875 0.214583 0.539062 0.210417 0.534375 0.208333 0.529687 0.206250 0.523438 0.204167 0.504687 0.204167
0 0.717187 0.543750 0.715625 0.547917 0.715625 0.552083 0.714063 0.556250 0.712500 0.560417 0.706250 0.568750 0.706250 0.583333 0.704688 0.589583 0.703125 0.593750 0.701562 0.597917 0.695312 0.610417 0.689063 0.618750 0.678125 0.631250 0.678125 0.643750 0.679688 0.647917 0.681250 0.650000 0.684375 0.652083 0.695312 0.652083 0.715625 0.643750 0.726562 0.641667 0.732812 0.641667 0.739062 0.643750 0.742188 0.645833 0.745313 0.650000 0.746875 0.658333 0.750000 0.660417 0.753125 0.662500 0.762500 0.662500 0.767188 0.660417 0.773438 0.652083 0.773438 0.625000 0.771875 0.597917 0.770312 0.589583 0.768750 0.585417 0.765625 0.579167 0.760938 0.570833 0.759375 0.568750 0.754687 0.566667 0.751563 0.562500 0.743750 0.558333 0.740625 0.554167 0.740625 0.552083 0.737500 0.547917 0.734375 0.545833 0.728125 0.543750 0.717187 0.543750
0 0.654687 0.468750 0.651563 0.470833 0.648438 0.472917 0.640625 0.481250 0.637500 0.487500 0.635938 0.493750 0.635938 0.500000 0.634375 0.506250 0.628125 0.514583 0.626563 0.518750 0.623437 0.533333 0.621875 0.543750 0.621875 0.547917 0.623437 0.558333 0.625000 0.562500 0.628125 0.568750 0.631250 0.575000 0.632812 0.577083 0.634375 0.577083 0.635938 0.579167 0.637500 0.585417 0.642188 0.591667 0.643750 0.591667 0.650000 0.600000 0.650000 0.604167 0.651563 0.608333 0.659375 0.612500 0.671875 0.612500 0.676562 0.610417 0.682813 0.602083 0.687500 0.593750 0.689063 0.589583 0.690625 0.585417 0.690625 0.579167 0.692187 0.572917 0.696875 0.566667 0.704688 0.566667 0.707812 0.564583 0.709375 0.562500 0.709375 0.560417 0.712500 0.556250 0.712500 0.550000 0.714063 0.547917 0.714063 0.543750 0.712500 0.539583 0.710938 0.537500 0.707812 0.535417 0.704688 0.533333 0.696875 0.531250 0.684375 0.522917 0.681250 0.518750 0.681250 0.510417 0.682813 0.495833 0.681250 0.485417 0.679688 0.481250 0.676562 0.477083 0.676562 0.475000 0.675000 0.472917 0.671875 0.470833 0.665625 0.468750 0.654687 0.468750
0 0.596875 0.527083 0.590625 0.529167 0.587500 0.531250 0.585938 0.537500 0.579688 0.566667 0.576562 0.577083 0.575000 0.583333 0.568750 0.591667 0.562500 0.591667 0.550000 0.589583 0.542188 0.593750 0.540625 0.597917 0.540625 0.612500 0.542188 0.616667 0.545312 0.622917 0.550000 0.631250 0.559375 0.641667 0.564063 0.641667 0.567187 0.643750 0.570312 0.645833 0.576562 0.652083 0.585938 0.658333 0.592187 0.660417 0.607812 0.660417 0.610938 0.658333 0.614062 0.656250 0.623437 0.643750 0.631250 0.639583 0.640625 0.631250 0.646875 0.622917 0.648438 0.618750 0.650000 0.612500 0.650000 0.606250 0.648438 0.602083 0.640625 0.591667 0.637500 0.589583 0.632812 0.589583 0.631250 0.591667 0.626563 0.591667 0.623437 0.589583 0.620313 0.585417 0.615625 0.572917 0.614062 0.566667 0.612500 0.560417 0.610938 0.552083 0.610938 0.541667 0.609375 0.533333 0.607812 0.529167 0.604688 0.527083 0.596875 0.527083
0 0.348438 0.564583 0.343750 0.566667 0.340625 0.568750 0.337500 0.570833 0.331250 0.579167 0.329688 0.585417 0.326562 0.597917 0.325000 0.610417 0.325000 0.627083 0.321875 0.643750 0.321875 0.660417 0.320312 0.670833 0.318750 0.681250 0.317188 0.689583 0.315625 0.697917 0.310937 0.710417 0.309375 0.716667 0.307812 0.731250 0.303125 0.745833 0.301563 0.754167 0.301563 0.762500 0.303125 0.768750 0.306250 0.777083 0.309375 0.781250 0.312500 0.783333 0.326562 0.783333 0.335938 0.777083 0.346875 0.762500 0.350000 0.754167 0.354687 0.741667 0.364063 0.712500 0.365625 0.706250 0.367188 0.697917 0.370312 0.679167 0.371875 0.666667 0.373437 0.650000 0.375000 0.627083 0.375000 0.618750 0.371875 0.608333 0.371875 0.595833 0.370312 0.587500 0.368750 0.579167 0.365625 0.572917 0.360938 0.566667 0.356250 0.564583 0.348438 0.564583
0 0.548438 0.658333 0.542188 0.662500 0.539062 0.666667 0.537500 0.672917 0.535937 0.681250 0.534375 0.685417 0.529687 0.693750 0.528125 0.700000 0.526563 0.710417 0.525000 0.725000 0.526563 0.731250 0.534375 0.741667 0.539062 0.743750 0.543750 0.750000 0.545312 0.756250 0.545312 0.779167 0.546875 0.783333 0.548438 0.787500 0.557813 0.800000 0.560937 0.800000 0.565625 0.806250 0.565625 0.810417 0.567187 0.814583 0.570312 0.818750 0.579688 0.825000 0.592187 0.831250 0.596875 0.833333 0.604688 0.835417 0.621875 0.837500 0.640625 0.837500 0.651563 0.835417 0.659375 0.833333 0.662500 0.831250 0.665625 0.827083 0.668750 0.827083 0.679688 0.816667 0.682813 0.814583 0.685937 0.812500 0.707812 0.812500 0.721875 0.810417 0.732812 0.804167 0.745313 0.804167 0.754687 0.802083 0.765625 0.797917 0.770312 0.795833 0.773438 0.793750 0.776563 0.789583 0.778125 0.785417 0.779687 0.781250 0.779687 0.758333 0.776563 0.750000 0.773438 0.745833 0.765625 0.745833 0.762500 0.741667 0.760938 0.737500 0.759375 0.725000 0.757812 0.718750 0.756250 0.712500 0.751563 0.706250 0.735938 0.706250 0.731250 0.710417 0.720313 0.710417 0.715625 0.714583 0.703125 0.714583 0.684375 0.708333 0.673438 0.702083 0.667188 0.702083 0.662500 0.700000 0.657813 0.697917 0.643750 0.687500 0.639062 0.685417 0.632812 0.685417 0.626563 0.689583 0.623437 0.685417 0.623437 0.683333 0.620313 0.679167 0.618750 0.679167 0.614062 0.672917 0.610938 0.670833 0.604688 0.668750 0.593750 0.668750 0.589063 0.672917 0.584375 0.672917 0.576562 0.664583 0.571875 0.662500 0.567187 0.660417 0.560937 0.658333 0.548438 0.658333
22 0.625000 0.162500 0.620313 0.164583 0.615625 0.168750 0.610938 0.170833 0.612500 0.183333 0.610938 0.191667 0.606250 0.193750 0.606250 0.197917 0.607812 0.210417 0.610938 0.220833 0.621875 0.252083 0.623437 0.256250 0.626563 0.260417 0.628125 0.264583 0.632812 0.279167 0.635938 0.293750 0.640625 0.308333 0.650000 0.331250 0.651563 0.337500 0.656250 0.337500 0.660937 0.335417 0.668750 0.331250 0.671875 0.329167 0.675000 0.327083 0.676562 0.320833 0.673438 0.312500 0.673438 0.306250 0.668750 0.287500 0.667188 0.281250 0.659375 0.256250 0.657813 0.243750 0.653125 0.231250 0.651563 0.225000 0.651563 0.218750 0.650000 0.212500 0.648438 0.206250 0.639062 0.175000 0.637500 0.168750 0.632812 0.162500 0.625000 0.162500
0 0.382812 0.679167 0.379688 0.681250 0.375000 0.687500 0.371875 0.693750 0.368750 0.702083 0.365625 0.714583 0.362500 0.718750 0.351562 0.752083 0.346875 0.766667 0.346875 0.772917 0.350000 0.777083 0.354687 0.779167 0.359375 0.781250 0.365625 0.783333 0.371875 0.783333 0.385937 0.777083 0.404687 0.766667 0.407813 0.764583 0.410938 0.762500 0.417187 0.754167 0.420312 0.745833 0.425000 0.733333 0.425000 0.716667 0.423438 0.712500 0.421875 0.708333 0.406250 0.687500 0.401562 0.683333 0.398438 0.681250 0.393750 0.679167 0.382812 0.679167
0 0.378125 0.481250 0.360938 0.483333 0.354687 0.487500 0.345313 0.493750 0.340625 0.497917 0.337500 0.502083 0.337500 0.510417 0.343750 0.527083 0.348438 0.537500 0.362500 0.556250 0.365625 0.558333 0.378125 0.558333 0.392188 0.556250 0.404687 0.550000 0.410938 0.550000 0.417187 0.547917 0.420312 0.545833 0.423438 0.543750 0.428125 0.537500 0.429688 0.533333 0.429688 0.529167 0.431250 0.525000 0.429688 0.516667 0.428125 0.510417 0.426563 0.506250 0.425000 0.502083 0.420312 0.491667 0.417187 0.487500 0.412500 0.483333 0.409375 0.481250 0.378125 0.481250
0 0.431250 0.625000 0.429688 0.629167 0.426563 0.635417 0.420312 0.643750 0.417187 0.645833 0.414062 0.647917 0.410938 0.647917 0.407813 0.650000 0.401562 0.656250 0.392188 0.660417 0.385937 0.660417 0.381250 0.656250 0.378125 0.656250 0.378125 0.662500 0.379688 0.668750 0.382812 0.677083 0.390625 0.677083 0.396875 0.679167 0.400000 0.681250 0.403125 0.683333 0.407813 0.687500 0.414062 0.695833 0.423438 0.710417 0.426563 0.702083 0.428125 0.693750 0.429688 0.683333 0.429688 0.672917 0.432812 0.662500 0.431250 0.625000
0 0.418750 0.547917 0.412500 0.550000 0.404687 0.552083 0.400000 0.554167 0.395313 0.556250 0.390625 0.560417 0.381250 0.572917 0.379688 0.577083 0.378125 0.593750 0.376563 0.614583 0.375000 0.637500 0.375000 0.643750 0.376563 0.650000 0.379688 0.654167 0.382812 0.656250 0.385937 0.658333 0.392188 0.658333 0.396875 0.656250 0.410938 0.647917 0.420312 0.641667 0.426563 0.633333 0.429688 0.627083 0.431250 0.614583 0.432812 0.610417 0.434375 0.606250 0.437500 0.602083 0.439063 0.597917 0.440625 0.593750 0.440625 0.572917 0.437500 0.566667 0.432812 0.558333 0.426563 0.550000 0.423438 0.547917 0.418750 0.547917
27 0.201563 0.116667 0.192188 0.118750 0.187500 0.120833 0.175000 0.129167 0.164062 0.141667 0.162500 0.143750 0.162500 0.145833 0.159375 0.150000 0.154688 0.162500 0.150000 0.177083 0.150000 0.214583 0.153125 0.220833 0.151562 0.222917 0.156250 0.239583 0.159375 0.245833 0.162500 0.252083 0.167187 0.260417 0.176563 0.272917 0.181250 0.277083 0.185938 0.281250 0.200000 0.291667 0.203125 0.293750 0.220312 0.302083 0.243750 0.318750 0.251563 0.320833 0.259375 0.327083 0.267188 0.329167 0.287500 0.329167 0.293750 0.327083 0.298438 0.325000 0.306250 0.318750 0.310937 0.314583 0.314063 0.310417 0.314063 0.308333 0.318750 0.302083 0.321875 0.295833 0.323437 0.291667 0.325000 0.285417 0.326562 0.277083 0.326562 0.252083 0.325000 0.243750 0.323437 0.237500 0.321875 0.233333 0.320312 0.229167 0.315625 0.220833 0.306250 0.210417 0.303125 0.202083 0.296875 0.193750 0.279687 0.170833 0.271875 0.156250 0.257812 0.137500 0.253125 0.133333 0.245312 0.127083 0.242188 0.125000 0.228125 0.118750 0.221875 0.116667 0.201563 0.116667
16 0.353125 0.175000 0.343750 0.187500 0.339062 0.195833 0.335938 0.202083 0.334375 0.212500 0.332813 0.231250 0.332813 0.275000 0.331250 0.285417 0.325000 0.300000 0.323437 0.306250 0.318750 0.327083 0.317188 0.335417 0.315625 0.347917 0.314063 0.364583 0.314063 0.397917 0.321875 0.410417 0.326562 0.416667 0.331250 0.420833 0.335938 0.425000 0.353125 0.425000 0.362500 0.427083 0.370312 0.429167 0.375000 0.433333 0.381250 0.433333 0.387500 0.437500 0.392188 0.437500 0.401562 0.427083 0.404687 0.422917 0.409375 0.406250 0.421875 0.383333 0.428125 0.366667 0.431250 0.356250 0.432812 0.343750 0.437500 0.337500 0.439063 0.325000 0.439063 0.320833 0.435937 0.312500 0.434375 0.297917 0.435937 0.285417 0.437500 0.277083 0.439063 0.268750 0.440625 0.262500 0.448437 0.239583 0.453125 0.235417 0.450000 0.233333 0.450000 0.214583 0.451562 0.210417 0.450000 0.204167 0.445312 0.197917 0.440625 0.195833 0.429688 0.191667 0.421875 0.189583 0.403125 0.187500 0.393750 0.185417 0.385937 0.183333 0.364063 0.175000 0.353125 0.175000
