0 0.618750 0.550000 0.615625 0.552083 0.607812 0.562500 0.600000 0.579167 0.589063 0.608333 0.587500 0.614583 0.587500 0.643750 0.590625 0.654167 0.593750 0.656250 0.614062 0.656250 0.625000 0.654167 0.632812 0.652083 0.635938 0.650000 0.639062 0.647917 0.646875 0.637500 0.651563 0.625000 0.654687 0.610417 0.656250 0.597917 0.657813 0.587500 0.657813 0.562500 0.656250 0.558333 0.654687 0.556250 0.653125 0.556250 0.650000 0.552083 0.646875 0.550000 0.618750 0.550000
30 0.893750 0.183333 0.885938 0.185417 0.879687 0.187500 0.875000 0.189583 0.865625 0.195833 0.856250 0.202083 0.843750 0.212500 0.834375 0.218750 0.831250 0.218750 0.828125 0.220833 0.825000 0.222917 0.821875 0.227083 0.818750 0.229167 0.815625 0.231250 0.790625 0.245833 0.785937 0.252083 0.782813 0.254167 0.775000 0.258333 0.762500 0.264583 0.753125 0.270833 0.732812 0.287500 0.729688 0.289583 0.720313 0.293750 0.710938 0.302083 0.695312 0.312500 0.670312 0.327083 0.667188 0.331250 0.667188 0.335417 0.665625 0.339583 0.662500 0.343750 0.660937 0.347917 0.660937 0.360417 0.662500 0.370833 0.664062 0.379167 0.665625 0.385417 0.668750 0.395833 0.673438 0.408333 0.676562 0.414583 0.679688 0.420833 0.695312 0.441667 0.698438 0.443750 0.707812 0.443750 0.712500 0.445833 0.717187 0.445833 0.720313 0.445833 0.731250 0.437500 0.751563 0.422917 0.756250 0.422917 0.759375 0.420833 0.762500 0.418750 0.765625 0.414583 0.768750 0.412500 0.771875 0.410417 0.779687 0.408333 0.789062 0.402083 0.807813 0.389583 0.812500 0.385417 0.818750 0.377083 0.826562 0.372917 0.839063 0.366667 0.845313 0.360417 0.878125 0.341667 0.884375 0.337500 0.890625 0.331250 0.893750 0.329167 0.921875 0.312500 0.926562 0.308333 0.934375 0.297917 0.935937 0.297917 0.942187 0.289583 0.943750 0.285417 0.945312 0.281250 0.946875 0.272917 0.946875 0.252083 0.945312 0.241667 0.943750 0.235417 0.942187 0.229167 0.939063 0.218750 0.937500 0.214583 0.934375 0.208333 0.918750 0.189583 0.915625 0.187500 0.912500 0.185417 0.907813 0.183333 0.893750 0.183333
0 0.728125 0.662500 0.717187 0.668750 0.714063 0.670833 0.710938 0.672917 0.703125 0.683333 0.701562 0.687500 0.700000 0.693750 0.700000 0.700000 0.703125 0.706250 0.715625 0.725000 0.721875 0.733333 0.728125 0.737500 0.742188 0.747917 0.754687 0.756250 0.759375 0.756250 0.760938 0.754167 0.767188 0.754167 0.771875 0.752083 0.776563 0.745833 0.778125 0.741667 0.778125 0.718750 0.776563 0.706250 0.775000 0.697917 0.771875 0.687500 0.770312 0.683333 0.767188 0.677083 0.764062 0.672917 0.759375 0.668750 0.756250 0.666667 0.753125 0.664583 0.748437 0.662500 0.728125 0.662500
0 0.710938 0.733333 0.707812 0.735417 0.706250 0.737500 0.704688 0.741667 0.703125 0.747917 0.700000 0.752083 0.698438 0.756250 0.696875 0.760417 0.695312 0.766667 0.695312 0.779167 0.700000 0.793750 0.700000 0.812500 0.701562 0.818750 0.703125 0.825000 0.704688 0.829167 0.706250 0.833333 0.710938 0.841667 0.720313 0.852083 0.726562 0.858333 0.731250 0.860417 0.735938 0.866667 0.740625 0.870833 0.743750 0.872917 0.746875 0.875000 0.753125 0.877083 0.759375 0.877083 0.762500 0.875000 0.767188 0.870833 0.770312 0.864583 0.773438 0.858333 0.773438 0.847917 0.768750 0.841667 0.768750 0.837500 0.770312 0.831250 0.775000 0.818750 0.785937 0.793750 0.790625 0.787500 0.796875 0.781250 0.798438 0.777083 0.798438 0.768750 0.798438 0.764583 0.793750 0.756250 0.789062 0.747917 0.782813 0.747917 0.778125 0.750000 0.770312 0.756250 0.764062 0.758333 0.756250 0.760417 0.737500 0.760417 0.729688 0.756250 0.729688 0.754167 0.726562 0.750000 0.725000 0.739583 0.718750 0.733333 0.710938 0.733333
2 0.214062 0.179167 0.215625 0.187500 0.214062 0.214583 0.209375 0.264583 0.209375 0.291667 0.204687 0.335417 0.206250 0.381250 0.209375 0.383333 0.218750 0.383333 0.253125 0.391667 0.265625 0.393750 0.281250 0.393750 0.295312 0.395833 0.301563 0.400000 0.306250 0.400000 0.309375 0.395833 0.309375 0.389583 0.307812 0.375000 0.310937 0.352083 0.310937 0.322917 0.314063 0.295833 0.315625 0.268750 0.314063 0.256250 0.314063 0.250000 0.317188 0.233333 0.317188 0.216667 0.315625 0.214583 0.315625 0.195833 0.314063 0.193750 0.314063 0.189583 0.307812 0.187500 0.300000 0.191667 0.289062 0.191667 0.273438 0.189583 0.256250 0.187500 0.242188 0.185417 0.234375 0.181250 0.225000 0.179167 0.214062 0.179167
3 0.892188 0.504167 0.887500 0.518750 0.884375 0.514583 0.882812 0.508333 0.879687 0.508333 0.879687 0.514583 0.876563 0.518750 0.873437 0.514583 0.873437 0.512500 0.868750 0.512500 0.867188 0.516667 0.860938 0.514583 0.860938 0.518750 0.859375 0.520833 0.859375 0.562500 0.860938 0.572917 0.862500 0.581250 0.864062 0.587500 0.868750 0.600000 0.873437 0.610417 0.881250 0.620833 0.893750 0.645833 0.900000 0.662500 0.903125 0.672917 0.912500 0.710417 0.923438 0.756250 0.934375 0.804167 0.939063 0.825000 0.951562 0.889583 0.957812 0.906250 0.962500 0.914583 0.965625 0.916667 0.970313 0.918750 0.973437 0.916667 0.975000 0.900000 0.973437 0.889583 0.970313 0.875000 0.964063 0.852083 0.954688 0.820833 0.953125 0.814583 0.939063 0.750000 0.937500 0.743750 0.934375 0.737500 0.932813 0.731250 0.931250 0.725000 0.921875 0.679167 0.918750 0.672917 0.917188 0.664583 0.915625 0.654167 0.914062 0.643750 0.914062 0.579167 0.912500 0.568750 0.910937 0.560417 0.909375 0.552083 0.907813 0.545833 0.906250 0.539583 0.901563 0.522917 0.895312 0.506250 0.892188 0.504167
0 0.637500 0.679167 0.629687 0.681250 0.625000 0.683333 0.618750 0.689583 0.615625 0.685417 0.610938 0.681250 0.606250 0.681250 0.601562 0.683333 0.595313 0.687500 0.593750 0.691667 0.593750 0.708333 0.589063 0.716667 0.576562 0.733333 0.573438 0.739583 0.568750 0.752083 0.567187 0.758333 0.567187 0.762500 0.570312 0.772917 0.573438 0.779167 0.576562 0.783333 0.581250 0.787500 0.584375 0.789583 0.589063 0.791667 0.600000 0.791667 0.606250 0.783333 0.610938 0.781250 0.623437 0.783333 0.628125 0.781250 0.640625 0.772917 0.653125 0.756250 0.654687 0.752083 0.654687 0.747917 0.656250 0.743750 0.659375 0.739583 0.660937 0.735417 0.662500 0.731250 0.664062 0.725000 0.664062 0.708333 0.662500 0.702083 0.657813 0.689583 0.650000 0.679167 0.646875 0.677083 0.637500 0.679167
0 0.415625 0.741667 0.410938 0.743750 0.407813 0.745833 0.396875 0.760417 0.395313 0.764583 0.395313 0.772917 0.396875 0.777083 0.398438 0.781250 0.403125 0.787500 0.406250 0.789583 0.410938 0.791667 0.415625 0.789583 0.418750 0.793750 0.420312 0.797917 0.421875 0.804167 0.421875 0.812500 0.423438 0.818750 0.426563 0.825000 0.429688 0.827083 0.435937 0.827083 0.439063 0.825000 0.440625 0.822917 0.442188 0.818750 0.443750 0.810417 0.445312 0.795833 0.445312 0.775000 0.448437 0.770833 0.450000 0.770833 0.453125 0.766667 0.451562 0.756250 0.450000 0.752083 0.446875 0.747917 0.443750 0.745833 0.439063 0.743750 0.432812 0.741667 0.415625 0.741667
0 0.439063 0.670833 0.426563 0.672917 0.421875 0.675000 0.418750 0.679167 0.418750 0.685417 0.420312 0.702083 0.423438 0.706250 0.423438 0.714583 0.417187 0.733333 0.418750 0.739583 0.429688 0.739583 0.432812 0.737500 0.448437 0.716667 0.451562 0.716667 0.454688 0.714583 0.459375 0.718750 0.464062 0.718750 0.467187 0.716667 0.468750 0.714583 0.470313 0.710417 0.470313 0.691667 0.465625 0.685417 0.464062 0.679167 0.459375 0.672917 0.456250 0.670833 0.439063 0.670833
0 0.376563 0.629167 0.367188 0.631250 0.362500 0.633333 0.357812 0.637500 0.353125 0.641667 0.342187 0.656250 0.342187 0.662500 0.339062 0.668750 0.339062 0.677083 0.337500 0.679167 0.337500 0.685417 0.339062 0.689583 0.343750 0.695833 0.346875 0.695833 0.350000 0.697917 0.357812 0.695833 0.364063 0.689583 0.368750 0.689583 0.379688 0.704167 0.384375 0.708333 0.387500 0.710417 0.390625 0.710417 0.395313 0.704167 0.393750 0.700000 0.389062 0.691667 0.387500 0.687500 0.381250 0.664583 0.381250 0.652083 0.378125 0.641667 0.376563 0.629167
0 0.434375 0.564583 0.428125 0.566667 0.421875 0.568750 0.409375 0.577083 0.404687 0.583333 0.401562 0.591667 0.398438 0.595833 0.392188 0.600000 0.389062 0.604167 0.385937 0.610417 0.379688 0.625000 0.379688 0.629167 0.378125 0.633333 0.379688 0.643750 0.382812 0.654167 0.382812 0.664583 0.389062 0.687500 0.392188 0.695833 0.395313 0.700000 0.400000 0.702083 0.403125 0.702083 0.407813 0.700000 0.410938 0.697917 0.414062 0.695833 0.415625 0.687500 0.412500 0.683333 0.417187 0.677083 0.420312 0.675000 0.423438 0.672917 0.428125 0.670833 0.443750 0.668750 0.460938 0.670833 0.473438 0.668750 0.475000 0.664583 0.476562 0.660417 0.478125 0.654167 0.478125 0.641667 0.473438 0.635417 0.462500 0.629167 0.454688 0.622917 0.450000 0.618750 0.440625 0.604167 0.435937 0.597917 0.439063 0.587500 0.445312 0.579167 0.445312 0.572917 0.440625 0.566667 0.434375 0.564583
0 0.354687 0.527083 0.346875 0.529167 0.342187 0.531250 0.337500 0.533333 0.328125 0.543750 0.325000 0.547917 0.323437 0.552083 0.321875 0.556250 0.320312 0.562500 0.318750 0.568750 0.318750 0.589583 0.321875 0.597917 0.321875 0.606250 0.323437 0.614583 0.329688 0.622917 0.332813 0.625000 0.335938 0.627083 0.350000 0.627083 0.354687 0.622917 0.364063 0.610417 0.367188 0.612500 0.375000 0.622917 0.379688 0.622917 0.382812 0.616667 0.387500 0.604167 0.387500 0.597917 0.381250 0.581250 0.381250 0.577083 0.384375 0.572917 0.392188 0.572917 0.398438 0.570833 0.401562 0.568750 0.403125 0.564583 0.403125 0.552083 0.392188 0.535417 0.387500 0.531250 0.384375 0.529167 0.370312 0.527083 0.354687 0.527083
0 0.279687 0.610417 0.267188 0.618750 0.260937 0.625000 0.251563 0.635417 0.235937 0.656250 0.220312 0.675000 0.196875 0.700000 0.184375 0.710417 0.168750 0.731250 0.167187 0.735417 0.168750 0.741667 0.178125 0.764583 0.190625 0.781250 0.201563 0.793750 0.207813 0.800000 0.209375 0.800000 0.212500 0.804167 0.231250 0.833333 0.240625 0.845833 0.265625 0.877083 0.287500 0.904167 0.292187 0.908333 0.300000 0.908333 0.303125 0.906250 0.309375 0.897917 0.315625 0.893750 0.318750 0.889583 0.326562 0.877083 0.340625 0.860417 0.340625 0.858333 0.354687 0.841667 0.359375 0.835417 0.359375 0.833333 0.364063 0.827083 0.375000 0.816667 0.396875 0.787500 0.396875 0.783333 0.390625 0.762500 0.387500 0.756250 0.375000 0.739583 0.345313 0.700000 0.343750 0.697917 0.335938 0.689583 0.321875 0.668750 0.315625 0.654167 0.307812 0.641667 0.296875 0.627083 0.295312 0.627083 0.282813 0.610417 0.279687 0.610417
0 0.585938 0.141667 0.571875 0.143750 0.567187 0.145833 0.562500 0.147917 0.556250 0.152083 0.546875 0.158333 0.540625 0.164583 0.529687 0.179167 0.525000 0.187500 0.520312 0.197917 0.515625 0.210417 0.514062 0.216667 0.512500 0.225000 0.510938 0.237500 0.510938 0.260417 0.512500 0.270833 0.514062 0.277083 0.515625 0.281250 0.517188 0.285417 0.525000 0.304167 0.540625 0.325000 0.548438 0.331250 0.557813 0.337500 0.562500 0.339583 0.567187 0.341667 0.576562 0.343750 0.592187 0.343750 0.601562 0.341667 0.610938 0.337500 0.615625 0.335417 0.620313 0.331250 0.629687 0.322917 0.642188 0.306250 0.646875 0.297917 0.651563 0.285417 0.654687 0.275000 0.656250 0.268750 0.657813 0.260417 0.659375 0.245833 0.659375 0.225000 0.656250 0.206250 0.654687 0.200000 0.648438 0.185417 0.643750 0.177083 0.635938 0.164583 0.629687 0.158333 0.625000 0.154167 0.610938 0.145833 0.604688 0.143750 0.590625 0.141667 0.585938 0.141667
13 0.410938 0.302083 0.401562 0.304167 0.396875 0.306250 0.393750 0.308333 0.390625 0.310417 0.382812 0.316667 0.370312 0.333333 0.364063 0.350000 0.362500 0.356250 0.360938 0.364583 0.359375 0.379167 0.359375 0.402083 0.360938 0.412500 0.364063 0.420833 0.364063 0.429167 0.367188 0.439583 0.370312 0.443750 0.375000 0.447917 0.378125 0.450000 0.385937 0.454167 0.390625 0.454167 0.404687 0.464583 0.412500 0.466667 0.415625 0.468750 0.418750 0.470833 0.425000 0.477083 0.429688 0.481250 0.446875 0.481250 0.453125 0.479167 0.457813 0.477083 0.467187 0.470833 0.471875 0.466667 0.476562 0.462500 0.484375 0.454167 0.489063 0.445833 0.492188 0.439583 0.498437 0.422917 0.500000 0.416667 0.500000 0.366667 0.498437 0.358333 0.493750 0.345833 0.490625 0.339583 0.487500 0.333333 0.476562 0.318750 0.465625 0.308333 0.462500 0.306250 0.459375 0.304167 0.454688 0.302083 0.410938 0.302083
22 0.668750 0.175000 0.665625 0.179167 0.659375 0.195833 0.659375 0.208333 0.662500 0.220833 0.665625 0.229167 0.671875 0.229167 0.681250 0.235417 0.687500 0.237500 0.707812 0.241667 0.721875 0.245833 0.728125 0.250000 0.748437 0.256250 0.756250 0.258333 0.768750 0.258333 0.775000 0.254167 0.784375 0.247917 0.792188 0.241667 0.795312 0.237500 0.796875 0.237500 0.800000 0.229167 0.800000 0.220833 0.798438 0.216667 0.795312 0.216667 0.793750 0.214583 0.789062 0.214583 0.782813 0.210417 0.765625 0.204167 0.729688 0.191667 0.717187 0.187500 0.704688 0.185417 0.698438 0.183333 0.692187 0.181250 0.687500 0.179167 0.684375 0.175000 0.668750 0.175000
24 0.451562 0.145833 0.450000 0.147917 0.446875 0.147917 0.442188 0.156250 0.435937 0.156250 0.421875 0.154167 0.414062 0.158333 0.404687 0.160417 0.389062 0.162500 0.370312 0.164583 0.350000 0.164583 0.326562 0.166667 0.323437 0.168750 0.320312 0.172917 0.320312 0.229167 0.325000 0.266667 0.325000 0.291667 0.328125 0.300000 0.331250 0.304167 0.334375 0.306250 0.365625 0.306250 0.385937 0.304167 0.398438 0.300000 0.429688 0.297917 0.454688 0.300000 0.462500 0.300000 0.476562 0.297917 0.481250 0.295833 0.487500 0.289583 0.489063 0.285417 0.489063 0.279167 0.487500 0.235417 0.485938 0.193750 0.484375 0.162500 0.482812 0.158333 0.475000 0.154167 0.465625 0.154167 0.459375 0.152083 0.454688 0.145833 0.451562 0.145833
0 0.712500 0.625000 0.710938 0.629167 0.712500 0.670833 0.717187 0.668750 0.728125 0.660417 0.739062 0.658333 0.748437 0.660417 0.753125 0.662500 0.756250 0.664583 0.759375 0.666667 0.764062 0.670833 0.764062 0.660417 0.762500 0.654167 0.759375 0.650000 0.756250 0.647917 0.753125 0.645833 0.723437 0.629167 0.718750 0.627083 0.712500 0.625000
0 0.671875 0.577083 0.665625 0.579167 0.657813 0.589583 0.656250 0.600000 0.654687 0.616667 0.653125 0.627083 0.650000 0.633333 0.650000 0.643750 0.653125 0.650000 0.657813 0.660417 0.662500 0.670833 0.675000 0.695833 0.679688 0.702083 0.682813 0.704167 0.689063 0.704167 0.698438 0.700000 0.698438 0.689583 0.700000 0.685417 0.703125 0.679167 0.709375 0.670833 0.710938 0.666667 0.710938 0.629167 0.704688 0.606250 0.703125 0.602083 0.700000 0.597917 0.696875 0.587500 0.692187 0.585417 0.687500 0.581250 0.678125 0.577083 0.671875 0.577083
6 0.964063 0.395833 0.953125 0.397917 0.937500 0.402083 0.912500 0.410417 0.876563 0.418750 0.846875 0.425000 0.835938 0.427083 0.821875 0.427083 0.807813 0.429167 0.800000 0.433333 0.800000 0.460417 0.803125 0.491667 0.803125 0.527083 0.806250 0.583333 0.807813 0.610417 0.809375 0.622917 0.810937 0.631250 0.815625 0.641667 0.820312 0.658333 0.823438 0.672917 0.825000 0.681250 0.826562 0.689583 0.828125 0.708333 0.828125 0.762500 0.826562 0.781250 0.823438 0.800000 0.818750 0.814583 0.817187 0.825000 0.817187 0.835417 0.818750 0.877083 0.820312 0.902083 0.823438 0.906250 0.826562 0.908333 0.843750 0.910417 0.860938 0.908333 0.864062 0.908333 0.879687 0.910417 0.892188 0.914583 0.907813 0.916667 0.959375 0.914583 0.959375 0.910417 0.953125 0.900000 0.951562 0.893750 0.948438 0.881250 0.945312 0.860417 0.939063 0.839583 0.937500 0.825000 0.935937 0.816667 0.932813 0.810417 0.928125 0.783333 0.926562 0.777083 0.921875 0.764583 0.921875 0.756250 0.918750 0.743750 0.912500 0.716667 0.910937 0.710417 0.907813 0.704167 0.901563 0.672917 0.898438 0.662500 0.896875 0.658333 0.895312 0.654167 0.887500 0.635417 0.882812 0.627083 0.875000 0.616667 0.873437 0.610417 0.868750 0.604167 0.862500 0.587500 0.860938 0.581250 0.859375 0.572917 0.857812 0.558333 0.857812 0.531250 0.860938 0.514583 0.864062 0.516667 0.868750 0.522917 0.867188 0.512500 0.871875 0.508333 0.875000 0.512500 0.878125 0.518750 0.878125 0.510417 0.881250 0.506250 0.885938 0.512500 0.885938 0.516667 0.889062 0.520833 0.890625 0.514583 0.889062 0.506250 0.892188 0.502083 0.898438 0.510417 0.898438 0.514583 0.901563 0.518750 0.903125 0.522917 0.906250 0.535417 0.909375 0.545833 0.914062 0.568750 0.915625 0.581250 0.915625 0.641667 0.917188 0.654167 0.920312 0.672917 0.926562 0.700000 0.928125 0.706250 0.932813 0.718750 0.935937 0.731250 0.951562 0.802083 0.957812 0.827083 0.965625 0.852083 0.973437 0.883333 0.975000 0.891667 0.976562 0.900000 0.978125 0.914583 0.985938 0.914583 0.989062 0.895833 0.998437 0.895833 0.998437 0.575000 0.995313 0.570833 0.993750 0.560417 0.990625 0.543750 0.989062 0.533333 0.989062 0.437500 0.987500 0.433333 0.976562 0.433333 0.973437 0.429167 0.973437 0.416667 0.970313 0.406250 0.968750 0.395833 0.964063 0.395833
