6 0.746875 0.422917 0.731250 0.425000 0.714063 0.427083 0.698438 0.429167 0.695312 0.431250 0.693750 0.435417 0.693750 0.447917 0.698438 0.460417 0.709375 0.477083 0.712500 0.483333 0.715625 0.489583 0.720313 0.500000 0.723437 0.508333 0.728125 0.520833 0.728125 0.527083 0.732812 0.537500 0.735938 0.552083 0.737500 0.562500 0.739062 0.577083 0.739062 0.627083 0.737500 0.641667 0.735938 0.650000 0.734375 0.658333 0.732812 0.664583 0.731250 0.670833 0.723437 0.693750 0.721875 0.697917 0.712500 0.716667 0.710938 0.720833 0.709375 0.725000 0.709375 0.747917 0.712500 0.781250 0.712500 0.816667 0.715625 0.847917 0.715625 0.883333 0.717187 0.887500 0.721875 0.891667 0.756250 0.889583 0.757812 0.887500 0.779687 0.887500 0.775000 0.887500 0.767188 0.883333 0.764062 0.881250 0.759375 0.875000 0.759375 0.837500 0.760938 0.816667 0.764062 0.800000 0.765625 0.781250 0.767188 0.743750 0.768750 0.706250 0.770312 0.662500 0.770312 0.656250 0.768750 0.654167 0.768750 0.650000 0.770312 0.593750 0.768750 0.572917 0.767188 0.564583 0.765625 0.558333 0.760938 0.552083 0.760938 0.550000 0.757812 0.545833 0.756250 0.545833 0.753125 0.541667 0.751563 0.537500 0.750000 0.531250 0.750000 0.500000 0.751563 0.470833 0.753125 0.458333 0.757812 0.435417 0.757812 0.422917 0.746875 0.422917
6 0.804688 0.414583 0.801562 0.418750 0.800000 0.433333 0.800000 0.485417 0.798438 0.531250 0.796875 0.539583 0.795312 0.543750 0.785937 0.556250 0.784375 0.560417 0.784375 0.720833 0.785937 0.779167 0.787500 0.804167 0.792188 0.839583 0.793750 0.858333 0.793750 0.881250 0.787500 0.887500 0.798438 0.887500 0.800000 0.883333 0.800000 0.866667 0.798438 0.795833 0.800000 0.735417 0.803125 0.700000 0.801562 0.693750 0.803125 0.650000 0.806250 0.631250 0.807813 0.610417 0.807813 0.554167 0.809375 0.520833 0.814063 0.500000 0.815625 0.487500 0.817187 0.470833 0.818750 0.452083 0.820312 0.431250 0.818750 0.414583 0.804688 0.414583
6 0.853125 0.408333 0.843750 0.412500 0.842187 0.464583 0.840625 0.556250 0.840625 0.585417 0.842187 0.587500 0.842187 0.618750 0.837500 0.625000 0.832812 0.627083 0.832812 0.633333 0.834375 0.677083 0.837500 0.708333 0.837500 0.816667 0.840625 0.847917 0.840625 0.870833 0.839063 0.875000 0.837500 0.879167 0.831250 0.887500 0.834375 0.889583 0.856250 0.889583 0.857812 0.887500 0.881250 0.887500 0.884375 0.885417 0.885938 0.870833 0.889062 0.866667 0.895312 0.866667 0.898438 0.864583 0.900000 0.858333 0.898438 0.841667 0.895312 0.835417 0.893750 0.818750 0.893750 0.800000 0.890625 0.793750 0.892188 0.779167 0.889062 0.770833 0.890625 0.764583 0.887500 0.752083 0.887500 0.720833 0.885938 0.695833 0.882812 0.675000 0.881250 0.652083 0.882812 0.639583 0.881250 0.433333 0.878125 0.429167 0.875000 0.429167 0.871875 0.425000 0.868750 0.422917 0.862500 0.420833 0.862500 0.414583 0.860938 0.412500 0.860938 0.408333 0.853125 0.408333
0 0.517188 0.483333 0.514062 0.487500 0.510938 0.493750 0.509375 0.497917 0.498437 0.531250 0.492188 0.554167 0.485938 0.583333 0.482812 0.593750 0.479687 0.602083 0.475000 0.610417 0.475000 0.614583 0.471875 0.618750 0.470313 0.622917 0.468750 0.629167 0.468750 0.635417 0.467187 0.641667 0.464062 0.645833 0.462500 0.650000 0.462500 0.654167 0.464062 0.656250 0.464062 0.660417 0.467187 0.662500 0.473438 0.664583 0.484375 0.675000 0.489063 0.677083 0.495312 0.679167 0.501563 0.679167 0.506250 0.681250 0.514062 0.687500 0.518750 0.687500 0.529687 0.695833 0.550000 0.702083 0.559375 0.708333 0.565625 0.710417 0.571875 0.710417 0.576562 0.712500 0.589063 0.720833 0.617188 0.733333 0.623437 0.735417 0.632812 0.735417 0.640625 0.725000 0.642188 0.720833 0.643750 0.716667 0.650000 0.691667 0.650000 0.683333 0.651563 0.675000 0.654687 0.668750 0.654687 0.662500 0.665625 0.620833 0.671875 0.597917 0.676562 0.587500 0.679688 0.577083 0.681250 0.570833 0.681250 0.566667 0.676562 0.560417 0.668750 0.558333 0.664062 0.552083 0.660937 0.550000 0.657813 0.547917 0.645312 0.545833 0.612500 0.533333 0.579688 0.518750 0.576562 0.516667 0.573438 0.514583 0.565625 0.506250 0.562500 0.504167 0.548438 0.495833 0.543750 0.493750 0.534375 0.491667 0.526563 0.485417 0.521875 0.483333 0.517188 0.483333
4 0.168750 0.254167 0.165625 0.256250 0.162500 0.258333 0.154688 0.268750 0.153125 0.272917 0.151562 0.277083 0.150000 0.285417 0.148438 0.300000 0.148438 0.320833 0.150000 0.327083 0.151562 0.333333 0.153125 0.337500 0.156250 0.341667 0.157812 0.341667 0.162500 0.347917 0.167187 0.350000 0.168750 0.352083 0.173437 0.360417 0.175000 0.364583 0.176563 0.375000 0.178125 0.402083 0.178125 0.545833 0.179688 0.560417 0.184375 0.566667 0.187500 0.568750 0.193750 0.568750 0.196875 0.566667 0.200000 0.562500 0.201563 0.558333 0.201563 0.550000 0.200000 0.547917 0.198437 0.525000 0.195312 0.514583 0.193750 0.502083 0.193750 0.489583 0.190625 0.477083 0.189062 0.456250 0.189062 0.433333 0.187500 0.412500 0.184375 0.397917 0.184375 0.379167 0.181250 0.362500 0.181250 0.356250 0.182812 0.350000 0.195312 0.333333 0.196875 0.329167 0.198437 0.322917 0.200000 0.314583 0.200000 0.291667 0.198437 0.279167 0.193750 0.266667 0.185938 0.256250 0.182812 0.254167 0.168750 0.254167
1 0.593750 0.285417 0.587500 0.285417 0.575000 0.291667 0.567187 0.297917 0.557813 0.302083 0.545312 0.308333 0.529687 0.314583 0.504687 0.320833 0.487500 0.329167 0.471875 0.339583 0.464062 0.343750 0.459375 0.343750 0.442188 0.352083 0.429688 0.360417 0.425000 0.362500 0.420312 0.364583 0.414062 0.364583 0.409375 0.366667 0.400000 0.372917 0.396875 0.375000 0.395313 0.377083 0.393750 0.381250 0.393750 0.412500 0.395313 0.418750 0.398438 0.429167 0.407813 0.452083 0.412500 0.470833 0.414062 0.475000 0.418750 0.481250 0.421875 0.479167 0.428125 0.475000 0.437500 0.464583 0.440625 0.460417 0.443750 0.454167 0.443750 0.445833 0.446875 0.437500 0.450000 0.435417 0.453125 0.433333 0.462500 0.433333 0.470313 0.431250 0.487500 0.425000 0.503125 0.418750 0.528125 0.404167 0.542188 0.397917 0.564063 0.391667 0.568750 0.389583 0.573438 0.387500 0.590625 0.377083 0.600000 0.375000 0.618750 0.377083 0.623437 0.377083 0.625000 0.372917 0.625000 0.314583 0.623437 0.304167 0.621875 0.295833 0.618750 0.291667 0.615625 0.289583 0.612500 0.289583 0.607812 0.283333 0.604688 0.283333 0.593750 0.285417
3 0.773438 0.406250 0.773438 0.408333 0.770312 0.412500 0.767188 0.404167 0.764062 0.408333 0.762500 0.412500 0.760938 0.420833 0.757812 0.437500 0.756250 0.447917 0.754687 0.460417 0.753125 0.472917 0.751563 0.506250 0.751563 0.529167 0.753125 0.535417 0.754687 0.539583 0.756250 0.543750 0.767188 0.558333 0.768750 0.562500 0.770312 0.568750 0.771875 0.581250 0.771875 0.685417 0.770312 0.720833 0.768750 0.758333 0.767188 0.785417 0.765625 0.806250 0.762500 0.825000 0.760938 0.845833 0.760938 0.870833 0.762500 0.875000 0.765625 0.879167 0.770312 0.881250 0.778125 0.883333 0.787500 0.883333 0.790625 0.881250 0.790625 0.856250 0.789062 0.833333 0.785937 0.814583 0.784375 0.793750 0.782813 0.735417 0.781250 0.575000 0.781250 0.566667 0.782813 0.560417 0.784375 0.556250 0.792188 0.545833 0.793750 0.541667 0.795312 0.537500 0.796875 0.527083 0.796875 0.466667 0.798438 0.464583 0.796875 0.404167 0.790625 0.412500 0.789062 0.406250 0.785937 0.402083 0.782813 0.408333 0.778125 0.402083 0.773438 0.406250
0 0.384375 0.714583 0.381250 0.718750 0.379688 0.722917 0.378125 0.725000 0.371875 0.729167 0.365625 0.737500 0.359375 0.741667 0.353125 0.747917 0.348438 0.754167 0.345313 0.760417 0.342187 0.766667 0.340625 0.770833 0.340625 0.775000 0.345313 0.785417 0.346875 0.795833 0.346875 0.808333 0.348438 0.816667 0.351562 0.827083 0.353125 0.831250 0.356250 0.835417 0.356250 0.837500 0.357812 0.839583 0.360938 0.841667 0.365625 0.839583 0.371875 0.833333 0.381250 0.822917 0.384375 0.818750 0.387500 0.812500 0.393750 0.797917 0.404687 0.770833 0.409375 0.758333 0.409375 0.739583 0.407813 0.735417 0.404687 0.729167 0.395313 0.716667 0.392188 0.714583 0.384375 0.714583
7 0.684375 0.039583 0.670312 0.041667 0.664062 0.043750 0.659375 0.045833 0.654687 0.047917 0.642188 0.056250 0.637500 0.060417 0.620313 0.083333 0.617188 0.089583 0.614062 0.095833 0.607812 0.110417 0.604688 0.120833 0.603125 0.127083 0.601562 0.133333 0.600000 0.147917 0.596875 0.160417 0.592187 0.172917 0.592187 0.179167 0.587500 0.187500 0.585938 0.193750 0.584375 0.202083 0.584375 0.235417 0.585938 0.241667 0.587500 0.245833 0.590625 0.250000 0.592187 0.258333 0.595313 0.266667 0.604688 0.279167 0.612500 0.287500 0.615625 0.289583 0.618750 0.291667 0.625000 0.293750 0.635938 0.295833 0.648438 0.295833 0.654687 0.291667 0.664062 0.291667 0.670312 0.283333 0.675000 0.281250 0.681250 0.272917 0.681250 0.270833 0.685937 0.264583 0.698438 0.256250 0.704688 0.247917 0.728125 0.216667 0.740625 0.200000 0.745313 0.191667 0.750000 0.183333 0.751563 0.179167 0.753125 0.172917 0.754687 0.164583 0.756250 0.152083 0.756250 0.131250 0.754687 0.116667 0.753125 0.108333 0.751563 0.100000 0.743750 0.081250 0.739062 0.075000 0.735938 0.070833 0.734375 0.068750 0.725000 0.058333 0.718750 0.052083 0.715625 0.050000 0.712500 0.047917 0.707812 0.045833 0.703125 0.043750 0.696875 0.041667 0.687500 0.039583 0.684375 0.039583
12 0.275000 0.135417 0.265625 0.137500 0.257812 0.139583 0.253125 0.141667 0.245312 0.145833 0.239063 0.150000 0.232813 0.156250 0.229687 0.156250 0.220312 0.168750 0.215625 0.177083 0.210938 0.185417 0.206250 0.195833 0.204687 0.202083 0.203125 0.208333 0.201563 0.216667 0.200000 0.231250 0.201563 0.256250 0.203125 0.264583 0.204687 0.270833 0.210938 0.287500 0.214062 0.293750 0.221875 0.306250 0.226562 0.312500 0.231250 0.316667 0.235937 0.320833 0.242188 0.325000 0.251563 0.331250 0.256250 0.333333 0.265625 0.335417 0.279687 0.335417 0.287500 0.333333 0.293750 0.331250 0.298438 0.329167 0.306250 0.325000 0.314063 0.318750 0.318750 0.314583 0.334375 0.293750 0.337500 0.287500 0.343750 0.268750 0.345313 0.260417 0.346875 0.247917 0.346875 0.218750 0.345313 0.208333 0.343750 0.202083 0.337500 0.185417 0.334375 0.179167 0.329688 0.170833 0.317188 0.156250 0.310937 0.152083 0.304688 0.147917 0.295312 0.143750 0.292187 0.141667 0.289062 0.137500 0.285938 0.135417 0.275000 0.135417
5 0.829688 0.375000 0.826562 0.377083 0.823438 0.381250 0.821875 0.387500 0.821875 0.431250 0.820312 0.452083 0.818750 0.470833 0.817187 0.485417 0.815625 0.497917 0.810937 0.522917 0.809375 0.566667 0.809375 0.616667 0.806250 0.637500 0.804688 0.668750 0.803125 0.714583 0.801562 0.760417 0.801562 0.883333 0.803125 0.893750 0.809375 0.895833 0.812500 0.895833 0.831250 0.883333 0.834375 0.881250 0.835938 0.879167 0.837500 0.875000 0.839063 0.870833 0.839063 0.852083 0.835938 0.816667 0.835938 0.691667 0.832812 0.658333 0.834375 0.650000 0.832812 0.627083 0.835938 0.622917 0.837500 0.622917 0.840625 0.618750 0.840625 0.591667 0.839063 0.589583 0.839063 0.562500 0.842187 0.462500 0.842187 0.406250 0.840625 0.387500 0.839063 0.381250 0.835938 0.377083 0.832812 0.375000 0.829688 0.375000
0 0.406250 0.112500 0.400000 0.114583 0.393750 0.116667 0.389062 0.118750 0.385937 0.120833 0.382812 0.122917 0.376563 0.131250 0.371875 0.135417 0.370312 0.135417 0.368750 0.137500 0.364063 0.145833 0.360938 0.152083 0.354687 0.168750 0.353125 0.177083 0.351562 0.187500 0.351562 0.225000 0.353125 0.231250 0.356250 0.241667 0.362500 0.258333 0.365625 0.264583 0.371875 0.275000 0.378125 0.281250 0.382812 0.285417 0.387500 0.289583 0.396875 0.295833 0.401562 0.297917 0.406250 0.300000 0.412500 0.302083 0.421875 0.302083 0.423438 0.304167 0.431250 0.304167 0.432812 0.302083 0.442188 0.302083 0.446875 0.300000 0.451562 0.297917 0.459375 0.293750 0.464062 0.289583 0.468750 0.285417 0.481250 0.268750 0.485938 0.258333 0.487500 0.254167 0.490625 0.243750 0.492188 0.237500 0.493750 0.227083 0.493750 0.200000 0.492188 0.189583 0.490625 0.181250 0.489063 0.175000 0.482812 0.158333 0.479687 0.152083 0.464062 0.131250 0.459375 0.127083 0.454688 0.122917 0.451562 0.120833 0.448437 0.118750 0.443750 0.116667 0.439063 0.114583 0.431250 0.112500 0.406250 0.112500
0 0.296875 0.345833 0.285938 0.347917 0.278125 0.350000 0.271875 0.352083 0.262500 0.358333 0.259375 0.362500 0.257812 0.366667 0.256250 0.370833 0.256250 0.375000 0.254688 0.379167 0.235937 0.404167 0.234375 0.408333 0.232813 0.412500 0.231250 0.418750 0.231250 0.439583 0.217188 0.458333 0.215625 0.462500 0.214062 0.468750 0.212500 0.483333 0.210938 0.502083 0.210938 0.518750 0.212500 0.527083 0.220312 0.537500 0.237500 0.539583 0.243750 0.539583 0.254688 0.537500 0.262500 0.533333 0.270313 0.533333 0.275000 0.531250 0.278125 0.529167 0.285938 0.520833 0.295312 0.510417 0.304688 0.500000 0.325000 0.477083 0.339062 0.458333 0.351562 0.445833 0.356250 0.439583 0.356250 0.437500 0.360938 0.433333 0.362500 0.429167 0.364063 0.422917 0.364063 0.408333 0.362500 0.402083 0.360938 0.395833 0.356250 0.387500 0.345313 0.366667 0.334375 0.352083 0.331250 0.350000 0.325000 0.347917 0.318750 0.345833 0.296875 0.345833
0 0.246875 0.650000 0.240625 0.652083 0.234375 0.656250 0.232813 0.660417 0.231250 0.666667 0.231250 0.675000 0.232813 0.683333 0.234375 0.687500 0.239063 0.695833 0.265625 0.731250 0.270313 0.733333 0.275000 0.735417 0.285938 0.739583 0.292187 0.739583 0.293750 0.735417 0.296875 0.727083 0.301563 0.720833 0.304688 0.718750 0.307812 0.716667 0.314063 0.716667 0.317188 0.710417 0.318750 0.702083 0.318750 0.681250 0.315625 0.672917 0.314063 0.668750 0.312500 0.666667 0.309375 0.664583 0.306250 0.662500 0.296875 0.660417 0.289062 0.660417 0.271875 0.654167 0.262500 0.652083 0.251563 0.650000 0.246875 0.650000
0 0.273438 0.768750 0.246875 0.775000 0.239063 0.777083 0.223438 0.783333 0.215625 0.783333 0.207813 0.787500 0.200000 0.789583 0.198437 0.793750 0.198437 0.806250 0.200000 0.812500 0.207813 0.829167 0.210938 0.835417 0.215625 0.841667 0.220312 0.845833 0.223438 0.847917 0.228125 0.850000 0.232813 0.852083 0.243750 0.852083 0.248438 0.850000 0.251563 0.847917 0.254688 0.845833 0.260937 0.839583 0.267188 0.831250 0.284375 0.806250 0.287500 0.800000 0.289062 0.793750 0.289062 0.779167 0.287500 0.777083 0.287500 0.768750 0.273438 0.768750
0 0.295312 0.820833 0.289062 0.822917 0.284375 0.825000 0.265625 0.837500 0.260937 0.841667 0.256250 0.845833 0.250000 0.852083 0.246875 0.862500 0.243750 0.866667 0.242188 0.870833 0.242188 0.883333 0.243750 0.887500 0.250000 0.895833 0.264062 0.906250 0.267188 0.908333 0.271875 0.908333 0.275000 0.906250 0.282813 0.900000 0.287500 0.895833 0.292187 0.891667 0.298438 0.883333 0.307812 0.875000 0.323437 0.862500 0.331250 0.852083 0.332813 0.847917 0.332813 0.839583 0.331250 0.837500 0.331250 0.831250 0.328125 0.827083 0.323437 0.822917 0.318750 0.820833 0.295312 0.820833
0 0.312500 0.716667 0.307812 0.718750 0.304688 0.720833 0.300000 0.727083 0.298438 0.729167 0.298438 0.731250 0.295312 0.735417 0.293750 0.739583 0.293750 0.747917 0.290625 0.756250 0.290625 0.764583 0.289062 0.766667 0.289062 0.772917 0.290625 0.781250 0.292187 0.785417 0.300000 0.795833 0.309375 0.806250 0.314063 0.810417 0.318750 0.812500 0.326562 0.822917 0.332813 0.829167 0.335938 0.831250 0.346875 0.829167 0.346875 0.822917 0.345313 0.820833 0.343750 0.802083 0.342187 0.789583 0.340625 0.783333 0.339062 0.779167 0.337500 0.775000 0.323437 0.739583 0.317188 0.725000 0.312500 0.716667
0 0.376563 0.639583 0.373437 0.641667 0.370312 0.643750 0.356250 0.662500 0.350000 0.672917 0.340625 0.691667 0.332813 0.710417 0.328125 0.722917 0.328125 0.731250 0.340625 0.747917 0.345313 0.752083 0.348438 0.752083 0.356250 0.741667 0.371875 0.729167 0.384375 0.712500 0.385937 0.656250 0.385937 0.652083 0.384375 0.645833 0.382812 0.641667 0.376563 0.639583
