0 0.357812 0.652083 0.351562 0.654167 0.346875 0.656250 0.340625 0.662500 0.337500 0.668750 0.332813 0.681250 0.332813 0.689583 0.337500 0.695833 0.339062 0.700000 0.339062 0.729167 0.340625 0.739583 0.342187 0.745833 0.350000 0.756250 0.357812 0.764583 0.360938 0.764583 0.364063 0.766667 0.367188 0.770833 0.367188 0.772917 0.368750 0.775000 0.370312 0.775000 0.373437 0.779167 0.376563 0.781250 0.381250 0.783333 0.389062 0.783333 0.395313 0.779167 0.401562 0.779167 0.406250 0.772917 0.406250 0.770833 0.409375 0.766667 0.410938 0.766667 0.412500 0.764583 0.412500 0.762500 0.414062 0.758333 0.412500 0.737500 0.407813 0.725000 0.407813 0.718750 0.410938 0.716667 0.412500 0.712500 0.412500 0.704167 0.410938 0.697917 0.409375 0.693750 0.406250 0.689583 0.395313 0.689583 0.384375 0.675000 0.379688 0.664583 0.378125 0.662500 0.375000 0.660417 0.362500 0.652083 0.357812 0.652083
1 0.734375 0.322917 0.729688 0.329167 0.726562 0.331250 0.709375 0.341667 0.706250 0.341667 0.703125 0.343750 0.701562 0.375000 0.706250 0.404167 0.707812 0.410417 0.709375 0.414583 0.712500 0.418750 0.717187 0.418750 0.721875 0.416667 0.726562 0.412500 0.765625 0.412500 0.775000 0.416667 0.787500 0.418750 0.803125 0.418750 0.828125 0.425000 0.842187 0.425000 0.856250 0.429167 0.895312 0.429167 0.901563 0.435417 0.909375 0.445833 0.915625 0.452083 0.923438 0.458333 0.932813 0.460417 0.943750 0.462500 0.951562 0.460417 0.953125 0.454167 0.954688 0.433333 0.959375 0.412500 0.962500 0.391667 0.964063 0.377083 0.964063 0.362500 0.962500 0.356250 0.959375 0.352083 0.942187 0.350000 0.906250 0.350000 0.882812 0.347917 0.839063 0.341667 0.825000 0.339583 0.814063 0.337500 0.803125 0.335417 0.792188 0.331250 0.781250 0.329167 0.745313 0.325000 0.743750 0.322917 0.734375 0.322917
1 0.334375 0.150000 0.332813 0.158333 0.335938 0.212500 0.335938 0.216667 0.334375 0.218750 0.334375 0.222917 0.335938 0.243750 0.339062 0.252083 0.340625 0.260417 0.350000 0.260417 0.353125 0.258333 0.357812 0.254167 0.364063 0.247917 0.368750 0.241667 0.371875 0.239583 0.375000 0.237500 0.379688 0.237500 0.384375 0.233333 0.396875 0.231250 0.401562 0.231250 0.412500 0.233333 0.418750 0.235417 0.423438 0.239583 0.428125 0.239583 0.431250 0.243750 0.431250 0.245833 0.434375 0.250000 0.442188 0.256250 0.504687 0.254167 0.512500 0.254167 0.517188 0.256250 0.546875 0.256250 0.553125 0.256250 0.565625 0.254167 0.576562 0.250000 0.587500 0.254167 0.595313 0.254167 0.598437 0.254167 0.598437 0.241667 0.600000 0.239583 0.600000 0.222917 0.598437 0.220833 0.598437 0.214583 0.595313 0.212500 0.595313 0.193750 0.593750 0.185417 0.589063 0.175000 0.587500 0.168750 0.585938 0.154167 0.568750 0.154167 0.535937 0.160417 0.482812 0.162500 0.364063 0.164583 0.356250 0.162500 0.348438 0.152083 0.345313 0.150000 0.342187 0.147917 0.334375 0.150000
19 0.390625 0.235417 0.382812 0.237500 0.378125 0.239583 0.365625 0.247917 0.350000 0.268750 0.343750 0.285417 0.342187 0.291667 0.340625 0.304167 0.340625 0.322917 0.342187 0.333333 0.343750 0.339583 0.345313 0.345833 0.346875 0.350000 0.348438 0.354167 0.351562 0.360417 0.365625 0.379167 0.371875 0.385417 0.375000 0.387500 0.392188 0.395833 0.395313 0.400000 0.410938 0.402083 0.431250 0.402083 0.439063 0.400000 0.448437 0.393750 0.459375 0.379167 0.464062 0.366667 0.465625 0.360417 0.465625 0.329167 0.462500 0.320833 0.462500 0.312500 0.460938 0.306250 0.456250 0.295833 0.454688 0.283333 0.453125 0.279167 0.448437 0.270833 0.443750 0.262500 0.432812 0.247917 0.420312 0.239583 0.414062 0.237500 0.407813 0.235417 0.390625 0.235417
13 0.626563 0.337500 0.620313 0.339583 0.615625 0.341667 0.609375 0.345833 0.600000 0.352083 0.587500 0.368750 0.584375 0.375000 0.581250 0.381250 0.579688 0.385417 0.578125 0.391667 0.576562 0.397917 0.575000 0.410417 0.575000 0.425000 0.576562 0.435417 0.578125 0.441667 0.579688 0.447917 0.581250 0.452083 0.582812 0.456250 0.585938 0.462500 0.590625 0.470833 0.601562 0.485417 0.614062 0.493750 0.618750 0.495833 0.625000 0.497917 0.634375 0.500000 0.648438 0.500000 0.653125 0.497917 0.660937 0.493750 0.670312 0.487500 0.675000 0.483333 0.687500 0.466667 0.690625 0.460417 0.695312 0.447917 0.696875 0.441667 0.698438 0.429167 0.700000 0.414583 0.700000 0.397917 0.698438 0.387500 0.692187 0.370833 0.681250 0.356250 0.676562 0.352083 0.668750 0.347917 0.662500 0.345833 0.653125 0.345833 0.648438 0.343750 0.643750 0.339583 0.639062 0.337500 0.626563 0.337500
27 0.176563 0.212500 0.170313 0.214583 0.165625 0.216667 0.160938 0.218750 0.157812 0.222917 0.154688 0.222917 0.151562 0.225000 0.148438 0.229167 0.146875 0.229167 0.145313 0.231250 0.137500 0.243750 0.134375 0.250000 0.131250 0.256250 0.129688 0.260417 0.128125 0.264583 0.126562 0.275000 0.128125 0.279167 0.125000 0.291667 0.125000 0.300000 0.126562 0.308333 0.128125 0.314583 0.131250 0.318750 0.132812 0.331250 0.134375 0.335417 0.140625 0.341667 0.142187 0.347917 0.145313 0.352083 0.151562 0.356250 0.156250 0.364583 0.159375 0.364583 0.162500 0.368750 0.170313 0.372917 0.182812 0.379167 0.196875 0.385417 0.207813 0.389583 0.214062 0.389583 0.220312 0.393750 0.235937 0.395833 0.251563 0.402083 0.259375 0.402083 0.267188 0.400000 0.275000 0.397917 0.282813 0.393750 0.285938 0.391667 0.298438 0.375000 0.301563 0.368750 0.303125 0.364583 0.304688 0.360417 0.306250 0.354167 0.307812 0.339583 0.307812 0.333333 0.306250 0.316667 0.304688 0.310417 0.300000 0.297917 0.290625 0.283333 0.289062 0.281250 0.284375 0.279167 0.278125 0.270833 0.268750 0.264583 0.264062 0.260417 0.243750 0.241667 0.231250 0.227083 0.223438 0.220833 0.215625 0.216667 0.209375 0.214583 0.200000 0.212500 0.176563 0.212500
6 0.990625 0.479167 0.957812 0.481250 0.931250 0.483333 0.889062 0.487500 0.868750 0.491667 0.843750 0.493750 0.807813 0.493750 0.731250 0.502083 0.679688 0.506250 0.653125 0.506250 0.650000 0.508333 0.646875 0.510417 0.645312 0.531250 0.646875 0.562500 0.648438 0.577083 0.650000 0.583333 0.656250 0.597917 0.659375 0.608333 0.664062 0.629167 0.668750 0.639583 0.671875 0.654167 0.675000 0.672917 0.676562 0.689583 0.676562 0.756250 0.675000 0.777083 0.673438 0.787500 0.668750 0.810417 0.667188 0.816667 0.664062 0.822917 0.662500 0.829167 0.660937 0.850000 0.664062 0.868750 0.665625 0.906250 0.667188 0.925000 0.670312 0.937500 0.670312 0.966667 0.673438 0.981250 0.678125 0.983333 0.754687 0.983333 0.790625 0.979167 0.846875 0.979167 0.848437 0.977083 0.853125 0.977083 0.853125 0.966667 0.851562 0.958333 0.846875 0.943750 0.839063 0.897917 0.835938 0.883333 0.829688 0.862500 0.828125 0.847917 0.815625 0.797917 0.814063 0.783333 0.812500 0.777083 0.807813 0.764583 0.806250 0.752083 0.804688 0.745833 0.800000 0.731250 0.795312 0.718750 0.785937 0.700000 0.781250 0.693750 0.778125 0.687500 0.775000 0.681250 0.768750 0.664583 0.767188 0.658333 0.765625 0.650000 0.764062 0.637500 0.764062 0.604167 0.765625 0.591667 0.768750 0.587500 0.776563 0.583333 0.782813 0.583333 0.787500 0.581250 0.790625 0.579167 0.793750 0.583333 0.800000 0.577083 0.803125 0.581250 0.807813 0.591667 0.809375 0.597917 0.810937 0.610417 0.814063 0.616667 0.815625 0.622917 0.817187 0.631250 0.818750 0.641667 0.820312 0.652083 0.820312 0.712500 0.821875 0.727083 0.823438 0.737500 0.825000 0.747917 0.826562 0.756250 0.831250 0.768750 0.834375 0.789583 0.839063 0.802083 0.840625 0.808333 0.845313 0.829167 0.846875 0.841667 0.851562 0.862500 0.853125 0.868750 0.856250 0.875000 0.857812 0.881250 0.862500 0.908333 0.865625 0.914583 0.865625 0.920833 0.878125 0.968750 0.879687 0.972917 0.940625 0.975000 0.971875 0.972917 0.992188 0.970833 0.993750 0.968750 0.998437 0.968750 0.998437 0.493750 0.996875 0.485417 0.995313 0.481250 0.990625 0.479167
3 0.798438 0.581250 0.796875 0.585417 0.796875 0.589583 0.793750 0.593750 0.790625 0.585417 0.787500 0.585417 0.782813 0.591667 0.776563 0.589583 0.775000 0.597917 0.773438 0.593750 0.768750 0.593750 0.767188 0.600000 0.767188 0.641667 0.768750 0.654167 0.770312 0.660417 0.773438 0.670833 0.775000 0.675000 0.784375 0.693750 0.792188 0.706250 0.795312 0.712500 0.798438 0.718750 0.800000 0.722917 0.806250 0.741667 0.812500 0.764583 0.814063 0.770833 0.817187 0.785417 0.820312 0.806250 0.829688 0.841667 0.831250 0.856250 0.837500 0.877083 0.840625 0.891667 0.843750 0.906250 0.851562 0.952083 0.856250 0.972917 0.857812 0.979167 0.865625 0.995833 0.879687 0.997917 0.879687 0.985417 0.876563 0.972917 0.871875 0.952083 0.856250 0.887500 0.854688 0.881250 0.850000 0.868750 0.845313 0.841667 0.826562 0.768750 0.823438 0.754167 0.821875 0.745833 0.820312 0.737500 0.818750 0.725000 0.817187 0.708333 0.817187 0.647917 0.814063 0.629167 0.810937 0.616667 0.806250 0.597917 0.801562 0.587500 0.798438 0.581250
23 0.862500 0.189583 0.859375 0.191667 0.856250 0.193750 0.850000 0.200000 0.839063 0.212500 0.832812 0.216667 0.828125 0.220833 0.825000 0.225000 0.821875 0.229167 0.820312 0.231250 0.818750 0.235417 0.817187 0.239583 0.817187 0.250000 0.820312 0.254167 0.820312 0.256250 0.821875 0.258333 0.825000 0.260417 0.828125 0.262500 0.832812 0.262500 0.834375 0.260417 0.840625 0.260417 0.848437 0.256250 0.860938 0.247917 0.871875 0.239583 0.879687 0.233333 0.882812 0.229167 0.884375 0.225000 0.885938 0.220833 0.885938 0.204167 0.884375 0.200000 0.879687 0.193750 0.876563 0.191667 0.873437 0.189583 0.862500 0.189583
15 0.678125 0.135417 0.667188 0.137500 0.662500 0.139583 0.657813 0.141667 0.651563 0.145833 0.642188 0.152083 0.637500 0.156250 0.631250 0.162500 0.615625 0.183333 0.612500 0.189583 0.607812 0.200000 0.604688 0.210417 0.603125 0.216667 0.601562 0.222917 0.600000 0.243750 0.600000 0.256250 0.601562 0.266667 0.606250 0.285417 0.607812 0.289583 0.609375 0.293750 0.617188 0.306250 0.618750 0.308333 0.621875 0.312500 0.631250 0.325000 0.639062 0.333333 0.643750 0.335417 0.654687 0.341667 0.668750 0.343750 0.673438 0.347917 0.678125 0.350000 0.681250 0.350000 0.682813 0.347917 0.693750 0.345833 0.700000 0.343750 0.707812 0.339583 0.710938 0.337500 0.714063 0.335417 0.717187 0.331250 0.720313 0.329167 0.723437 0.329167 0.726562 0.327083 0.729688 0.325000 0.740625 0.310417 0.742188 0.304167 0.746875 0.297917 0.750000 0.291667 0.751563 0.287500 0.753125 0.279167 0.753125 0.270833 0.754687 0.262500 0.759375 0.247917 0.760938 0.231250 0.760938 0.227083 0.759375 0.214583 0.757812 0.206250 0.756250 0.200000 0.751563 0.187500 0.743750 0.172917 0.737500 0.162500 0.735938 0.160417 0.734375 0.160417 0.731250 0.156250 0.723437 0.150000 0.720313 0.147917 0.712500 0.143750 0.698438 0.137500 0.687500 0.135417 0.678125 0.135417
0 0.415625 0.764583 0.412500 0.766667 0.406250 0.775000 0.400000 0.789583 0.393750 0.800000 0.390625 0.804167 0.387500 0.804167 0.382812 0.800000 0.379688 0.795833 0.379688 0.793750 0.376563 0.789583 0.368750 0.789583 0.360938 0.800000 0.360938 0.827083 0.362500 0.841667 0.364063 0.850000 0.368750 0.860417 0.371875 0.866667 0.378125 0.875000 0.384375 0.879167 0.396875 0.887500 0.401562 0.889583 0.407813 0.889583 0.414062 0.887500 0.425000 0.881250 0.428125 0.879167 0.440625 0.864583 0.445312 0.858333 0.448437 0.852083 0.448437 0.839583 0.445312 0.833333 0.445312 0.827083 0.443750 0.820833 0.442188 0.816667 0.439063 0.814583 0.435937 0.812500 0.431250 0.810417 0.426563 0.810417 0.423438 0.808333 0.421875 0.800000 0.423438 0.779167 0.421875 0.775000 0.418750 0.768750 0.415625 0.764583
0 0.432812 0.639583 0.429688 0.639583 0.426563 0.641667 0.423438 0.643750 0.412500 0.652083 0.409375 0.656250 0.407813 0.660417 0.407813 0.668750 0.409375 0.675000 0.412500 0.679167 0.415625 0.681250 0.428125 0.685417 0.431250 0.689583 0.431250 0.722917 0.429688 0.733333 0.426563 0.741667 0.428125 0.756250 0.431250 0.758333 0.434375 0.760417 0.445312 0.760417 0.451562 0.752083 0.453125 0.745833 0.460938 0.735417 0.462500 0.735417 0.471875 0.722917 0.475000 0.720833 0.478125 0.718750 0.485938 0.716667 0.489063 0.718750 0.495312 0.727083 0.500000 0.727083 0.501563 0.720833 0.506250 0.714583 0.507812 0.710417 0.509375 0.706250 0.510938 0.697917 0.510938 0.691667 0.509375 0.687500 0.504687 0.679167 0.482812 0.650000 0.467187 0.650000 0.457813 0.654167 0.450000 0.654167 0.445312 0.647917 0.442188 0.637500 0.439063 0.635417 0.432812 0.639583
0 0.381250 0.525000 0.378125 0.527083 0.371875 0.535417 0.371875 0.547917 0.373437 0.552083 0.378125 0.560417 0.384375 0.581250 0.385937 0.589583 0.385937 0.604167 0.384375 0.608333 0.382812 0.612500 0.381250 0.614583 0.378125 0.616667 0.376563 0.616667 0.373437 0.618750 0.371875 0.620833 0.370312 0.625000 0.370312 0.629167 0.371875 0.635417 0.375000 0.639583 0.378125 0.641667 0.381250 0.643750 0.385937 0.645833 0.393750 0.647917 0.404687 0.647917 0.407813 0.645833 0.410938 0.643750 0.417187 0.635417 0.425000 0.631250 0.435937 0.616667 0.442188 0.612500 0.446875 0.604167 0.448437 0.600000 0.457813 0.572917 0.457813 0.550000 0.450000 0.539583 0.442188 0.539583 0.440625 0.537500 0.432812 0.539583 0.431250 0.543750 0.431250 0.547917 0.428125 0.552083 0.420312 0.552083 0.409375 0.545833 0.404687 0.541667 0.392188 0.531250 0.387500 0.525000 0.381250 0.525000
0 0.484375 0.541667 0.481250 0.543750 0.478125 0.545833 0.476562 0.547917 0.475000 0.552083 0.473438 0.556250 0.473438 0.570833 0.479687 0.579167 0.479687 0.585417 0.476562 0.591667 0.462500 0.610417 0.457813 0.614583 0.453125 0.616667 0.448437 0.620833 0.443750 0.627083 0.443750 0.637500 0.445312 0.643750 0.450000 0.652083 0.457813 0.652083 0.476562 0.645833 0.487500 0.643750 0.504687 0.643750 0.509375 0.645833 0.515625 0.654167 0.515625 0.662500 0.517188 0.666667 0.520312 0.668750 0.529687 0.668750 0.537500 0.658333 0.542188 0.645833 0.543750 0.639583 0.543750 0.622917 0.540625 0.612500 0.540625 0.595833 0.539062 0.589583 0.534375 0.577083 0.523438 0.562500 0.515625 0.558333 0.503125 0.545833 0.500000 0.543750 0.496875 0.541667 0.484375 0.541667
0 0.460938 0.793750 0.457813 0.795833 0.450000 0.806250 0.446875 0.812500 0.446875 0.816667 0.445312 0.820833 0.446875 0.829167 0.448437 0.835417 0.450000 0.839583 0.453125 0.843750 0.454688 0.843750 0.456250 0.845833 0.462500 0.858333 0.471875 0.872917 0.485938 0.891667 0.495312 0.897917 0.500000 0.900000 0.509375 0.900000 0.515625 0.895833 0.517188 0.891667 0.517188 0.879167 0.515625 0.872917 0.510938 0.864583 0.509375 0.860417 0.507812 0.850000 0.503125 0.839583 0.503125 0.833333 0.501563 0.829167 0.500000 0.827083 0.492188 0.820833 0.476562 0.808333 0.470313 0.800000 0.464062 0.793750 0.460938 0.793750
0 0.479687 0.720833 0.476562 0.722917 0.473438 0.725000 0.468750 0.729167 0.454688 0.747917 0.453125 0.752083 0.453125 0.762500 0.457813 0.781250 0.459375 0.785417 0.460938 0.789583 0.465625 0.795833 0.471875 0.802083 0.478125 0.808333 0.496875 0.825000 0.501563 0.827083 0.520312 0.825000 0.523438 0.820833 0.523438 0.802083 0.518750 0.777083 0.512500 0.756250 0.510938 0.739583 0.509375 0.733333 0.506250 0.725000 0.501563 0.727083 0.500000 0.731250 0.495312 0.731250 0.487500 0.720833 0.479687 0.720833
0 0.523438 0.793750 0.525000 0.808333 0.526563 0.810417 0.526563 0.820833 0.520312 0.827083 0.518750 0.837500 0.521875 0.847917 0.521875 0.858333 0.523438 0.868750 0.525000 0.872917 0.531250 0.881250 0.535937 0.885417 0.540625 0.889583 0.545312 0.889583 0.553125 0.881250 0.559375 0.872917 0.562500 0.866667 0.564063 0.862500 0.565625 0.856250 0.565625 0.847917 0.573438 0.818750 0.573438 0.812500 0.575000 0.810417 0.575000 0.804167 0.571875 0.806250 0.568750 0.808333 0.560937 0.816667 0.557813 0.818750 0.551562 0.820833 0.548438 0.825000 0.542188 0.825000 0.534375 0.814583 0.529687 0.804167 0.526563 0.793750 0.523438 0.793750
0 0.517188 0.697917 0.515625 0.700000 0.512500 0.700000 0.512500 0.716667 0.518750 0.750000 0.520312 0.762500 0.520312 0.777083 0.521875 0.783333 0.523438 0.789583 0.526563 0.795833 0.531250 0.802083 0.534375 0.812500 0.542188 0.822917 0.548438 0.822917 0.554688 0.818750 0.564063 0.812500 0.570312 0.806250 0.575000 0.800000 0.575000 0.793750 0.568750 0.772917 0.564063 0.764583 0.560937 0.752083 0.556250 0.739583 0.553125 0.733333 0.546875 0.722917 0.535937 0.708333 0.529687 0.702083 0.526563 0.700000 0.521875 0.700000 0.520312 0.697917 0.517188 0.697917
0 0.562500 0.681250 0.557813 0.683333 0.553125 0.685417 0.546875 0.689583 0.546875 0.700000 0.553125 0.725000 0.556250 0.735417 0.562500 0.754167 0.573438 0.781250 0.575000 0.791667 0.576562 0.795833 0.579688 0.800000 0.584375 0.802083 0.595313 0.802083 0.598437 0.800000 0.601562 0.797917 0.606250 0.793750 0.614062 0.783333 0.617188 0.777083 0.618750 0.768750 0.618750 0.747917 0.617188 0.741667 0.612500 0.729167 0.607812 0.720833 0.593750 0.702083 0.582812 0.689583 0.576562 0.683333 0.573438 0.681250 0.562500 0.681250
