7 0.398438 0.060417 0.387500 0.062500 0.373437 0.068750 0.364063 0.075000 0.357812 0.081250 0.346875 0.095833 0.343750 0.102083 0.332813 0.131250 0.331250 0.137500 0.331250 0.147917 0.329688 0.150000 0.329688 0.158333 0.331250 0.160417 0.331250 0.170833 0.332813 0.179167 0.334375 0.187500 0.337500 0.200000 0.339062 0.206250 0.342187 0.212500 0.348438 0.225000 0.364063 0.247917 0.376563 0.262500 0.382812 0.270833 0.392188 0.285417 0.400000 0.291667 0.407813 0.295833 0.412500 0.297917 0.417187 0.300000 0.426563 0.302083 0.434375 0.302083 0.442188 0.300000 0.450000 0.297917 0.454688 0.295833 0.460938 0.287500 0.460938 0.283333 0.467187 0.268750 0.471875 0.258333 0.475000 0.252083 0.478125 0.245833 0.484375 0.237500 0.485938 0.231250 0.484375 0.212500 0.484375 0.208333 0.485938 0.206250 0.485938 0.202083 0.484375 0.191667 0.479687 0.175000 0.479687 0.156250 0.476562 0.147917 0.476562 0.137500 0.475000 0.129167 0.471875 0.120833 0.467187 0.108333 0.462500 0.100000 0.448437 0.081250 0.443750 0.077083 0.431250 0.068750 0.426563 0.066667 0.420312 0.064583 0.412500 0.062500 0.403125 0.060417 0.398438 0.060417
0 0.290625 0.443750 0.285938 0.445833 0.278125 0.450000 0.275000 0.452083 0.270313 0.456250 0.262500 0.466667 0.257812 0.475000 0.254688 0.483333 0.248438 0.500000 0.245312 0.510417 0.245312 0.527083 0.246875 0.533333 0.251563 0.545833 0.254688 0.550000 0.257812 0.552083 0.264062 0.552083 0.270313 0.550000 0.273438 0.547917 0.281250 0.541667 0.285938 0.537500 0.292187 0.531250 0.293750 0.529167 0.298438 0.520833 0.304688 0.504167 0.307812 0.491667 0.315625 0.460417 0.314063 0.447917 0.310937 0.445833 0.303125 0.443750 0.290625 0.443750
29 0.837500 0.222917 0.829688 0.225000 0.823438 0.227083 0.812500 0.233333 0.806250 0.233333 0.803125 0.235417 0.796875 0.241667 0.792188 0.247917 0.785937 0.254167 0.778125 0.258333 0.765625 0.272917 0.759375 0.279167 0.754687 0.281250 0.746875 0.289583 0.734375 0.304167 0.726562 0.314583 0.723437 0.320833 0.718750 0.333333 0.717187 0.339583 0.715625 0.345833 0.715625 0.375000 0.720313 0.393750 0.721875 0.397917 0.725000 0.404167 0.740625 0.425000 0.745313 0.427083 0.750000 0.433333 0.753125 0.433333 0.756250 0.437500 0.795312 0.437500 0.807813 0.435417 0.817187 0.433333 0.825000 0.431250 0.829688 0.427083 0.840625 0.427083 0.851562 0.422917 0.856250 0.418750 0.862500 0.418750 0.868750 0.416667 0.881250 0.408333 0.895312 0.395833 0.901563 0.387500 0.907813 0.377083 0.912500 0.366667 0.914062 0.362500 0.917188 0.352083 0.918750 0.345833 0.920312 0.337500 0.921875 0.329167 0.923438 0.318750 0.928125 0.318750 0.932813 0.314583 0.921875 0.312500 0.920312 0.306250 0.920312 0.295833 0.918750 0.289583 0.917188 0.283333 0.912500 0.270833 0.909375 0.264583 0.895312 0.245833 0.890625 0.243750 0.885938 0.237500 0.882812 0.235417 0.871875 0.229167 0.860938 0.225000 0.853125 0.222917 0.837500 0.222917
0 0.642188 0.279167 0.639062 0.281250 0.635938 0.283333 0.631250 0.289583 0.629687 0.293750 0.629687 0.345833 0.628125 0.356250 0.626563 0.362500 0.618750 0.381250 0.617188 0.387500 0.617188 0.393750 0.618750 0.402083 0.621875 0.410417 0.621875 0.418750 0.618750 0.425000 0.617188 0.433333 0.617188 0.468750 0.618750 0.479167 0.620313 0.485417 0.621875 0.489583 0.626563 0.497917 0.626563 0.502083 0.637500 0.516667 0.642188 0.520833 0.650000 0.527083 0.653125 0.529167 0.656250 0.531250 0.660937 0.533333 0.665625 0.535417 0.671875 0.537500 0.679688 0.539583 0.693750 0.539583 0.696875 0.537500 0.700000 0.533333 0.703125 0.522917 0.704688 0.516667 0.704688 0.497917 0.703125 0.483333 0.700000 0.472917 0.698438 0.450000 0.696875 0.439583 0.689063 0.389583 0.687500 0.379167 0.684375 0.370833 0.679688 0.341667 0.679688 0.331250 0.678125 0.325000 0.668750 0.302083 0.664062 0.295833 0.660937 0.289583 0.660937 0.287500 0.659375 0.285417 0.657813 0.285417 0.654687 0.281250 0.650000 0.279167 0.642188 0.279167
26 0.279687 0.089583 0.268750 0.091667 0.264062 0.093750 0.260937 0.095833 0.256250 0.100000 0.251563 0.104167 0.246875 0.110417 0.243750 0.116667 0.239063 0.129167 0.237500 0.137500 0.235937 0.147917 0.235937 0.183333 0.239063 0.185417 0.248438 0.187500 0.257812 0.187500 0.264062 0.189583 0.267188 0.193750 0.267188 0.197917 0.253125 0.216667 0.251563 0.220833 0.248438 0.227083 0.245312 0.237500 0.240625 0.245833 0.232813 0.256250 0.226562 0.258333 0.220312 0.264583 0.214062 0.266667 0.206250 0.266667 0.201563 0.268750 0.195312 0.272917 0.192188 0.277083 0.190625 0.281250 0.189062 0.287500 0.189062 0.308333 0.192188 0.322917 0.196875 0.335417 0.203125 0.343750 0.203125 0.345833 0.207813 0.352083 0.217188 0.358333 0.223438 0.358333 0.231250 0.356250 0.235937 0.352083 0.240625 0.350000 0.248438 0.350000 0.256250 0.341667 0.264062 0.341667 0.273438 0.345833 0.279687 0.345833 0.284375 0.343750 0.292187 0.339583 0.306250 0.329167 0.317188 0.327083 0.360938 0.329167 0.365625 0.329167 0.370312 0.327083 0.373437 0.325000 0.376563 0.318750 0.381250 0.306250 0.382812 0.297917 0.382812 0.289583 0.381250 0.283333 0.379688 0.279167 0.376563 0.272917 0.362500 0.252083 0.359375 0.250000 0.356250 0.245833 0.348438 0.233333 0.342187 0.222917 0.337500 0.212500 0.332813 0.200000 0.332813 0.189583 0.329688 0.183333 0.329688 0.170833 0.326562 0.158333 0.328125 0.143750 0.328125 0.133333 0.325000 0.127083 0.325000 0.110417 0.323437 0.104167 0.317188 0.095833 0.312500 0.093750 0.304688 0.089583 0.298438 0.089583 0.285938 0.089583 0.279687 0.089583
0 0.551562 0.650000 0.542188 0.662500 0.535937 0.675000 0.526563 0.693750 0.523438 0.704167 0.509375 0.733333 0.506250 0.739583 0.503125 0.745833 0.495312 0.760417 0.489063 0.768750 0.484375 0.777083 0.476562 0.800000 0.478125 0.804167 0.481250 0.808333 0.498437 0.829167 0.503125 0.833333 0.512500 0.839583 0.515625 0.839583 0.525000 0.845833 0.537500 0.856250 0.545312 0.864583 0.557813 0.875000 0.560937 0.875000 0.564063 0.877083 0.571875 0.885417 0.573438 0.887500 0.578125 0.895833 0.585938 0.902083 0.595313 0.914583 0.601562 0.920833 0.606250 0.925000 0.610938 0.927083 0.615625 0.931250 0.626563 0.945833 0.631250 0.943750 0.634375 0.939583 0.635938 0.937500 0.640625 0.929167 0.645312 0.920833 0.650000 0.908333 0.654687 0.902083 0.657813 0.895833 0.659375 0.891667 0.659375 0.887500 0.660937 0.883333 0.665625 0.872917 0.684375 0.835417 0.690625 0.827083 0.700000 0.808333 0.704688 0.797917 0.709375 0.785417 0.709375 0.777083 0.703125 0.768750 0.701562 0.768750 0.693750 0.758333 0.687500 0.752083 0.682813 0.747917 0.664062 0.735417 0.659375 0.731250 0.648438 0.718750 0.637500 0.712500 0.625000 0.700000 0.609375 0.689583 0.596875 0.677083 0.585938 0.670833 0.578125 0.662500 0.570312 0.656250 0.560937 0.650000 0.557813 0.650000 0.551562 0.650000
0 0.364063 0.395833 0.360938 0.397917 0.359375 0.408333 0.356250 0.412500 0.329688 0.412500 0.326562 0.416667 0.325000 0.420833 0.323437 0.425000 0.321875 0.433333 0.321875 0.456250 0.323437 0.470833 0.318750 0.483333 0.312500 0.493750 0.310937 0.502083 0.303125 0.514583 0.301563 0.518750 0.300000 0.527083 0.292187 0.539583 0.287500 0.547917 0.285938 0.552083 0.284375 0.556250 0.284375 0.570833 0.281250 0.575000 0.278125 0.575000 0.273438 0.581250 0.271875 0.581250 0.268750 0.585417 0.265625 0.591667 0.264062 0.597917 0.264062 0.608333 0.262500 0.620833 0.257812 0.627083 0.256250 0.627083 0.253125 0.631250 0.251563 0.637500 0.245312 0.647917 0.243750 0.652083 0.242188 0.658333 0.242188 0.675000 0.243750 0.679167 0.246875 0.683333 0.253125 0.687500 0.264062 0.702083 0.267188 0.704167 0.275000 0.708333 0.279687 0.710417 0.285938 0.712500 0.293750 0.712500 0.298438 0.708333 0.307812 0.695833 0.314063 0.695833 0.323437 0.700000 0.329688 0.700000 0.335938 0.697917 0.339062 0.695833 0.342187 0.693750 0.346875 0.689583 0.353125 0.681250 0.360938 0.679167 0.364063 0.677083 0.367188 0.672917 0.370312 0.666667 0.375000 0.658333 0.379688 0.647917 0.384375 0.633333 0.385937 0.627083 0.385937 0.620833 0.387500 0.614583 0.393750 0.604167 0.395313 0.593750 0.395313 0.568750 0.392188 0.558333 0.392188 0.547917 0.387500 0.529167 0.387500 0.518750 0.390625 0.506250 0.392188 0.485417 0.392188 0.479167 0.390625 0.460417 0.393750 0.443750 0.393750 0.414583 0.392188 0.410417 0.390625 0.406250 0.385937 0.400000 0.382812 0.397917 0.378125 0.395833 0.364063 0.395833
0 0.873437 0.135417 0.865625 0.137500 0.851562 0.143750 0.848437 0.145833 0.845313 0.147917 0.839063 0.154167 0.835938 0.156250 0.829688 0.158333 0.826562 0.160417 0.817187 0.168750 0.814063 0.172917 0.810937 0.168750 0.809375 0.166667 0.806250 0.166667 0.801562 0.162500 0.790625 0.160417 0.785937 0.162500 0.785937 0.168750 0.784375 0.170833 0.784375 0.183333 0.785937 0.195833 0.790625 0.208333 0.793750 0.212500 0.793750 0.214583 0.795312 0.216667 0.796875 0.216667 0.800000 0.220833 0.801562 0.225000 0.801562 0.235417 0.806250 0.233333 0.820312 0.225000 0.826562 0.222917 0.834375 0.220833 0.854688 0.220833 0.864062 0.222917 0.868750 0.225000 0.873437 0.227083 0.879687 0.231250 0.889062 0.237500 0.895312 0.243750 0.901563 0.250000 0.907813 0.258333 0.910937 0.264583 0.914062 0.270833 0.920312 0.287500 0.921875 0.293750 0.923438 0.304167 0.926562 0.320833 0.931250 0.316667 0.945312 0.297917 0.948438 0.291667 0.951562 0.285417 0.957812 0.268750 0.959375 0.262500 0.960938 0.256250 0.962500 0.245833 0.962500 0.220833 0.960938 0.214583 0.957812 0.206250 0.953125 0.193750 0.950000 0.187500 0.926562 0.156250 0.921875 0.152083 0.917188 0.147917 0.910937 0.143750 0.901563 0.137500 0.895312 0.135417 0.873437 0.135417
0 0.223438 0.497917 0.220312 0.500000 0.209375 0.510417 0.204687 0.516667 0.203125 0.525000 0.201563 0.537500 0.200000 0.550000 0.196875 0.579167 0.196875 0.604167 0.200000 0.612500 0.210938 0.625000 0.214062 0.627083 0.220312 0.629167 0.229687 0.629167 0.234375 0.627083 0.243750 0.627083 0.248438 0.622917 0.253125 0.618750 0.260937 0.608333 0.260937 0.589583 0.259375 0.581250 0.254688 0.558333 0.253125 0.550000 0.248438 0.543750 0.246875 0.539583 0.245312 0.533333 0.243750 0.527083 0.243750 0.514583 0.243750 0.510417 0.239063 0.504167 0.234375 0.500000 0.231250 0.497917 0.223438 0.497917
4 0.817187 0.522917 0.812500 0.525000 0.807813 0.529167 0.796875 0.543750 0.790625 0.560417 0.789062 0.566667 0.787500 0.572917 0.787500 0.604167 0.789062 0.610417 0.798438 0.631250 0.800000 0.635417 0.801562 0.641667 0.803125 0.652083 0.803125 0.660417 0.801562 0.662500 0.801562 0.672917 0.796875 0.697917 0.793750 0.722917 0.790625 0.750000 0.789062 0.764583 0.787500 0.779167 0.782813 0.831250 0.781250 0.850000 0.779687 0.870833 0.779687 0.897917 0.781250 0.902083 0.787500 0.900000 0.789062 0.891667 0.792188 0.872917 0.792188 0.862500 0.793750 0.852083 0.796875 0.843750 0.801562 0.814583 0.806250 0.777083 0.807813 0.762500 0.807813 0.750000 0.809375 0.735417 0.812500 0.722917 0.814063 0.691667 0.815625 0.679167 0.817187 0.668750 0.818750 0.660417 0.823438 0.647917 0.834375 0.635417 0.837500 0.631250 0.837500 0.629167 0.842187 0.622917 0.845313 0.616667 0.846875 0.612500 0.848437 0.606250 0.850000 0.593750 0.850000 0.589583 0.848437 0.572917 0.846875 0.564583 0.845313 0.558333 0.843750 0.552083 0.839063 0.539583 0.835938 0.533333 0.832812 0.529167 0.828125 0.525000 0.825000 0.522917 0.817187 0.522917
6 0.909375 0.418750 0.887500 0.420833 0.867188 0.425000 0.818750 0.425000 0.810937 0.427083 0.803125 0.431250 0.789062 0.433333 0.776563 0.435417 0.764062 0.437500 0.759375 0.437500 0.740625 0.435417 0.718750 0.437500 0.703125 0.439583 0.700000 0.441667 0.700000 0.452083 0.701562 0.464583 0.706250 0.489583 0.707812 0.502083 0.707812 0.514583 0.706250 0.520833 0.704688 0.527083 0.703125 0.531250 0.701562 0.535417 0.696875 0.541667 0.692187 0.543750 0.682813 0.543750 0.673438 0.541667 0.668750 0.537500 0.662500 0.537500 0.657813 0.535417 0.653125 0.533333 0.642188 0.525000 0.635938 0.518750 0.625000 0.504167 0.618750 0.489583 0.617188 0.483333 0.615625 0.475000 0.615625 0.460417 0.614062 0.458333 0.614062 0.452083 0.606250 0.452083 0.603125 0.456250 0.603125 0.462500 0.606250 0.479167 0.607812 0.502083 0.607812 0.527083 0.609375 0.529167 0.609375 0.533333 0.612500 0.533333 0.614062 0.535417 0.623437 0.535417 0.631250 0.537500 0.637500 0.539583 0.642188 0.543750 0.651563 0.545833 0.656250 0.547917 0.673438 0.560417 0.701562 0.560417 0.709375 0.556250 0.718750 0.550000 0.723437 0.550000 0.728125 0.547917 0.735938 0.539583 0.740625 0.537500 0.748437 0.535417 0.756250 0.531250 0.764062 0.525000 0.768750 0.518750 0.771875 0.516667 0.775000 0.514583 0.785937 0.510417 0.803125 0.500000 0.812500 0.493750 0.825000 0.483333 0.831250 0.479167 0.843750 0.472917 0.853125 0.466667 0.864062 0.456250 0.870313 0.454167 0.876563 0.447917 0.882812 0.447917 0.887500 0.454167 0.889062 0.458333 0.889062 0.462500 0.884375 0.468750 0.875000 0.475000 0.868750 0.477083 0.865625 0.479167 0.859375 0.485417 0.856250 0.485417 0.854688 0.489583 0.851562 0.489583 0.845313 0.493750 0.840625 0.495833 0.839063 0.500000 0.835938 0.500000 0.832812 0.502083 0.829688 0.506250 0.826562 0.508333 0.821875 0.510417 0.817187 0.510417 0.810937 0.512500 0.806250 0.518750 0.790625 0.527083 0.787500 0.529167 0.784375 0.533333 0.781250 0.535417 0.773438 0.537500 0.770312 0.539583 0.748437 0.556250 0.746875 0.554167 0.739062 0.560417 0.731250 0.564583 0.726562 0.570833 0.723437 0.570833 0.720313 0.572917 0.714063 0.579167 0.712500 0.581250 0.712500 0.583333 0.709375 0.587500 0.709375 0.595833 0.710938 0.600000 0.723437 0.618750 0.732812 0.637500 0.743750 0.666667 0.748437 0.685417 0.751563 0.700000 0.753125 0.710417 0.754687 0.725000 0.754687 0.766667 0.753125 0.783333 0.751563 0.793750 0.748437 0.808333 0.743750 0.827083 0.732812 0.856250 0.729688 0.862500 0.726562 0.868750 0.717187 0.883333 0.714063 0.891667 0.743750 0.891667 0.767188 0.889583 0.776563 0.885417 0.778125 0.877083 0.778125 0.850000 0.781250 0.835417 0.782813 0.818750 0.784375 0.802083 0.784375 0.783333 0.785937 0.768750 0.789062 0.754167 0.789062 0.739583 0.793750 0.700000 0.798438 0.679167 0.800000 0.664583 0.800000 0.647917 0.798438 0.639583 0.796875 0.635417 0.795312 0.631250 0.792188 0.627083 0.790625 0.622917 0.787500 0.612500 0.784375 0.600000 0.784375 0.591667 0.785937 0.589583 0.784375 0.579167 0.785937 0.568750 0.787500 0.562500 0.793750 0.547917 0.804688 0.533333 0.812500 0.525000 0.815625 0.522917 0.826562 0.522917 0.829688 0.527083 0.831250 0.527083 0.832812 0.529167 0.837500 0.537500 0.840625 0.545833 0.850000 0.568750 0.850000 0.589583 0.850000 0.610417 0.848437 0.614583 0.846875 0.618750 0.842187 0.627083 0.825000 0.650000 0.823438 0.654167 0.821875 0.658333 0.820312 0.666667 0.818750 0.675000 0.817187 0.689583 0.815625 0.704167 0.815625 0.718750 0.814063 0.733333 0.810937 0.743750 0.809375 0.772917 0.804688 0.808333 0.800000 0.841667 0.795312 0.858333 0.793750 0.870833 0.793750 0.883333 0.856250 0.883333 0.887500 0.879167 0.965625 0.879167 0.968750 0.875000 0.968750 0.862500 0.967187 0.860417 0.965625 0.843750 0.964063 0.804167 0.962500 0.785417 0.960938 0.766667 0.956250 0.733333 0.954688 0.716667 0.953125 0.681250 0.948438 0.645833 0.946875 0.627083 0.945312 0.587500 0.943750 0.568750 0.942187 0.550000 0.940625 0.533333 0.939063 0.516667 0.934375 0.485417 0.932813 0.454167 0.931250 0.437500 0.929688 0.425000 0.928125 0.420833 0.909375 0.418750
0 0.234375 0.422917 0.220312 0.429167 0.217188 0.431250 0.214062 0.450000 0.214062 0.477083 0.215625 0.481250 0.221875 0.491667 0.223438 0.493750 0.226562 0.495833 0.231250 0.495833 0.234375 0.497917 0.239063 0.504167 0.240625 0.504167 0.243750 0.508333 0.246875 0.504167 0.248438 0.497917 0.254688 0.479167 0.257812 0.472917 0.262500 0.464583 0.271875 0.454167 0.275000 0.450000 0.271875 0.445833 0.259375 0.435417 0.240625 0.422917 0.234375 0.422917
3 0.879687 0.450000 0.882812 0.452083 0.885938 0.456250 0.885938 0.462500 0.884375 0.466667 0.881250 0.470833 0.870313 0.479167 0.867188 0.481250 0.864062 0.483333 0.850000 0.491667 0.839063 0.495833 0.832812 0.502083 0.829688 0.504167 0.812500 0.512500 0.776563 0.535417 0.773438 0.537500 0.767188 0.543750 0.745313 0.556250 0.732812 0.564583 0.725000 0.570833 0.717187 0.577083 0.704688 0.591667 0.692187 0.610417 0.687500 0.616667 0.685937 0.616667 0.679688 0.625000 0.671875 0.631250 0.668750 0.633333 0.665625 0.635417 0.657813 0.639583 0.653125 0.641667 0.646875 0.643750 0.640625 0.645833 0.631250 0.647917 0.620313 0.647917 0.623437 0.643750 0.629687 0.639583 0.632812 0.635417 0.631250 0.633333 0.635938 0.633333 0.639062 0.631250 0.634375 0.629167 0.631250 0.633333 0.632812 0.635417 0.623437 0.633333 0.618750 0.637500 0.615625 0.637500 0.617188 0.631250 0.621875 0.629167 0.612500 0.625000 0.612500 0.620833 0.618750 0.618750 0.623437 0.614583 0.628125 0.608333 0.631250 0.606250 0.626563 0.604167 0.612500 0.612500 0.606250 0.610417 0.614062 0.602083 0.620313 0.595833 0.625000 0.591667 0.629687 0.587500 0.651563 0.572917 0.656250 0.570833 0.660937 0.568750 0.670312 0.566667 0.678125 0.564583 0.689063 0.564583 0.696875 0.562500 0.715625 0.554167 0.723437 0.550000 0.731250 0.545833 0.746875 0.535417 0.759375 0.525000 0.762500 0.522917 0.765625 0.520833 0.776563 0.516667 0.789062 0.506250 0.804688 0.495833 0.820312 0.485417 0.823438 0.485417 0.826562 0.481250 0.835938 0.477083 0.839063 0.475000 0.845313 0.470833 0.870313 0.452083 0.875000 0.450000 0.879687 0.450000
13 0.528125 0.212500 0.517188 0.216667 0.510938 0.220833 0.498437 0.229167 0.493750 0.233333 0.487500 0.239583 0.481250 0.247917 0.473438 0.262500 0.470313 0.270833 0.465625 0.283333 0.464062 0.289583 0.462500 0.304167 0.462500 0.347917 0.464062 0.358333 0.465625 0.368750 0.470313 0.385417 0.475000 0.395833 0.489063 0.414583 0.492188 0.414583 0.501563 0.425000 0.510938 0.431250 0.515625 0.433333 0.521875 0.435417 0.528125 0.437500 0.562500 0.437500 0.568750 0.435417 0.575000 0.433333 0.579688 0.431250 0.582812 0.429167 0.587500 0.422917 0.593750 0.420833 0.596875 0.418750 0.601562 0.414583 0.612500 0.400000 0.615625 0.393750 0.620313 0.381250 0.626563 0.362500 0.628125 0.356250 0.628125 0.347917 0.629687 0.345833 0.629687 0.339583 0.626563 0.335417 0.628125 0.318750 0.626563 0.300000 0.625000 0.293750 0.618750 0.272917 0.614062 0.262500 0.610938 0.256250 0.606250 0.250000 0.606250 0.247917 0.603125 0.243750 0.593750 0.233333 0.589063 0.229167 0.584375 0.225000 0.575000 0.218750 0.570312 0.216667 0.565625 0.214583 0.559375 0.212500 0.528125 0.212500
22 0.454688 0.341667 0.450000 0.347917 0.450000 0.354167 0.451562 0.364583 0.448437 0.366667 0.448437 0.370833 0.450000 0.381250 0.453125 0.387500 0.456250 0.395833 0.464062 0.410417 0.468750 0.425000 0.473438 0.435417 0.484375 0.456250 0.493750 0.481250 0.498437 0.481250 0.503125 0.479167 0.509375 0.475000 0.512500 0.472917 0.514062 0.462500 0.510938 0.454167 0.504687 0.435417 0.503125 0.429167 0.500000 0.425000 0.498437 0.425000 0.492188 0.418750 0.479687 0.402083 0.473438 0.391667 0.465625 0.375000 0.464062 0.370833 0.462500 0.366667 0.462500 0.354167 0.459375 0.347917 0.457813 0.341667 0.454688 0.341667
