0 0.251563 0.416667 0.231250 0.418750 0.228125 0.422917 0.226562 0.427083 0.223438 0.429167 0.218750 0.431250 0.203125 0.433333 0.192188 0.431250 0.189062 0.433333 0.187500 0.437500 0.187500 0.447917 0.184375 0.464583 0.181250 0.468750 0.176563 0.470833 0.173437 0.475000 0.171875 0.481250 0.170313 0.500000 0.170313 0.508333 0.173437 0.516667 0.173437 0.527083 0.175000 0.531250 0.179688 0.539583 0.181250 0.545833 0.181250 0.554167 0.179688 0.560417 0.179688 0.566667 0.179688 0.570833 0.184375 0.577083 0.185938 0.577083 0.189062 0.581250 0.189062 0.595833 0.196875 0.606250 0.198437 0.612500 0.198437 0.620833 0.201563 0.631250 0.203125 0.631250 0.206250 0.635417 0.220312 0.635417 0.225000 0.637500 0.231250 0.639583 0.235937 0.645833 0.246875 0.645833 0.251563 0.641667 0.260937 0.641667 0.267188 0.637500 0.271875 0.641667 0.276562 0.641667 0.282813 0.637500 0.284375 0.631250 0.284375 0.622917 0.295312 0.610417 0.296875 0.606250 0.296875 0.602083 0.300000 0.597917 0.309375 0.597917 0.312500 0.593750 0.312500 0.585417 0.307812 0.579167 0.306250 0.568750 0.307812 0.562500 0.312500 0.560417 0.314063 0.556250 0.314063 0.554167 0.315625 0.550000 0.325000 0.547917 0.328125 0.552083 0.331250 0.554167 0.335938 0.554167 0.340625 0.547917 0.343750 0.541667 0.345313 0.537500 0.345313 0.525000 0.342187 0.516667 0.340625 0.506250 0.342187 0.502083 0.340625 0.489583 0.334375 0.481250 0.332813 0.475000 0.326562 0.466667 0.326562 0.460417 0.323437 0.456250 0.323437 0.454167 0.321875 0.452083 0.318750 0.450000 0.312500 0.447917 0.306250 0.441667 0.298438 0.431250 0.292187 0.425000 0.287500 0.420833 0.279687 0.418750 0.267188 0.420833 0.264062 0.420833 0.259375 0.416667 0.251563 0.416667
19 0.192188 0.716667 0.187500 0.718750 0.178125 0.725000 0.167187 0.735417 0.162500 0.737500 0.154688 0.739583 0.131250 0.756250 0.117188 0.764583 0.109375 0.766667 0.106250 0.768750 0.098437 0.775000 0.089063 0.785417 0.087500 0.787500 0.079687 0.800000 0.075000 0.812500 0.073438 0.818750 0.071875 0.825000 0.070312 0.837500 0.070312 0.850000 0.071875 0.862500 0.073438 0.868750 0.075000 0.875000 0.076563 0.879167 0.078125 0.883333 0.081250 0.889583 0.095312 0.908333 0.103125 0.914583 0.110937 0.918750 0.117188 0.920833 0.140625 0.920833 0.146875 0.918750 0.151562 0.916667 0.159375 0.910417 0.164062 0.904167 0.168750 0.902083 0.182812 0.883333 0.192188 0.872917 0.198437 0.868750 0.218750 0.847917 0.242188 0.816667 0.243750 0.812500 0.245312 0.808333 0.246875 0.802083 0.248438 0.793750 0.248438 0.768750 0.246875 0.760417 0.245312 0.754167 0.240625 0.741667 0.229687 0.727083 0.220312 0.720833 0.215625 0.718750 0.209375 0.716667 0.192188 0.716667
0 0.418750 0.135417 0.409375 0.137500 0.400000 0.141667 0.395313 0.143750 0.387500 0.150000 0.382812 0.154167 0.368750 0.172917 0.365625 0.179167 0.360938 0.191667 0.357812 0.202083 0.356250 0.216667 0.356250 0.239583 0.357812 0.252083 0.359375 0.258333 0.362500 0.266667 0.367188 0.279167 0.370312 0.285417 0.375000 0.293750 0.387500 0.310417 0.392188 0.314583 0.404687 0.322917 0.409375 0.325000 0.415625 0.327083 0.423438 0.327083 0.426563 0.325000 0.428125 0.318750 0.432812 0.306250 0.435937 0.300000 0.451562 0.279167 0.456250 0.275000 0.464062 0.268750 0.467187 0.266667 0.470313 0.264583 0.479687 0.260417 0.489063 0.258333 0.493750 0.256250 0.496875 0.252083 0.496875 0.216667 0.492188 0.197917 0.487500 0.185417 0.484375 0.179167 0.476562 0.168750 0.476562 0.166667 0.470313 0.158333 0.464062 0.152083 0.459375 0.147917 0.451562 0.143750 0.443750 0.139583 0.439063 0.137500 0.429688 0.135417 0.418750 0.135417
0 0.557813 0.716667 0.556250 0.718750 0.553125 0.718750 0.553125 0.722917 0.550000 0.727083 0.545312 0.727083 0.535937 0.739583 0.535937 0.745833 0.529687 0.756250 0.526563 0.762500 0.521875 0.758333 0.518750 0.758333 0.517188 0.760417 0.512500 0.760417 0.509375 0.762500 0.506250 0.766667 0.506250 0.783333 0.512500 0.791667 0.514062 0.797917 0.518750 0.800000 0.523438 0.806250 0.526563 0.808333 0.532813 0.810417 0.539062 0.810417 0.550000 0.818750 0.567187 0.818750 0.571875 0.816667 0.576562 0.812500 0.584375 0.802083 0.585938 0.795833 0.593750 0.785417 0.600000 0.779167 0.601562 0.779167 0.604688 0.775000 0.606250 0.768750 0.606250 0.760417 0.604688 0.752083 0.603125 0.745833 0.600000 0.741667 0.600000 0.739583 0.590625 0.737500 0.589063 0.735417 0.582812 0.735417 0.579688 0.739583 0.573438 0.731250 0.571875 0.729167 0.570312 0.722917 0.567187 0.716667 0.557813 0.716667
0 0.509375 0.677083 0.504687 0.679167 0.501563 0.683333 0.498437 0.687500 0.498437 0.697917 0.500000 0.702083 0.504687 0.712500 0.507812 0.714583 0.512500 0.716667 0.512500 0.722917 0.506250 0.743750 0.506250 0.756250 0.509375 0.760417 0.512500 0.760417 0.517188 0.756250 0.523438 0.756250 0.525000 0.750000 0.531250 0.741667 0.531250 0.737500 0.534375 0.733333 0.532813 0.729167 0.540625 0.725000 0.550000 0.725000 0.553125 0.720833 0.553125 0.716667 0.545312 0.718750 0.539062 0.720833 0.537500 0.722917 0.534375 0.722917 0.531250 0.718750 0.529687 0.718750 0.526563 0.708333 0.525000 0.697917 0.525000 0.693750 0.526563 0.689583 0.529687 0.685417 0.532813 0.685417 0.532813 0.679167 0.529687 0.679167 0.528125 0.677083 0.517188 0.675000 0.509375 0.677083
13 0.500000 0.258333 0.489063 0.260417 0.482812 0.262500 0.478125 0.264583 0.473438 0.266667 0.460938 0.275000 0.453125 0.281250 0.439063 0.300000 0.435937 0.306250 0.432812 0.312500 0.431250 0.316667 0.429688 0.320833 0.426563 0.331250 0.425000 0.339583 0.423438 0.350000 0.423438 0.393750 0.425000 0.402083 0.426563 0.410417 0.429688 0.420833 0.431250 0.425000 0.432812 0.429167 0.437500 0.437500 0.442188 0.445833 0.453125 0.460417 0.457813 0.464583 0.465625 0.470833 0.468750 0.472917 0.471875 0.475000 0.476562 0.477083 0.481250 0.479167 0.487500 0.481250 0.496875 0.483333 0.518750 0.483333 0.526563 0.481250 0.534375 0.479167 0.546875 0.470833 0.560937 0.458333 0.570312 0.445833 0.575000 0.437500 0.579688 0.427083 0.584375 0.414583 0.585938 0.408333 0.587500 0.402083 0.589063 0.391667 0.589063 0.354167 0.587500 0.343750 0.585938 0.337500 0.584375 0.331250 0.579688 0.316667 0.578125 0.312500 0.573438 0.304167 0.568750 0.295833 0.560937 0.285417 0.553125 0.277083 0.548438 0.272917 0.545312 0.270833 0.542188 0.268750 0.537500 0.266667 0.532813 0.264583 0.526563 0.262500 0.518750 0.260417 0.503125 0.258333 0.500000 0.258333
28 0.720313 0.345833 0.712500 0.347917 0.706250 0.350000 0.693750 0.358333 0.670312 0.379167 0.659375 0.393750 0.657813 0.393750 0.648438 0.406250 0.645312 0.412500 0.643750 0.416667 0.642188 0.420833 0.639062 0.431250 0.637500 0.437500 0.635938 0.443750 0.635938 0.460417 0.637500 0.468750 0.642188 0.479167 0.645312 0.485417 0.654687 0.497917 0.660937 0.504167 0.668750 0.512500 0.673438 0.514583 0.679688 0.518750 0.684375 0.520833 0.692187 0.522917 0.703125 0.525000 0.726562 0.525000 0.735938 0.522917 0.742188 0.520833 0.746875 0.518750 0.754687 0.514583 0.757812 0.512500 0.760938 0.510417 0.768750 0.497917 0.770312 0.495833 0.785937 0.477083 0.789062 0.470833 0.792188 0.464583 0.793750 0.460417 0.796875 0.450000 0.798438 0.435417 0.798438 0.431250 0.796875 0.418750 0.795312 0.412500 0.793750 0.408333 0.790625 0.404167 0.789062 0.395833 0.784375 0.385417 0.779687 0.377083 0.770312 0.364583 0.765625 0.360417 0.762500 0.358333 0.759375 0.356250 0.751563 0.352083 0.746875 0.350000 0.742188 0.350000 0.737500 0.345833 0.720313 0.345833
24 0.309375 0.158333 0.306250 0.160417 0.303125 0.162500 0.292187 0.172917 0.278125 0.183333 0.264062 0.193750 0.254688 0.200000 0.235937 0.210417 0.228125 0.216667 0.220312 0.225000 0.210938 0.231250 0.190625 0.245833 0.187500 0.245833 0.175000 0.256250 0.173437 0.270833 0.176563 0.275000 0.176563 0.279167 0.184375 0.297917 0.195312 0.318750 0.200000 0.335417 0.204687 0.341667 0.207813 0.352083 0.212500 0.358333 0.214062 0.366667 0.215625 0.370833 0.220312 0.377083 0.237500 0.377083 0.246875 0.375000 0.254688 0.368750 0.267188 0.354167 0.270313 0.352083 0.275000 0.350000 0.281250 0.350000 0.284375 0.345833 0.285938 0.345833 0.287500 0.343750 0.292187 0.335417 0.296875 0.331250 0.301563 0.327083 0.312500 0.318750 0.334375 0.304167 0.345313 0.293750 0.356250 0.287500 0.360938 0.283333 0.360938 0.275000 0.360938 0.270833 0.356250 0.260417 0.353125 0.245833 0.351562 0.241667 0.350000 0.237500 0.334375 0.197917 0.331250 0.191667 0.326562 0.185417 0.321875 0.175000 0.318750 0.164583 0.314063 0.158333 0.309375 0.158333
7 0.601562 0.087500 0.593750 0.093750 0.584375 0.095833 0.571875 0.104167 0.567187 0.108333 0.559375 0.116667 0.554688 0.125000 0.551562 0.131250 0.545312 0.147917 0.540625 0.166667 0.539062 0.179167 0.539062 0.247917 0.540625 0.254167 0.542188 0.260417 0.543750 0.264583 0.546875 0.268750 0.551562 0.272917 0.559375 0.279167 0.571875 0.295833 0.578125 0.308333 0.604688 0.310417 0.610938 0.308333 0.615625 0.306250 0.618750 0.304167 0.623437 0.300000 0.631250 0.289583 0.645312 0.270833 0.651563 0.260417 0.656250 0.250000 0.660937 0.241667 0.662500 0.237500 0.662500 0.231250 0.668750 0.222917 0.671875 0.212500 0.671875 0.204167 0.675000 0.195833 0.675000 0.164583 0.673438 0.150000 0.671875 0.143750 0.670312 0.137500 0.667188 0.131250 0.659375 0.120833 0.659375 0.116667 0.656250 0.112500 0.654687 0.112500 0.651563 0.108333 0.651563 0.106250 0.646875 0.100000 0.640625 0.093750 0.631250 0.087500 0.601562 0.087500
0 0.559375 0.608333 0.554688 0.610417 0.551562 0.614583 0.550000 0.614583 0.548438 0.616667 0.546875 0.620833 0.546875 0.631250 0.548438 0.641667 0.553125 0.654167 0.550000 0.662500 0.546875 0.666667 0.534375 0.683333 0.531250 0.687500 0.529687 0.687500 0.528125 0.689583 0.526563 0.693750 0.526563 0.700000 0.528125 0.702083 0.528125 0.710417 0.529687 0.716667 0.532813 0.720833 0.537500 0.722917 0.543750 0.720833 0.560937 0.714583 0.567187 0.714583 0.573438 0.716667 0.579688 0.725000 0.581250 0.731250 0.589063 0.735417 0.604688 0.735417 0.609375 0.729167 0.610938 0.725000 0.612500 0.710417 0.612500 0.693750 0.615625 0.685417 0.615625 0.666667 0.612500 0.654167 0.610938 0.645833 0.609375 0.641667 0.603125 0.633333 0.595313 0.629167 0.589063 0.618750 0.585938 0.614583 0.579688 0.612500 0.570312 0.610417 0.559375 0.608333
0 0.520312 0.537500 0.517188 0.539583 0.514062 0.541667 0.509375 0.545833 0.503125 0.552083 0.501563 0.554167 0.500000 0.558333 0.500000 0.564583 0.498437 0.568750 0.496875 0.572917 0.492188 0.579167 0.489063 0.585417 0.487500 0.591667 0.487500 0.625000 0.489063 0.629167 0.492188 0.635417 0.500000 0.645833 0.501563 0.652083 0.507812 0.660417 0.509375 0.666667 0.512500 0.670833 0.515625 0.672917 0.520312 0.675000 0.534375 0.675000 0.539062 0.670833 0.539062 0.639583 0.540625 0.635417 0.543750 0.633333 0.545312 0.629167 0.545312 0.618750 0.551562 0.610417 0.554688 0.608333 0.557813 0.606250 0.562500 0.606250 0.579688 0.608333 0.579688 0.604167 0.582812 0.600000 0.582812 0.589583 0.581250 0.585417 0.579688 0.583333 0.576562 0.581250 0.570312 0.579167 0.551562 0.579167 0.543750 0.577083 0.540625 0.575000 0.537500 0.570833 0.535937 0.560417 0.535937 0.550000 0.532813 0.539583 0.526563 0.537500 0.520312 0.537500
0 0.435937 0.533333 0.431250 0.535417 0.428125 0.537500 0.421875 0.545833 0.420312 0.558333 0.415625 0.570833 0.414062 0.579167 0.414062 0.589583 0.410938 0.602083 0.410938 0.608333 0.415625 0.610417 0.420312 0.610417 0.429688 0.614583 0.434375 0.616667 0.439063 0.622917 0.439063 0.627083 0.437500 0.631250 0.403125 0.633333 0.401562 0.637500 0.401562 0.650000 0.400000 0.654167 0.395313 0.662500 0.387500 0.675000 0.381250 0.691667 0.379688 0.704167 0.378125 0.710417 0.375000 0.714583 0.373437 0.718750 0.371875 0.729167 0.375000 0.737500 0.376563 0.758333 0.376563 0.787500 0.379688 0.802083 0.381250 0.808333 0.384375 0.812500 0.387500 0.812500 0.390625 0.814583 0.393750 0.818750 0.393750 0.827083 0.395313 0.831250 0.404687 0.843750 0.407813 0.845833 0.415625 0.847917 0.421875 0.847917 0.431250 0.852083 0.432812 0.856250 0.434375 0.860417 0.434375 0.864583 0.435937 0.868750 0.439063 0.872917 0.439063 0.875000 0.440625 0.877083 0.443750 0.879167 0.459375 0.879167 0.465625 0.877083 0.470313 0.875000 0.475000 0.872917 0.479687 0.868750 0.484375 0.866667 0.489063 0.866667 0.493750 0.864583 0.496875 0.860417 0.500000 0.854167 0.501563 0.850000 0.501563 0.825000 0.500000 0.814583 0.495312 0.795833 0.495312 0.791667 0.498437 0.785417 0.498437 0.770833 0.496875 0.764583 0.495312 0.758333 0.493750 0.754167 0.492188 0.750000 0.485938 0.741667 0.489063 0.735417 0.489063 0.718750 0.484375 0.708333 0.482812 0.702083 0.481250 0.691667 0.481250 0.675000 0.478125 0.662500 0.478125 0.645833 0.475000 0.635417 0.475000 0.625000 0.476562 0.620833 0.479687 0.616667 0.481250 0.610417 0.481250 0.604167 0.484375 0.597917 0.485938 0.591667 0.484375 0.568750 0.481250 0.566667 0.471875 0.564583 0.467187 0.562500 0.462500 0.560417 0.457813 0.554167 0.460938 0.545833 0.460938 0.541667 0.457813 0.537500 0.453125 0.535417 0.448437 0.533333 0.435937 0.533333
25 0.801562 0.389583 0.796875 0.395833 0.795312 0.400000 0.795312 0.412500 0.798438 0.433333 0.796875 0.443750 0.795312 0.454167 0.793750 0.460417 0.792188 0.464583 0.790625 0.468750 0.785937 0.479167 0.764062 0.508333 0.762500 0.512500 0.760938 0.516667 0.756250 0.535417 0.742188 0.570833 0.739062 0.585417 0.725000 0.620833 0.721875 0.635417 0.715625 0.650000 0.712500 0.664583 0.704688 0.687500 0.693750 0.714583 0.690625 0.729167 0.689063 0.733333 0.685937 0.737500 0.681250 0.756250 0.670312 0.783333 0.662500 0.810417 0.648438 0.845833 0.643750 0.860417 0.643750 0.864583 0.648438 0.870833 0.654687 0.875000 0.671875 0.885417 0.689063 0.897917 0.700000 0.906250 0.704688 0.912500 0.712500 0.918750 0.723437 0.927083 0.754687 0.947917 0.775000 0.966667 0.784375 0.972917 0.792188 0.970833 0.793750 0.966667 0.795312 0.962500 0.798438 0.952083 0.807813 0.914583 0.810937 0.904167 0.815625 0.893750 0.817187 0.883333 0.825000 0.860417 0.834375 0.837500 0.835938 0.827083 0.843750 0.808333 0.846875 0.797917 0.850000 0.781250 0.854688 0.770833 0.856250 0.760417 0.862500 0.741667 0.879687 0.695833 0.887500 0.670833 0.901563 0.622917 0.915625 0.583333 0.920312 0.575000 0.921875 0.570833 0.926562 0.554167 0.934375 0.533333 0.954688 0.487500 0.957812 0.477083 0.957812 0.472917 0.959375 0.468750 0.956250 0.464583 0.953125 0.462500 0.950000 0.460417 0.939063 0.454167 0.918750 0.445833 0.898438 0.433333 0.881250 0.425000 0.859375 0.414583 0.818750 0.397917 0.814063 0.393750 0.804688 0.389583 0.801562 0.389583
4 0.317188 0.552083 0.315625 0.558333 0.307812 0.566667 0.307812 0.570833 0.309375 0.577083 0.314063 0.583333 0.314063 0.593750 0.310937 0.597917 0.307812 0.600000 0.303125 0.600000 0.300000 0.602083 0.298438 0.604167 0.290625 0.616667 0.287500 0.622917 0.289062 0.631250 0.293750 0.633333 0.303125 0.635417 0.309375 0.633333 0.312500 0.631250 0.315625 0.629167 0.328125 0.612500 0.337500 0.612500 0.351562 0.618750 0.376563 0.625000 0.387500 0.627083 0.400000 0.629167 0.420312 0.631250 0.434375 0.631250 0.437500 0.627083 0.435937 0.620833 0.431250 0.618750 0.423438 0.614583 0.417187 0.612500 0.398438 0.606250 0.390625 0.606250 0.375000 0.600000 0.367188 0.597917 0.351562 0.595833 0.343750 0.593750 0.337500 0.591667 0.334375 0.589583 0.332813 0.572917 0.331250 0.564583 0.329688 0.560417 0.323437 0.552083 0.317188 0.552083
