32 0.187500 0.579167 0.181250 0.583333 0.170313 0.585417 0.159375 0.585417 0.148438 0.589583 0.137500 0.589583 0.131250 0.593750 0.121875 0.595833 0.110937 0.595833 0.103125 0.597917 0.087500 0.604167 0.082812 0.606250 0.079687 0.608333 0.073438 0.614583 0.065625 0.625000 0.057813 0.635417 0.054688 0.641667 0.048438 0.658333 0.046875 0.664583 0.045312 0.675000 0.045312 0.697917 0.046875 0.708333 0.048438 0.714583 0.054688 0.731250 0.059375 0.737500 0.059375 0.739583 0.062500 0.743750 0.070312 0.752083 0.075000 0.756250 0.078125 0.758333 0.081250 0.760417 0.085938 0.762500 0.090625 0.764583 0.103125 0.766667 0.109375 0.766667 0.123438 0.764583 0.139063 0.758333 0.143750 0.756250 0.150000 0.750000 0.153125 0.747917 0.156250 0.747917 0.159375 0.745833 0.162500 0.743750 0.168750 0.737500 0.178125 0.731250 0.189062 0.727083 0.198437 0.720833 0.214062 0.710417 0.228125 0.700000 0.231250 0.695833 0.239063 0.681250 0.240625 0.677083 0.242188 0.670833 0.243750 0.658333 0.243750 0.637500 0.242188 0.629167 0.240625 0.622917 0.239063 0.618750 0.237500 0.614583 0.232813 0.604167 0.229687 0.597917 0.223438 0.589583 0.220312 0.587500 0.217188 0.585417 0.209375 0.581250 0.204687 0.579167 0.187500 0.579167
12 0.631250 0.108333 0.621875 0.110417 0.607812 0.116667 0.598437 0.122917 0.590625 0.129167 0.584375 0.137500 0.578125 0.147917 0.575000 0.154167 0.571875 0.160417 0.568750 0.170833 0.564063 0.189583 0.564063 0.225000 0.565625 0.235417 0.567187 0.241667 0.570312 0.250000 0.575000 0.262500 0.581250 0.272917 0.587500 0.281250 0.593750 0.287500 0.600000 0.293750 0.603125 0.295833 0.610938 0.300000 0.615625 0.302083 0.621875 0.304167 0.632812 0.306250 0.642188 0.306250 0.653125 0.304167 0.657813 0.302083 0.662500 0.300000 0.670312 0.295833 0.675000 0.291667 0.684375 0.281250 0.689063 0.279167 0.690625 0.277083 0.690625 0.275000 0.693750 0.268750 0.700000 0.260417 0.703125 0.254167 0.704688 0.250000 0.707812 0.239583 0.709375 0.231250 0.710938 0.220833 0.710938 0.193750 0.709375 0.185417 0.707812 0.179167 0.706250 0.172917 0.703125 0.162500 0.701562 0.158333 0.698438 0.152083 0.693750 0.143750 0.682813 0.129167 0.678125 0.125000 0.665625 0.116667 0.660937 0.114583 0.656250 0.112500 0.650000 0.110417 0.642188 0.108333 0.631250 0.108333
22 0.815625 0.335417 0.812500 0.339583 0.809375 0.345833 0.807813 0.350000 0.806250 0.354167 0.806250 0.358333 0.804688 0.362500 0.803125 0.366667 0.782813 0.416667 0.778125 0.431250 0.776563 0.437500 0.771875 0.458333 0.775000 0.462500 0.779687 0.466667 0.785937 0.472917 0.790625 0.472917 0.798438 0.464583 0.807813 0.464583 0.809375 0.458333 0.812500 0.454167 0.818750 0.437500 0.837500 0.383333 0.845313 0.366667 0.845313 0.362500 0.848437 0.356250 0.846875 0.352083 0.845313 0.350000 0.843750 0.350000 0.840625 0.345833 0.832812 0.341667 0.825000 0.337500 0.820312 0.335417 0.815625 0.335417
0 0.584375 0.512500 0.579688 0.514583 0.571875 0.518750 0.560937 0.525000 0.546875 0.535417 0.534375 0.541667 0.501563 0.558333 0.496875 0.558333 0.493750 0.560417 0.490625 0.564583 0.487500 0.566667 0.478125 0.570833 0.459375 0.579167 0.451562 0.579167 0.432812 0.587500 0.425000 0.591667 0.421875 0.602083 0.421875 0.606250 0.426563 0.618750 0.434375 0.639583 0.448437 0.670833 0.465625 0.700000 0.468750 0.708333 0.471875 0.712500 0.476562 0.712500 0.479687 0.710417 0.481250 0.708333 0.489063 0.695833 0.493750 0.687500 0.501563 0.672917 0.503125 0.666667 0.518750 0.645833 0.523438 0.635417 0.534375 0.620833 0.542188 0.608333 0.546875 0.597917 0.554688 0.585417 0.565625 0.568750 0.582812 0.547917 0.589063 0.537500 0.593750 0.529167 0.595313 0.525000 0.595313 0.516667 0.592187 0.512500 0.584375 0.512500
10 0.345313 0.325000 0.342187 0.327083 0.335938 0.333333 0.325000 0.343750 0.309375 0.358333 0.303125 0.366667 0.296875 0.370833 0.290625 0.379167 0.284375 0.383333 0.264062 0.404167 0.254688 0.416667 0.254688 0.420833 0.256250 0.425000 0.257812 0.429167 0.265625 0.439583 0.267188 0.445833 0.271875 0.452083 0.273438 0.458333 0.285938 0.481250 0.296875 0.495833 0.328125 0.495833 0.332813 0.491667 0.340625 0.485417 0.353125 0.472917 0.362500 0.466667 0.385937 0.454167 0.392188 0.447917 0.403125 0.437500 0.409375 0.429167 0.409375 0.418750 0.404687 0.410417 0.403125 0.402083 0.398438 0.393750 0.395313 0.387500 0.390625 0.379167 0.384375 0.370833 0.373437 0.347917 0.367188 0.339583 0.364063 0.337500 0.357812 0.335417 0.350000 0.325000 0.345313 0.325000
0 0.835938 0.716667 0.828125 0.718750 0.812500 0.727083 0.801562 0.729167 0.781250 0.737500 0.776563 0.739583 0.754687 0.750000 0.746875 0.754167 0.734375 0.760417 0.731250 0.764583 0.723437 0.766667 0.720313 0.768750 0.715625 0.775000 0.712500 0.777083 0.709375 0.779167 0.704688 0.781250 0.696875 0.781250 0.689063 0.787500 0.681250 0.789583 0.675000 0.795833 0.670312 0.802083 0.670312 0.814583 0.671875 0.825000 0.675000 0.839583 0.678125 0.850000 0.679688 0.854167 0.684375 0.862500 0.685937 0.870833 0.693750 0.887500 0.696875 0.904167 0.701562 0.914583 0.709375 0.941667 0.714063 0.964583 0.717187 0.975000 0.718750 0.979167 0.723437 0.985417 0.731250 0.985417 0.737500 0.983333 0.743750 0.981250 0.751563 0.975000 0.764062 0.972917 0.771875 0.968750 0.782813 0.960417 0.792188 0.958333 0.798438 0.954167 0.818750 0.939583 0.823438 0.937500 0.840625 0.937500 0.851562 0.935417 0.860938 0.931250 0.871875 0.927083 0.876563 0.925000 0.879687 0.922917 0.885938 0.916667 0.896875 0.914583 0.900000 0.912500 0.901563 0.900000 0.900000 0.889583 0.896875 0.875000 0.890625 0.858333 0.890625 0.852083 0.889062 0.845833 0.884375 0.839583 0.882812 0.835417 0.881250 0.825000 0.875000 0.810417 0.870313 0.793750 0.865625 0.777083 0.865625 0.770833 0.860938 0.760417 0.859375 0.750000 0.856250 0.739583 0.853125 0.735417 0.851562 0.731250 0.850000 0.720833 0.846875 0.716667 0.835938 0.716667
0 0.709375 0.641667 0.706250 0.643750 0.703125 0.645833 0.693750 0.654167 0.687500 0.662500 0.684375 0.668750 0.670312 0.708333 0.670312 0.735417 0.673438 0.754167 0.675000 0.762500 0.676562 0.766667 0.679688 0.770833 0.689063 0.777083 0.706250 0.777083 0.710938 0.775000 0.714063 0.772917 0.714063 0.756250 0.715625 0.752083 0.718750 0.747917 0.721875 0.745833 0.728125 0.743750 0.732812 0.739583 0.737500 0.733333 0.740625 0.727083 0.742188 0.720833 0.745313 0.704167 0.745313 0.697917 0.743750 0.672917 0.739062 0.660417 0.732812 0.652083 0.726562 0.645833 0.723437 0.643750 0.720313 0.641667 0.709375 0.641667
0 0.751563 0.612500 0.746875 0.616667 0.737500 0.629167 0.735938 0.635417 0.737500 0.650000 0.735938 0.656250 0.728125 0.650000 0.723437 0.643750 0.720313 0.641667 0.710938 0.641667 0.701562 0.647917 0.696875 0.652083 0.692187 0.656250 0.689063 0.660417 0.685937 0.666667 0.684375 0.670833 0.681250 0.683333 0.679688 0.687500 0.673438 0.700000 0.671875 0.704167 0.670312 0.712500 0.670312 0.729167 0.673438 0.752083 0.675000 0.760417 0.676562 0.764583 0.682813 0.772917 0.685937 0.775000 0.689063 0.777083 0.704688 0.777083 0.714063 0.772917 0.715625 0.768750 0.714063 0.758333 0.714063 0.754167 0.720313 0.745833 0.723437 0.743750 0.726562 0.743750 0.729688 0.741667 0.739062 0.729167 0.740625 0.725000 0.742188 0.720833 0.743750 0.710417 0.745313 0.700000 0.748437 0.687500 0.750000 0.693750 0.764062 0.712500 0.768750 0.716667 0.775000 0.718750 0.782813 0.720833 0.795312 0.720833 0.803125 0.725000 0.810937 0.722917 0.815625 0.720833 0.820312 0.716667 0.825000 0.716667 0.828125 0.714583 0.832812 0.710417 0.834375 0.704167 0.837500 0.697917 0.837500 0.675000 0.832812 0.656250 0.831250 0.652083 0.832812 0.637500 0.825000 0.627083 0.821875 0.625000 0.810937 0.625000 0.804688 0.629167 0.789062 0.629167 0.785937 0.627083 0.781250 0.620833 0.773438 0.616667 0.767188 0.614583 0.759375 0.612500 0.751563 0.612500
0 0.285938 0.122917 0.278125 0.125000 0.273438 0.127083 0.267188 0.129167 0.262500 0.133333 0.254688 0.139583 0.248438 0.145833 0.237500 0.160417 0.232813 0.168750 0.228125 0.181250 0.226562 0.187500 0.225000 0.195833 0.223438 0.208333 0.223438 0.225000 0.225000 0.237500 0.226562 0.245833 0.228125 0.252083 0.232813 0.266667 0.239063 0.281250 0.242188 0.287500 0.257812 0.308333 0.265625 0.314583 0.268750 0.316667 0.279687 0.322917 0.284375 0.325000 0.290625 0.327083 0.310937 0.327083 0.317188 0.325000 0.323437 0.322917 0.328125 0.320833 0.337500 0.314583 0.342187 0.310417 0.345313 0.306250 0.357812 0.287500 0.360938 0.281250 0.364063 0.275000 0.368750 0.264583 0.370312 0.260417 0.371875 0.256250 0.373437 0.247917 0.375000 0.235417 0.375000 0.220833 0.373437 0.206250 0.371875 0.197917 0.370312 0.191667 0.367188 0.183333 0.362500 0.170833 0.359375 0.164583 0.356250 0.158333 0.343750 0.141667 0.339062 0.137500 0.332813 0.133333 0.323437 0.127083 0.318750 0.125000 0.312500 0.122917 0.285938 0.122917
25 0.360938 0.485417 0.356250 0.487500 0.351562 0.489583 0.339062 0.495833 0.318750 0.506250 0.310937 0.512500 0.303125 0.514583 0.295312 0.520833 0.287500 0.522917 0.276562 0.531250 0.268750 0.535417 0.253125 0.541667 0.237500 0.550000 0.225000 0.558333 0.221875 0.562500 0.221875 0.572917 0.223438 0.579167 0.226562 0.585417 0.228125 0.591667 0.229687 0.591667 0.231250 0.593750 0.232813 0.600000 0.237500 0.606250 0.237500 0.610417 0.240625 0.614583 0.242188 0.618750 0.248438 0.643750 0.253125 0.668750 0.260937 0.700000 0.267188 0.722917 0.279687 0.762500 0.290625 0.810417 0.296875 0.827083 0.301563 0.845833 0.312500 0.893750 0.326562 0.939583 0.326562 0.945833 0.329688 0.952083 0.331250 0.964583 0.337500 0.987500 0.339062 0.991667 0.340625 0.995833 0.510938 0.997917 0.514062 0.989583 0.512500 0.981250 0.506250 0.960417 0.496875 0.935417 0.485938 0.900000 0.481250 0.883333 0.479687 0.872917 0.475000 0.856250 0.467187 0.835417 0.465625 0.825000 0.462500 0.814583 0.459375 0.804167 0.450000 0.781250 0.448437 0.770833 0.446875 0.766667 0.445312 0.762500 0.440625 0.756250 0.434375 0.752083 0.426563 0.743750 0.418750 0.735417 0.407813 0.720833 0.401562 0.710417 0.393750 0.695833 0.387500 0.681250 0.376563 0.652083 0.371875 0.633333 0.370312 0.625000 0.368750 0.614583 0.367188 0.597917 0.367188 0.560417 0.368750 0.543750 0.370312 0.533333 0.371875 0.522917 0.375000 0.514583 0.375000 0.500000 0.373437 0.495833 0.371875 0.491667 0.368750 0.485417 0.360938 0.485417
11 0.892188 0.106250 0.882812 0.112500 0.878125 0.116667 0.871875 0.125000 0.868750 0.125000 0.865625 0.120833 0.859375 0.118750 0.834375 0.118750 0.817187 0.122917 0.810937 0.125000 0.801562 0.131250 0.796875 0.135417 0.784375 0.152083 0.779687 0.160417 0.776563 0.168750 0.771875 0.175000 0.754687 0.195833 0.750000 0.197917 0.743750 0.204167 0.734375 0.218750 0.728125 0.233333 0.726562 0.239583 0.725000 0.247917 0.725000 0.275000 0.726562 0.283333 0.728125 0.289583 0.729688 0.293750 0.731250 0.297917 0.734375 0.304167 0.745313 0.318750 0.757812 0.327083 0.762500 0.329167 0.770312 0.331250 0.790625 0.331250 0.796875 0.329167 0.801562 0.327083 0.806250 0.325000 0.812500 0.320833 0.821875 0.314583 0.825000 0.310417 0.837500 0.302083 0.845313 0.297917 0.850000 0.295833 0.854688 0.295833 0.859375 0.293750 0.864062 0.291667 0.867188 0.289583 0.870313 0.285417 0.873437 0.285417 0.876563 0.283333 0.881250 0.279167 0.895312 0.260417 0.898438 0.254167 0.901563 0.247917 0.906250 0.233333 0.907813 0.227083 0.909375 0.216667 0.909375 0.204167 0.914062 0.197917 0.918750 0.195833 0.929688 0.181250 0.935937 0.164583 0.937500 0.158333 0.937500 0.141667 0.935937 0.135417 0.934375 0.131250 0.932813 0.127083 0.929688 0.120833 0.926562 0.116667 0.921875 0.112500 0.918750 0.110417 0.915625 0.108333 0.910937 0.106250 0.892188 0.106250
9 0.125000 0.118750 0.132812 0.120833 0.137500 0.122917 0.145313 0.129167 0.139063 0.143750 0.131250 0.139583 0.114062 0.139583 0.107813 0.141667 0.103125 0.143750 0.100000 0.145833 0.096875 0.147917 0.085938 0.162500 0.087500 0.170833 0.089063 0.170833 0.092188 0.175000 0.104688 0.183333 0.115625 0.195833 0.118750 0.197917 0.121875 0.200000 0.140625 0.200000 0.148438 0.202083 0.156250 0.204167 0.160938 0.208333 0.164062 0.204167 0.164062 0.195833 0.162500 0.185417 0.157812 0.172917 0.154688 0.166667 0.150000 0.158333 0.139063 0.143750 0.145313 0.129167 0.164062 0.154167 0.167187 0.160417 0.171875 0.170833 0.173437 0.175000 0.175000 0.179167 0.176563 0.185417 0.178125 0.191667 0.179688 0.202083 0.178125 0.214583 0.179688 0.220833 0.184375 0.227083 0.189062 0.229167 0.196875 0.239583 0.243750 0.304167 0.262500 0.331250 0.267188 0.339583 0.270313 0.345833 0.271875 0.350000 0.273438 0.354167 0.275000 0.362500 0.275000 0.387500 0.270313 0.393750 0.265625 0.395833 0.264062 0.397917 0.257812 0.406250 0.256250 0.408333 0.256250 0.410417 0.253125 0.414583 0.251563 0.418750 0.253125 0.425000 0.256250 0.431250 0.257812 0.439583 0.256250 0.443750 0.250000 0.452083 0.237500 0.460417 0.232813 0.462500 0.228125 0.464583 0.198437 0.464583 0.192188 0.462500 0.181250 0.458333 0.173437 0.452083 0.167187 0.450000 0.156250 0.447917 0.145313 0.441667 0.139063 0.441667 0.134375 0.437500 0.129688 0.437500 0.126562 0.433333 0.117188 0.431250 0.112500 0.429167 0.109375 0.425000 0.093750 0.418750 0.090625 0.416667 0.087500 0.414583 0.076563 0.406250 0.071875 0.402083 0.054688 0.379167 0.050000 0.370833 0.048438 0.366667 0.046875 0.362500 0.046875 0.356250 0.042188 0.350000 0.040625 0.350000 0.034375 0.341667 0.031250 0.339583 0.028125 0.337500 0.015625 0.339583 0.012500 0.339583 0.007812 0.337500 0.004687 0.335417 0.003125 0.333333 0.000000 0.329167 0.000000 0.206250 0.009375 0.193750 0.012500 0.185417 0.021875 0.172917 0.026562 0.170833 0.032813 0.162500 0.050000 0.145833 0.060937 0.137500 0.073438 0.131250 0.081250 0.127083 0.096875 0.120833 0.106250 0.118750 0.125000 0.118750
13 0.509375 0.252083 0.479687 0.258333 0.464062 0.258333 0.432812 0.264583 0.417187 0.266667 0.387500 0.266667 0.387500 0.289583 0.389062 0.302083 0.390625 0.312500 0.392188 0.322917 0.396875 0.347917 0.404687 0.389583 0.407813 0.404167 0.409375 0.412500 0.410938 0.416667 0.415625 0.422917 0.418750 0.422917 0.421875 0.418750 0.425000 0.418750 0.428125 0.414583 0.431250 0.412500 0.443750 0.408333 0.476562 0.389583 0.490625 0.383333 0.518750 0.370833 0.534375 0.366667 0.542188 0.362500 0.545312 0.360417 0.551562 0.352083 0.553125 0.347917 0.553125 0.331250 0.551562 0.329167 0.551562 0.310417 0.548438 0.291667 0.542188 0.266667 0.540625 0.262500 0.537500 0.258333 0.537500 0.256250 0.535937 0.254167 0.532813 0.252083 0.509375 0.252083
