0 0.660937 0.658333 0.656250 0.660417 0.651563 0.662500 0.648438 0.664583 0.645312 0.668750 0.642188 0.668750 0.634375 0.675000 0.621875 0.689583 0.618750 0.716667 0.618750 0.720833 0.620313 0.727083 0.621875 0.731250 0.626563 0.737500 0.629687 0.735417 0.650000 0.725000 0.656250 0.722917 0.662500 0.720833 0.668750 0.720833 0.684375 0.720833 0.689063 0.714583 0.698438 0.700000 0.700000 0.695833 0.701562 0.691667 0.700000 0.668750 0.696875 0.666667 0.693750 0.664583 0.689063 0.662500 0.682813 0.660417 0.676562 0.658333 0.660937 0.658333
0 0.520312 0.654167 0.517188 0.656250 0.514062 0.660417 0.510938 0.666667 0.506250 0.679167 0.506250 0.700000 0.512500 0.708333 0.515625 0.710417 0.518750 0.712500 0.542188 0.727083 0.545312 0.727083 0.557813 0.708333 0.567187 0.695833 0.568750 0.693750 0.570312 0.691667 0.571875 0.689583 0.578125 0.683333 0.582812 0.681250 0.595313 0.681250 0.595313 0.677083 0.593750 0.672917 0.592187 0.668750 0.589063 0.662500 0.578125 0.662500 0.567187 0.666667 0.557813 0.666667 0.556250 0.668750 0.548438 0.668750 0.540625 0.664583 0.537500 0.662500 0.534375 0.658333 0.531250 0.656250 0.526563 0.654167 0.520312 0.654167
0 0.587500 0.681250 0.582812 0.683333 0.578125 0.685417 0.575000 0.689583 0.573438 0.689583 0.571875 0.691667 0.545312 0.729167 0.543750 0.733333 0.540625 0.743750 0.535937 0.762500 0.535937 0.768750 0.537500 0.772917 0.540625 0.777083 0.545312 0.779167 0.553125 0.779167 0.560937 0.783333 0.575000 0.785417 0.579688 0.785417 0.585938 0.783333 0.589063 0.781250 0.595313 0.772917 0.595313 0.770833 0.603125 0.760417 0.604688 0.756250 0.606250 0.752083 0.609375 0.737500 0.615625 0.722917 0.617188 0.716667 0.617188 0.700000 0.610938 0.691667 0.601562 0.685417 0.593750 0.681250 0.587500 0.681250
16 0.643750 0.102083 0.629687 0.108333 0.626563 0.110417 0.625000 0.120833 0.626563 0.127083 0.629687 0.131250 0.631250 0.131250 0.634375 0.135417 0.634375 0.152083 0.632812 0.156250 0.629687 0.160417 0.628125 0.164583 0.626563 0.170833 0.625000 0.189583 0.623437 0.191667 0.623437 0.197917 0.625000 0.204167 0.629687 0.214583 0.629687 0.225000 0.632812 0.227083 0.639062 0.231250 0.645312 0.239583 0.651563 0.243750 0.660937 0.256250 0.668750 0.264583 0.689063 0.283333 0.693750 0.287500 0.703125 0.293750 0.707812 0.297917 0.717187 0.308333 0.731250 0.318750 0.737500 0.327083 0.745313 0.331250 0.750000 0.335417 0.759375 0.345833 0.764062 0.350000 0.778125 0.360417 0.781250 0.362500 0.784375 0.362500 0.787500 0.360417 0.798438 0.343750 0.800000 0.337500 0.806250 0.329167 0.807813 0.322917 0.812500 0.314583 0.821875 0.302083 0.823438 0.295833 0.829688 0.287500 0.839063 0.268750 0.840625 0.264583 0.840625 0.260417 0.839063 0.256250 0.837500 0.254167 0.829688 0.245833 0.821875 0.237500 0.809375 0.227083 0.795312 0.210417 0.789062 0.206250 0.782813 0.197917 0.773438 0.189583 0.762500 0.179167 0.745313 0.166667 0.723437 0.147917 0.718750 0.143750 0.712500 0.135417 0.706250 0.129167 0.693750 0.118750 0.690625 0.116667 0.687500 0.116667 0.684375 0.114583 0.678125 0.122917 0.676562 0.122917 0.671875 0.129167 0.671875 0.131250 0.665625 0.139583 0.662500 0.141667 0.659375 0.139583 0.656250 0.135417 0.654687 0.131250 0.653125 0.114583 0.651563 0.106250 0.650000 0.102083 0.643750 0.102083
0 0.195312 0.129167 0.192188 0.133333 0.190625 0.139583 0.184375 0.150000 0.181250 0.160417 0.179688 0.166667 0.178125 0.175000 0.176563 0.195833 0.176563 0.214583 0.178125 0.229167 0.179688 0.237500 0.182812 0.247917 0.189062 0.264583 0.195312 0.275000 0.200000 0.283333 0.209375 0.295833 0.217188 0.300000 0.226562 0.312500 0.229687 0.314583 0.239063 0.314583 0.243750 0.316667 0.248438 0.320833 0.253125 0.322917 0.279687 0.322917 0.292187 0.318750 0.301563 0.316667 0.307812 0.318750 0.307812 0.322917 0.304688 0.327083 0.304688 0.331250 0.309375 0.343750 0.315625 0.352083 0.328125 0.350000 0.339062 0.333333 0.345313 0.329167 0.351562 0.320833 0.353125 0.314583 0.362500 0.302083 0.364063 0.302083 0.371875 0.291667 0.375000 0.285417 0.381250 0.266667 0.384375 0.256250 0.385937 0.250000 0.395313 0.210417 0.395313 0.197917 0.393750 0.193750 0.392188 0.189583 0.387500 0.183333 0.385937 0.170833 0.382812 0.166667 0.379688 0.164583 0.373437 0.162500 0.367188 0.160417 0.359375 0.158333 0.350000 0.158333 0.335938 0.152083 0.325000 0.150000 0.306250 0.147917 0.287500 0.143750 0.278125 0.141667 0.270313 0.137500 0.256250 0.135417 0.217188 0.129167 0.195312 0.129167
13 0.506250 0.175000 0.496875 0.177083 0.492188 0.179167 0.487500 0.181250 0.481250 0.185417 0.471875 0.191667 0.467187 0.195833 0.459375 0.204167 0.453125 0.212500 0.453125 0.214583 0.445312 0.225000 0.442188 0.233333 0.437500 0.245833 0.435937 0.252083 0.434375 0.270833 0.434375 0.308333 0.435937 0.325000 0.437500 0.335417 0.442188 0.347917 0.445312 0.354167 0.448437 0.360417 0.457813 0.372917 0.464062 0.379167 0.468750 0.383333 0.473438 0.387500 0.476562 0.389583 0.495312 0.397917 0.504687 0.400000 0.523438 0.400000 0.532813 0.397917 0.537500 0.395833 0.542188 0.393750 0.545312 0.391667 0.548438 0.389583 0.553125 0.385417 0.557813 0.381250 0.567187 0.370833 0.581250 0.354167 0.587500 0.345833 0.590625 0.339583 0.592187 0.335417 0.593750 0.331250 0.595313 0.322917 0.596875 0.304167 0.595313 0.272917 0.593750 0.256250 0.592187 0.245833 0.590625 0.239583 0.587500 0.229167 0.585938 0.225000 0.584375 0.220833 0.567187 0.197917 0.562500 0.193750 0.554688 0.187500 0.545312 0.181250 0.540625 0.179167 0.535937 0.177083 0.525000 0.175000 0.506250 0.175000
0 0.287500 0.585417 0.276562 0.587500 0.262500 0.591667 0.257812 0.593750 0.243750 0.602083 0.237500 0.610417 0.226562 0.627083 0.218750 0.639583 0.217188 0.643750 0.215625 0.647917 0.214062 0.654167 0.212500 0.664583 0.207813 0.695833 0.207813 0.706250 0.210938 0.716667 0.210938 0.727083 0.212500 0.731250 0.214062 0.735417 0.218750 0.741667 0.220312 0.747917 0.223438 0.752083 0.225000 0.752083 0.226562 0.754167 0.237500 0.770833 0.246875 0.781250 0.254688 0.785417 0.259375 0.791667 0.264062 0.793750 0.271875 0.797917 0.279687 0.800000 0.303125 0.800000 0.317188 0.793750 0.331250 0.785417 0.334375 0.783333 0.339062 0.779167 0.356250 0.758333 0.359375 0.754167 0.362500 0.747917 0.367188 0.735417 0.368750 0.729167 0.370312 0.720833 0.370312 0.712500 0.371875 0.704167 0.375000 0.695833 0.376563 0.687500 0.376563 0.681250 0.375000 0.672917 0.373437 0.664583 0.371875 0.658333 0.370312 0.650000 0.367188 0.645833 0.367188 0.641667 0.365625 0.637500 0.356250 0.618750 0.342187 0.600000 0.335938 0.593750 0.326562 0.587500 0.320312 0.585417 0.287500 0.585417
3 0.782813 0.418750 0.779687 0.420833 0.778125 0.422917 0.778125 0.425000 0.775000 0.429167 0.775000 0.489583 0.776563 0.527083 0.778125 0.531250 0.779687 0.535417 0.784375 0.541667 0.789062 0.554167 0.789062 0.608333 0.787500 0.658333 0.784375 0.704167 0.782813 0.750000 0.782813 0.797917 0.784375 0.827083 0.785937 0.852083 0.787500 0.856250 0.790625 0.860417 0.796875 0.862500 0.801562 0.862500 0.804688 0.860417 0.807813 0.850000 0.809375 0.835417 0.810937 0.818750 0.812500 0.789583 0.812500 0.754167 0.810937 0.716667 0.807813 0.677083 0.806250 0.604167 0.806250 0.583333 0.807813 0.564583 0.809375 0.558333 0.814063 0.545833 0.821875 0.535417 0.825000 0.529167 0.826562 0.522917 0.826562 0.506250 0.821875 0.483333 0.821875 0.470833 0.820312 0.460417 0.817187 0.443750 0.815625 0.433333 0.812500 0.425000 0.807813 0.422917 0.804688 0.418750 0.782813 0.418750
6 0.817187 0.433333 0.817187 0.439583 0.818750 0.447917 0.821875 0.458333 0.823438 0.468750 0.825000 0.495833 0.828125 0.506250 0.828125 0.520833 0.826562 0.527083 0.825000 0.531250 0.821875 0.537500 0.815625 0.545833 0.810937 0.558333 0.809375 0.564583 0.807813 0.579167 0.809375 0.625000 0.807813 0.631250 0.809375 0.685417 0.812500 0.720833 0.814063 0.764583 0.812500 0.777083 0.814063 0.785417 0.810937 0.818750 0.812500 0.822917 0.857812 0.825000 0.859375 0.822917 0.862500 0.822917 0.864062 0.818750 0.864062 0.672917 0.860938 0.433333 0.825000 0.431250 0.817187 0.433333
6 0.726562 0.427083 0.725000 0.433333 0.725000 0.445833 0.720313 0.452083 0.720313 0.491667 0.721875 0.529167 0.726562 0.541667 0.731250 0.547917 0.735938 0.558333 0.739062 0.566667 0.743750 0.579167 0.748437 0.595833 0.750000 0.602083 0.751563 0.608333 0.753125 0.616667 0.754687 0.625000 0.756250 0.639583 0.756250 0.685417 0.754687 0.700000 0.753125 0.710417 0.751563 0.718750 0.748437 0.731250 0.743750 0.750000 0.734375 0.775000 0.731250 0.781250 0.723437 0.793750 0.721875 0.797917 0.723437 0.804167 0.734375 0.804167 0.739062 0.810417 0.739062 0.820833 0.740625 0.825000 0.775000 0.827083 0.776563 0.825000 0.782813 0.825000 0.781250 0.787500 0.782813 0.781250 0.781250 0.766667 0.782813 0.710417 0.785937 0.666667 0.787500 0.622917 0.787500 0.554167 0.785937 0.547917 0.778125 0.535417 0.776563 0.531250 0.775000 0.522917 0.773438 0.477083 0.773438 0.429167 0.770312 0.429167 0.768750 0.427083 0.735938 0.425000 0.726562 0.427083
0 0.615625 0.516667 0.606250 0.520833 0.587500 0.520833 0.573438 0.527083 0.559375 0.527083 0.550000 0.533333 0.545312 0.535417 0.540625 0.535417 0.535937 0.537500 0.531250 0.539583 0.528125 0.541667 0.525000 0.543750 0.518750 0.550000 0.506250 0.566667 0.503125 0.572917 0.501563 0.577083 0.500000 0.585417 0.501563 0.593750 0.503125 0.597917 0.509375 0.606250 0.512500 0.608333 0.515625 0.610417 0.520312 0.610417 0.521875 0.608333 0.528125 0.608333 0.532813 0.604167 0.545312 0.602083 0.554688 0.595833 0.559375 0.593750 0.567187 0.593750 0.575000 0.589583 0.584375 0.587500 0.595313 0.585417 0.612500 0.583333 0.634375 0.583333 0.645312 0.581250 0.650000 0.579167 0.653125 0.577083 0.656250 0.575000 0.664062 0.564583 0.665625 0.560417 0.667188 0.554167 0.667188 0.541667 0.665625 0.537500 0.660937 0.531250 0.653125 0.525000 0.648438 0.522917 0.642188 0.520833 0.623437 0.516667 0.615625 0.516667
0 0.620313 0.585417 0.600000 0.587500 0.590625 0.589583 0.581250 0.591667 0.573438 0.593750 0.568750 0.595833 0.560937 0.600000 0.553125 0.604167 0.550000 0.608333 0.546875 0.608333 0.542188 0.612500 0.537500 0.616667 0.532813 0.622917 0.529687 0.629167 0.528125 0.633333 0.528125 0.647917 0.529687 0.650000 0.529687 0.654167 0.532813 0.654167 0.535937 0.658333 0.543750 0.662500 0.548438 0.664583 0.556250 0.664583 0.568750 0.662500 0.579688 0.660417 0.600000 0.654167 0.614062 0.652083 0.673438 0.652083 0.678125 0.650000 0.681250 0.647917 0.687500 0.639583 0.689063 0.635417 0.690625 0.631250 0.690625 0.618750 0.689063 0.614583 0.679688 0.600000 0.675000 0.595833 0.665625 0.589583 0.660937 0.587500 0.646875 0.585417 0.620313 0.585417
27 0.365625 0.352083 0.356250 0.356250 0.321875 0.356250 0.292187 0.358333 0.262500 0.360417 0.248438 0.364583 0.218750 0.364583 0.196875 0.366667 0.193750 0.370833 0.179688 0.372917 0.167187 0.372917 0.160938 0.377083 0.159375 0.383333 0.156250 0.387500 0.154688 0.393750 0.153125 0.404167 0.150000 0.422917 0.150000 0.464583 0.154688 0.479167 0.156250 0.483333 0.159375 0.489583 0.162500 0.493750 0.171875 0.500000 0.182812 0.502083 0.231250 0.502083 0.243750 0.497917 0.257812 0.495833 0.273438 0.493750 0.296875 0.491667 0.351562 0.491667 0.392188 0.485417 0.404687 0.483333 0.410938 0.481250 0.417187 0.477083 0.421875 0.477083 0.425000 0.475000 0.425000 0.447917 0.423438 0.406250 0.421875 0.381250 0.420312 0.366667 0.414062 0.358333 0.407813 0.356250 0.401562 0.354167 0.375000 0.352083 0.365625 0.352083
0 0.662500 0.722917 0.656250 0.725000 0.650000 0.727083 0.645312 0.729167 0.640625 0.733333 0.635938 0.733333 0.631250 0.737500 0.626563 0.739583 0.621875 0.747917 0.620313 0.754167 0.620313 0.793750 0.621875 0.800000 0.623437 0.804167 0.625000 0.806250 0.628125 0.808333 0.645312 0.808333 0.665625 0.804167 0.673438 0.802083 0.678125 0.800000 0.681250 0.797917 0.684375 0.795833 0.689063 0.789583 0.692187 0.783333 0.693750 0.772917 0.693750 0.741667 0.692187 0.735417 0.690625 0.731250 0.687500 0.729167 0.684375 0.727083 0.676562 0.727083 0.668750 0.722917 0.662500 0.722917
