3 0.507812 0.418750 0.506250 0.420833 0.503125 0.420833 0.504687 0.427083 0.507812 0.429167 0.514062 0.433333 0.531250 0.443750 0.539062 0.450000 0.543750 0.454167 0.548438 0.458333 0.554688 0.464583 0.578125 0.495833 0.579688 0.500000 0.579688 0.508333 0.587500 0.539583 0.587500 0.550000 0.589063 0.554167 0.590625 0.558333 0.593750 0.562500 0.593750 0.564583 0.595313 0.566667 0.601562 0.572917 0.601562 0.575000 0.614062 0.595833 0.628125 0.616667 0.673438 0.677083 0.693750 0.708333 0.701562 0.720833 0.709375 0.733333 0.728125 0.766667 0.731250 0.772917 0.737500 0.789583 0.740625 0.795833 0.743750 0.800000 0.745313 0.793750 0.743750 0.787500 0.742188 0.783333 0.734375 0.764583 0.731250 0.758333 0.723437 0.743750 0.707812 0.716667 0.696875 0.702083 0.690625 0.689583 0.676562 0.668750 0.632812 0.610417 0.614062 0.583333 0.607812 0.572917 0.600000 0.560417 0.595313 0.550000 0.590625 0.537500 0.589063 0.529167 0.589063 0.504167 0.587500 0.493750 0.585938 0.489583 0.584375 0.485417 0.579688 0.477083 0.575000 0.468750 0.567187 0.458333 0.562500 0.454167 0.557813 0.452083 0.548438 0.441667 0.542188 0.437500 0.520312 0.422917 0.512500 0.418750 0.507812 0.418750
20 0.778125 0.393750 0.770312 0.395833 0.765625 0.402083 0.764062 0.406250 0.764062 0.443750 0.762500 0.468750 0.757812 0.489583 0.756250 0.514583 0.754687 0.545833 0.754687 0.593750 0.753125 0.620833 0.751563 0.645833 0.746875 0.708333 0.743750 0.727083 0.742188 0.750000 0.742188 0.770833 0.743750 0.777083 0.746875 0.781250 0.750000 0.783333 0.773438 0.783333 0.807813 0.789583 0.818750 0.793750 0.831250 0.795833 0.843750 0.795833 0.856250 0.797917 0.862500 0.800000 0.868750 0.804167 0.879687 0.804167 0.882812 0.802083 0.885938 0.797917 0.887500 0.793750 0.889062 0.770833 0.889062 0.735417 0.890625 0.708333 0.892188 0.683333 0.895312 0.658333 0.896875 0.633333 0.896875 0.606250 0.901563 0.560417 0.903125 0.537500 0.903125 0.512500 0.906250 0.487500 0.906250 0.460417 0.909375 0.437500 0.909375 0.416667 0.906250 0.408333 0.903125 0.406250 0.898438 0.404167 0.879687 0.402083 0.850000 0.402083 0.821875 0.400000 0.800000 0.395833 0.778125 0.393750
13 0.337500 0.270833 0.328125 0.272917 0.323437 0.275000 0.318750 0.277083 0.309375 0.283333 0.304688 0.287500 0.298438 0.293750 0.289062 0.306250 0.285938 0.312500 0.282813 0.318750 0.281250 0.322917 0.279687 0.327083 0.278125 0.333333 0.276562 0.339583 0.275000 0.352083 0.275000 0.375000 0.276562 0.385417 0.278125 0.393750 0.279687 0.400000 0.284375 0.412500 0.287500 0.418750 0.303125 0.439583 0.309375 0.445833 0.312500 0.447917 0.315625 0.450000 0.323437 0.454167 0.329688 0.456250 0.337500 0.458333 0.353125 0.458333 0.360938 0.456250 0.367188 0.454167 0.375000 0.450000 0.382812 0.443750 0.390625 0.435417 0.400000 0.422917 0.403125 0.416667 0.406250 0.410417 0.407813 0.406250 0.409375 0.402083 0.410938 0.395833 0.412500 0.389583 0.414062 0.379167 0.414062 0.352083 0.412500 0.341667 0.410938 0.333333 0.409375 0.327083 0.407813 0.322917 0.406250 0.318750 0.403125 0.312500 0.400000 0.306250 0.387500 0.289583 0.382812 0.285417 0.373437 0.279167 0.365625 0.275000 0.360938 0.272917 0.350000 0.270833 0.337500 0.270833
15 0.167187 0.320833 0.151562 0.322917 0.137500 0.329167 0.132812 0.331250 0.121875 0.339583 0.112500 0.350000 0.106250 0.360417 0.103125 0.366667 0.100000 0.372917 0.098437 0.377083 0.092188 0.397917 0.090625 0.408333 0.090625 0.452083 0.093750 0.460417 0.100000 0.475000 0.101562 0.483333 0.103125 0.489583 0.107813 0.497917 0.118750 0.512500 0.123438 0.516667 0.129688 0.518750 0.132812 0.522917 0.135937 0.525000 0.139063 0.527083 0.151562 0.533333 0.168750 0.533333 0.193750 0.531250 0.201563 0.529167 0.206250 0.527083 0.210938 0.525000 0.214062 0.522917 0.220312 0.516667 0.239063 0.491667 0.245312 0.481250 0.250000 0.468750 0.251563 0.462500 0.253125 0.456250 0.254688 0.445833 0.254688 0.410417 0.250000 0.393750 0.245312 0.381250 0.242188 0.375000 0.232813 0.360417 0.229687 0.356250 0.212500 0.335417 0.207813 0.331250 0.200000 0.327083 0.193750 0.325000 0.185938 0.322917 0.170313 0.320833 0.167187 0.320833
0 0.389062 0.641667 0.385937 0.641667 0.376563 0.652083 0.371875 0.654167 0.346875 0.654167 0.342187 0.656250 0.339062 0.658333 0.335938 0.660417 0.329688 0.668750 0.328125 0.672917 0.326562 0.677083 0.325000 0.683333 0.325000 0.697917 0.326562 0.702083 0.328125 0.706250 0.331250 0.712500 0.334375 0.716667 0.337500 0.718750 0.346875 0.720833 0.354687 0.731250 0.360938 0.737500 0.364063 0.739583 0.367188 0.741667 0.373437 0.741667 0.375000 0.743750 0.379688 0.743750 0.390625 0.741667 0.395313 0.739583 0.400000 0.737500 0.407813 0.729167 0.410938 0.727083 0.417187 0.727083 0.420312 0.725000 0.425000 0.718750 0.426563 0.718750 0.429688 0.714583 0.431250 0.710417 0.432812 0.704167 0.434375 0.695833 0.434375 0.675000 0.432812 0.668750 0.426563 0.660417 0.421875 0.656250 0.403125 0.643750 0.398438 0.641667 0.392188 0.639583 0.389062 0.641667
0 0.489063 0.525000 0.484375 0.529167 0.478125 0.537500 0.476562 0.541667 0.475000 0.554167 0.471875 0.558333 0.446875 0.558333 0.437500 0.554167 0.432812 0.556250 0.428125 0.564583 0.426563 0.568750 0.425000 0.572917 0.425000 0.579167 0.426563 0.583333 0.431250 0.587500 0.437500 0.591667 0.443750 0.597917 0.445312 0.600000 0.450000 0.608333 0.451562 0.612500 0.451562 0.620833 0.450000 0.629167 0.446875 0.637500 0.446875 0.650000 0.448437 0.654167 0.453125 0.660417 0.456250 0.662500 0.459375 0.664583 0.464062 0.666667 0.468750 0.666667 0.473438 0.664583 0.478125 0.662500 0.481250 0.660417 0.487500 0.654167 0.495312 0.643750 0.503125 0.639583 0.512500 0.627083 0.514062 0.622917 0.518750 0.608333 0.520312 0.602083 0.520312 0.583333 0.518750 0.558333 0.517188 0.552083 0.515625 0.547917 0.514062 0.543750 0.501563 0.527083 0.496875 0.525000 0.489063 0.525000
9 0.390625 0.000000 0.382812 0.004167 0.375000 0.004167 0.368750 0.008333 0.360938 0.012500 0.351562 0.018750 0.346875 0.022917 0.340625 0.031250 0.337500 0.035417 0.334375 0.041667 0.334375 0.043750 0.331250 0.045833 0.329688 0.050000 0.326562 0.056250 0.325000 0.060417 0.323437 0.064583 0.321875 0.070833 0.321875 0.081250 0.320312 0.085417 0.314063 0.093750 0.312500 0.097917 0.310937 0.104167 0.309375 0.110417 0.309375 0.127083 0.310937 0.135417 0.312500 0.139583 0.314063 0.143750 0.321875 0.154167 0.325000 0.160417 0.328125 0.166667 0.335938 0.185417 0.337500 0.189583 0.343750 0.210417 0.348438 0.220833 0.354687 0.229167 0.365625 0.241667 0.370312 0.252083 0.379688 0.266667 0.400000 0.293750 0.407813 0.295833 0.418750 0.300000 0.428125 0.302083 0.442188 0.302083 0.453125 0.297917 0.468750 0.289583 0.473438 0.285417 0.476562 0.281250 0.484375 0.268750 0.487500 0.262500 0.493750 0.247917 0.495312 0.241667 0.495312 0.225000 0.496875 0.222917 0.496875 0.208333 0.493750 0.191667 0.492188 0.170833 0.492188 0.141667 0.490625 0.131250 0.489063 0.125000 0.485938 0.118750 0.484375 0.112500 0.487500 0.108333 0.490625 0.106250 0.495312 0.106250 0.498437 0.104167 0.501563 0.102083 0.506250 0.095833 0.506250 0.087500 0.504687 0.077083 0.503125 0.075000 0.503125 0.070833 0.495312 0.070833 0.489063 0.066667 0.485938 0.070833 0.479687 0.072917 0.475000 0.072917 0.471875 0.068750 0.468750 0.062500 0.465625 0.056250 0.464062 0.052083 0.464062 0.043750 0.460938 0.039583 0.456250 0.035417 0.454688 0.035417 0.453125 0.033333 0.451562 0.027083 0.445312 0.020833 0.440625 0.020833 0.437500 0.018750 0.432812 0.012500 0.423438 0.006250 0.421875 0.008333 0.412500 0.002083 0.406250 0.000000 0.403125 0.000000 0.396875 0.002083 0.395313 0.000000 0.390625 0.000000
5 0.590625 0.764583 0.578125 0.766667 0.568750 0.768750 0.562500 0.770833 0.556250 0.772917 0.551562 0.775000 0.546875 0.777083 0.531250 0.785417 0.528125 0.787500 0.528125 0.795833 0.531250 0.797917 0.540625 0.800000 0.553125 0.802083 0.590625 0.808333 0.606250 0.808333 0.635938 0.814583 0.653125 0.814583 0.670312 0.818750 0.704688 0.820833 0.721875 0.822917 0.754687 0.827083 0.770312 0.829167 0.782813 0.833333 0.795312 0.835417 0.810937 0.837500 0.828125 0.837500 0.832812 0.835417 0.835938 0.831250 0.835938 0.822917 0.832812 0.818750 0.828125 0.814583 0.823438 0.812500 0.818750 0.810417 0.803125 0.808333 0.742188 0.802083 0.718750 0.802083 0.700000 0.800000 0.679688 0.797917 0.664062 0.795833 0.659375 0.793750 0.650000 0.787500 0.645312 0.783333 0.635938 0.772917 0.631250 0.768750 0.628125 0.766667 0.623437 0.764583 0.590625 0.764583
27 0.796875 0.106250 0.792188 0.108333 0.787500 0.110417 0.781250 0.114583 0.771875 0.120833 0.767188 0.125000 0.757812 0.137500 0.748437 0.156250 0.742188 0.166667 0.735938 0.177083 0.717187 0.202083 0.709375 0.216667 0.706250 0.222917 0.704688 0.227083 0.700000 0.241667 0.698438 0.252083 0.698438 0.275000 0.700000 0.285417 0.701562 0.289583 0.707812 0.300000 0.720313 0.316667 0.723437 0.318750 0.726562 0.320833 0.735938 0.322917 0.756250 0.322917 0.760938 0.320833 0.775000 0.312500 0.785937 0.306250 0.792188 0.302083 0.798438 0.295833 0.801562 0.293750 0.804688 0.293750 0.807813 0.291667 0.812500 0.285417 0.823438 0.279167 0.828125 0.275000 0.846875 0.254167 0.848437 0.254167 0.851562 0.250000 0.860938 0.235417 0.864062 0.229167 0.868750 0.216667 0.870313 0.210417 0.871875 0.204167 0.873437 0.191667 0.873437 0.177083 0.871875 0.166667 0.870313 0.160417 0.868750 0.154167 0.864062 0.141667 0.860938 0.135417 0.853125 0.125000 0.846875 0.118750 0.834375 0.110417 0.829688 0.108333 0.823438 0.106250 0.796875 0.106250
7 0.201563 0.052083 0.185938 0.054167 0.181250 0.056250 0.176563 0.058333 0.173437 0.062500 0.168750 0.064583 0.162500 0.064583 0.157812 0.066667 0.154688 0.068750 0.150000 0.072917 0.142187 0.083333 0.137500 0.095833 0.135937 0.118750 0.132812 0.127083 0.131250 0.135417 0.131250 0.158333 0.132812 0.168750 0.139063 0.193750 0.140625 0.202083 0.142187 0.206250 0.148438 0.216667 0.150000 0.218750 0.164062 0.235417 0.170313 0.241667 0.181250 0.250000 0.198437 0.258333 0.201563 0.260417 0.204687 0.262500 0.212500 0.268750 0.217188 0.275000 0.221875 0.279167 0.229687 0.285417 0.232813 0.287500 0.235937 0.287500 0.239063 0.291667 0.242188 0.293750 0.257812 0.302083 0.264062 0.304167 0.287500 0.304167 0.290625 0.302083 0.296875 0.295833 0.303125 0.287500 0.307812 0.283333 0.312500 0.279167 0.317188 0.279167 0.317188 0.275000 0.323437 0.266667 0.326562 0.260417 0.329688 0.254167 0.331250 0.247917 0.331250 0.210417 0.329688 0.202083 0.325000 0.187500 0.323437 0.183333 0.320312 0.179167 0.320312 0.177083 0.318750 0.175000 0.310937 0.168750 0.306250 0.162500 0.301563 0.154167 0.296875 0.141667 0.287500 0.129167 0.281250 0.118750 0.275000 0.104167 0.257812 0.079167 0.251563 0.072917 0.246875 0.068750 0.239063 0.062500 0.235937 0.060417 0.232813 0.058333 0.228125 0.056250 0.223438 0.054167 0.206250 0.052083 0.201563 0.052083
0 0.579688 0.314583 0.575000 0.316667 0.571875 0.318750 0.564063 0.329167 0.562500 0.335417 0.564063 0.358333 0.564063 0.372917 0.562500 0.397917 0.564063 0.404167 0.568750 0.414583 0.570312 0.420833 0.570312 0.450000 0.571875 0.456250 0.573438 0.460417 0.578125 0.470833 0.581250 0.477083 0.589063 0.489583 0.592187 0.495833 0.598437 0.512500 0.603125 0.520833 0.610938 0.531250 0.614062 0.533333 0.617188 0.535417 0.625000 0.537500 0.631250 0.541667 0.640625 0.547917 0.645312 0.552083 0.654687 0.564583 0.664062 0.570833 0.671875 0.570833 0.676562 0.572917 0.679688 0.575000 0.682813 0.577083 0.685937 0.581250 0.689063 0.583333 0.692187 0.585417 0.696875 0.587500 0.706250 0.587500 0.712500 0.583333 0.712500 0.581250 0.715625 0.577083 0.717187 0.572917 0.718750 0.568750 0.720313 0.560417 0.721875 0.539583 0.721875 0.529167 0.720313 0.508333 0.718750 0.497917 0.717187 0.487500 0.715625 0.479167 0.714063 0.472917 0.712500 0.466667 0.707812 0.450000 0.704688 0.445833 0.701562 0.431250 0.692187 0.406250 0.689063 0.400000 0.681250 0.387500 0.676562 0.381250 0.675000 0.381250 0.667188 0.372917 0.657813 0.358333 0.656250 0.356250 0.654687 0.356250 0.651563 0.352083 0.634375 0.341667 0.626563 0.335417 0.621875 0.329167 0.615625 0.325000 0.606250 0.318750 0.601562 0.316667 0.595313 0.314583 0.579688 0.314583
0 0.551562 0.564583 0.546875 0.568750 0.542188 0.575000 0.540625 0.579167 0.534375 0.597917 0.532813 0.610417 0.525000 0.620833 0.521875 0.620833 0.514062 0.629167 0.506250 0.639583 0.501563 0.643750 0.498437 0.643750 0.490625 0.652083 0.484375 0.660417 0.479687 0.664583 0.475000 0.664583 0.471875 0.666667 0.460938 0.681250 0.456250 0.683333 0.451562 0.683333 0.448437 0.685417 0.445312 0.687500 0.437500 0.695833 0.435937 0.697917 0.434375 0.702083 0.434375 0.710417 0.423438 0.725000 0.417187 0.729167 0.410938 0.731250 0.407813 0.733333 0.404687 0.735417 0.400000 0.741667 0.398438 0.756250 0.400000 0.764583 0.409375 0.791667 0.415625 0.800000 0.420312 0.804167 0.425000 0.808333 0.428125 0.810417 0.431250 0.812500 0.437500 0.812500 0.450000 0.810417 0.453125 0.812500 0.459375 0.820833 0.462500 0.822917 0.465625 0.825000 0.487500 0.822917 0.495312 0.822917 0.496875 0.825000 0.504687 0.825000 0.509375 0.822917 0.515625 0.816667 0.518750 0.816667 0.521875 0.814583 0.525000 0.812500 0.526563 0.810417 0.526563 0.808333 0.529687 0.804167 0.529687 0.800000 0.525000 0.793750 0.526563 0.785417 0.529687 0.783333 0.532813 0.781250 0.539062 0.779167 0.548438 0.770833 0.554688 0.768750 0.554688 0.766667 0.560937 0.756250 0.565625 0.743750 0.567187 0.737500 0.568750 0.729167 0.570312 0.720833 0.570312 0.708333 0.571875 0.700000 0.573438 0.695833 0.578125 0.687500 0.585938 0.675000 0.589063 0.666667 0.593750 0.654167 0.593750 0.647917 0.596875 0.641667 0.604688 0.629167 0.609375 0.618750 0.610938 0.610417 0.610938 0.597917 0.609375 0.593750 0.607812 0.589583 0.601562 0.579167 0.595313 0.570833 0.587500 0.566667 0.584375 0.570833 0.582812 0.577083 0.579688 0.581250 0.575000 0.579167 0.564063 0.568750 0.556250 0.564583 0.551562 0.564583
6 0.312500 0.591667 0.309375 0.595833 0.309375 0.597917 0.304688 0.606250 0.303125 0.608333 0.287500 0.627083 0.285938 0.631250 0.285938 0.641667 0.279687 0.647917 0.278125 0.650000 0.276562 0.654167 0.275000 0.658333 0.275000 0.662500 0.268750 0.677083 0.264062 0.691667 0.259375 0.708333 0.256250 0.720833 0.251563 0.739583 0.248438 0.754167 0.248438 0.762500 0.243750 0.768750 0.242188 0.775000 0.232813 0.802083 0.231250 0.808333 0.231250 0.818750 0.234375 0.820833 0.245312 0.820833 0.265625 0.818750 0.298438 0.825000 0.314063 0.825000 0.331250 0.829167 0.345313 0.829167 0.343750 0.822917 0.340625 0.816667 0.335938 0.810417 0.332813 0.800000 0.326562 0.789583 0.321875 0.779167 0.320312 0.775000 0.318750 0.770833 0.315625 0.760417 0.314063 0.754167 0.310937 0.739583 0.309375 0.731250 0.307812 0.720833 0.306250 0.702083 0.306250 0.683333 0.307812 0.654167 0.309375 0.643750 0.312500 0.629167 0.314063 0.622917 0.315625 0.616667 0.318750 0.610417 0.321875 0.597917 0.321875 0.593750 0.318750 0.591667 0.312500 0.591667
6 0.151562 0.591667 0.151562 0.622917 0.150000 0.645833 0.148438 0.668750 0.146875 0.687500 0.143750 0.706250 0.142187 0.727083 0.140625 0.750000 0.139063 0.775000 0.139063 0.793750 0.142187 0.797917 0.145313 0.791667 0.150000 0.779167 0.160938 0.743750 0.165625 0.727083 0.171875 0.700000 0.175000 0.689583 0.178125 0.679167 0.187500 0.654167 0.193750 0.629167 0.203125 0.604167 0.204687 0.597917 0.204687 0.589583 0.151562 0.591667
1 0.207813 0.545833 0.206250 0.552083 0.206250 0.568750 0.209375 0.575000 0.209375 0.587500 0.207813 0.593750 0.206250 0.600000 0.203125 0.610417 0.196875 0.625000 0.190625 0.650000 0.184375 0.664583 0.175000 0.695833 0.171875 0.712500 0.160938 0.750000 0.157812 0.760417 0.153125 0.770833 0.151562 0.781250 0.146875 0.793750 0.139063 0.814583 0.129688 0.827083 0.128125 0.831250 0.125000 0.841667 0.123438 0.850000 0.126562 0.854167 0.131250 0.856250 0.137500 0.858333 0.146875 0.858333 0.151562 0.860417 0.154688 0.862500 0.157812 0.864583 0.160938 0.868750 0.164062 0.870833 0.171875 0.875000 0.187500 0.883333 0.207813 0.893750 0.212500 0.895833 0.215625 0.895833 0.220312 0.889583 0.221875 0.885417 0.223438 0.881250 0.223438 0.870833 0.218750 0.860417 0.218750 0.843750 0.220312 0.835417 0.221875 0.829167 0.223438 0.825000 0.228125 0.816667 0.229687 0.812500 0.231250 0.800000 0.237500 0.785417 0.240625 0.770833 0.245312 0.762500 0.246875 0.756250 0.246875 0.747917 0.250000 0.735417 0.256250 0.710417 0.260937 0.693750 0.267188 0.679167 0.270313 0.664583 0.276562 0.647917 0.281250 0.641667 0.282813 0.637500 0.282813 0.629167 0.284375 0.625000 0.293750 0.612500 0.300000 0.604167 0.304688 0.602083 0.306250 0.600000 0.307812 0.595833 0.307812 0.587500 0.304688 0.583333 0.300000 0.579167 0.293750 0.575000 0.284375 0.568750 0.276562 0.564583 0.260937 0.558333 0.254688 0.558333 0.250000 0.554167 0.235937 0.547917 0.228125 0.545833 0.220312 0.543750 0.207813 0.545833
