0 0.442188 0.481250 0.426563 0.483333 0.417187 0.485417 0.412500 0.487500 0.407813 0.491667 0.403125 0.491667 0.400000 0.493750 0.396875 0.495833 0.385937 0.510417 0.384375 0.514583 0.382812 0.518750 0.381250 0.525000 0.381250 0.529167 0.382812 0.533333 0.385937 0.539583 0.390625 0.545833 0.398438 0.550000 0.404687 0.550000 0.406250 0.552083 0.410938 0.552083 0.431250 0.550000 0.443750 0.545833 0.459375 0.545833 0.460938 0.543750 0.475000 0.543750 0.496875 0.547917 0.534375 0.547917 0.537500 0.545833 0.548438 0.531250 0.550000 0.525000 0.550000 0.510417 0.548438 0.506250 0.543750 0.500000 0.539062 0.495833 0.526563 0.489583 0.521875 0.487500 0.515625 0.485417 0.501563 0.481250 0.442188 0.481250
20 0.807813 0.497917 0.804688 0.500000 0.800000 0.506250 0.798438 0.510417 0.796875 0.518750 0.793750 0.537500 0.789062 0.556250 0.782813 0.575000 0.781250 0.581250 0.778125 0.600000 0.776563 0.606250 0.775000 0.612500 0.767188 0.639583 0.760938 0.662500 0.753125 0.689583 0.743750 0.720833 0.739062 0.731250 0.729688 0.768750 0.725000 0.779167 0.715625 0.816667 0.706250 0.839583 0.704688 0.845833 0.704688 0.856250 0.709375 0.862500 0.712500 0.864583 0.715625 0.866667 0.723437 0.868750 0.728125 0.870833 0.734375 0.877083 0.760938 0.893750 0.775000 0.900000 0.795312 0.912500 0.821875 0.931250 0.826562 0.931250 0.828125 0.933333 0.831250 0.933333 0.835938 0.931250 0.842187 0.922917 0.845313 0.912500 0.848437 0.897917 0.850000 0.881250 0.851562 0.875000 0.854688 0.868750 0.854688 0.862500 0.856250 0.856250 0.857812 0.852083 0.862500 0.843750 0.864062 0.839583 0.873437 0.808333 0.875000 0.802083 0.875000 0.793750 0.876563 0.787500 0.878125 0.781250 0.882812 0.768750 0.896875 0.733333 0.900000 0.722917 0.904687 0.706250 0.907813 0.689583 0.920312 0.645833 0.923438 0.635417 0.926562 0.625000 0.931250 0.616667 0.932813 0.610417 0.935937 0.593750 0.942187 0.579167 0.943750 0.568750 0.942187 0.560417 0.939063 0.556250 0.935937 0.554167 0.932813 0.552083 0.925000 0.547917 0.903125 0.537500 0.882812 0.531250 0.878125 0.529167 0.873437 0.527083 0.860938 0.518750 0.850000 0.516667 0.829688 0.508333 0.826562 0.506250 0.820312 0.500000 0.817187 0.497917 0.807813 0.497917
0 0.498437 0.552083 0.495312 0.552083 0.493750 0.560417 0.493750 0.564583 0.495312 0.568750 0.501563 0.572917 0.506250 0.572917 0.507812 0.568750 0.507812 0.564583 0.510938 0.564583 0.507812 0.560417 0.506250 0.552083 0.503125 0.552083 0.498437 0.552083
0 0.378125 0.545833 0.382812 0.547917 0.384375 0.558333 0.381250 0.560417 0.376563 0.562500 0.373437 0.562500 0.368750 0.564583 0.362500 0.570833 0.359375 0.570833 0.356250 0.572917 0.354687 0.579167 0.351562 0.585417 0.351562 0.604167 0.353125 0.608333 0.354687 0.612500 0.356250 0.614583 0.364063 0.622917 0.381250 0.625000 0.385937 0.625000 0.401562 0.625000 0.407813 0.620833 0.415625 0.620833 0.420312 0.618750 0.425000 0.614583 0.428125 0.614583 0.434375 0.614583 0.437500 0.620833 0.443750 0.625000 0.450000 0.622917 0.457813 0.625000 0.464062 0.633333 0.467187 0.633333 0.471875 0.631250 0.476562 0.631250 0.481250 0.635417 0.493750 0.633333 0.496875 0.637500 0.501563 0.637500 0.504687 0.633333 0.507812 0.631250 0.512500 0.633333 0.512500 0.627083 0.515625 0.618750 0.521875 0.610417 0.525000 0.612500 0.531250 0.618750 0.528125 0.622917 0.531250 0.625000 0.532813 0.627083 0.539062 0.625000 0.535937 0.620833 0.531250 0.618750 0.525000 0.612500 0.529687 0.602083 0.532813 0.597917 0.539062 0.597917 0.542188 0.602083 0.546875 0.600000 0.545312 0.595833 0.548438 0.593750 0.556250 0.591667 0.551562 0.585417 0.551562 0.583333 0.548438 0.579167 0.546875 0.585417 0.540625 0.585417 0.539062 0.583333 0.534375 0.579167 0.528125 0.587500 0.526563 0.591667 0.526563 0.600000 0.520312 0.606250 0.520312 0.602083 0.514062 0.593750 0.515625 0.585417 0.514062 0.579167 0.521875 0.577083 0.520312 0.570833 0.521875 0.566667 0.526563 0.562500 0.523438 0.558333 0.520312 0.558333 0.517188 0.554167 0.518750 0.550000 0.521875 0.547917 0.529687 0.550000 0.537500 0.545833 0.539062 0.552083 0.534375 0.554167 0.531250 0.558333 0.529687 0.562500 0.532813 0.566667 0.537500 0.566667 0.537500 0.562500 0.546875 0.564583 0.546875 0.566667 0.567187 0.564583 0.576562 0.564583 0.579688 0.568750 0.581250 0.575000 0.578125 0.583333 0.576562 0.583333 0.573438 0.587500 0.576562 0.591667 0.576562 0.600000 0.571875 0.606250 0.567187 0.608333 0.573438 0.612500 0.582812 0.625000 0.584375 0.627083 0.585938 0.631250 0.585938 0.643750 0.589063 0.647917 0.590625 0.652083 0.590625 0.656250 0.589063 0.660417 0.587500 0.662500 0.584375 0.664583 0.579688 0.664583 0.578125 0.656250 0.573438 0.664583 0.568750 0.666667 0.559375 0.656250 0.557813 0.652083 0.551562 0.654167 0.548438 0.643750 0.548438 0.637500 0.545312 0.635417 0.542188 0.639583 0.548438 0.643750 0.551562 0.654167 0.554688 0.658333 0.559375 0.656250 0.568750 0.666667 0.565625 0.670833 0.564063 0.675000 0.567187 0.683333 0.567187 0.695833 0.564063 0.697917 0.556250 0.697917 0.554688 0.706250 0.556250 0.708333 0.556250 0.712500 0.554688 0.716667 0.551562 0.720833 0.550000 0.725000 0.550000 0.735417 0.545312 0.741667 0.542188 0.743750 0.534375 0.743750 0.534375 0.760417 0.529687 0.768750 0.526563 0.768750 0.517188 0.766667 0.514062 0.768750 0.510938 0.772917 0.510938 0.777083 0.509375 0.781250 0.506250 0.783333 0.500000 0.783333 0.496875 0.785417 0.495312 0.789583 0.489063 0.795833 0.485938 0.795833 0.482812 0.800000 0.482812 0.802083 0.479687 0.806250 0.468750 0.804167 0.462500 0.806250 0.457813 0.804167 0.450000 0.793750 0.446875 0.793750 0.443750 0.797917 0.434375 0.797917 0.429688 0.793750 0.410938 0.793750 0.407813 0.797917 0.398438 0.797917 0.393750 0.791667 0.392188 0.785417 0.390625 0.783333 0.389062 0.783333 0.385937 0.779167 0.375000 0.779167 0.371875 0.777083 0.370312 0.770833 0.368750 0.766667 0.365625 0.762500 0.360938 0.760417 0.357812 0.764583 0.351562 0.764583 0.348438 0.762500 0.346875 0.758333 0.346875 0.745833 0.343750 0.741667 0.339062 0.741667 0.335938 0.739583 0.334375 0.735417 0.332813 0.720833 0.332813 0.706250 0.325000 0.695833 0.325000 0.689583 0.323437 0.685417 0.320312 0.681250 0.318750 0.681250 0.315625 0.677083 0.315625 0.662500 0.312500 0.658333 0.310937 0.654167 0.310937 0.650000 0.312500 0.645833 0.315625 0.641667 0.314063 0.625000 0.312500 0.625000 0.309375 0.620833 0.309375 0.614583 0.310937 0.610417 0.312500 0.608333 0.314063 0.608333 0.317188 0.600000 0.317188 0.593750 0.320312 0.589583 0.321875 0.585417 0.320312 0.581250 0.320312 0.577083 0.323437 0.572917 0.323437 0.568750 0.326562 0.566667 0.340625 0.568750 0.345313 0.568750 0.348438 0.564583 0.348438 0.560417 0.353125 0.554167 0.364063 0.554167 0.367188 0.552083 0.370312 0.545833 0.378125 0.545833
0 0.550000 0.535417 0.546875 0.537500 0.543750 0.541667 0.543750 0.554167 0.546875 0.556250 0.554688 0.556250 0.557813 0.552083 0.559375 0.547917 0.556250 0.537500 0.550000 0.535417
0 0.359375 0.520833 0.356250 0.525000 0.356250 0.533333 0.359375 0.541667 0.365625 0.541667 0.368750 0.539583 0.370312 0.522917 0.367188 0.520833 0.359375 0.520833
0 0.342187 0.502083 0.340625 0.508333 0.342187 0.514583 0.345313 0.516667 0.354687 0.516667 0.357812 0.514583 0.359375 0.506250 0.351562 0.502083 0.342187 0.502083
0 0.514062 0.464583 0.507812 0.468750 0.506250 0.472917 0.506250 0.479167 0.510938 0.483333 0.521875 0.483333 0.521875 0.472917 0.518750 0.466667 0.514062 0.464583
28 0.631250 0.170833 0.620313 0.172917 0.614062 0.175000 0.607812 0.179167 0.598437 0.185417 0.592187 0.191667 0.581250 0.208333 0.578125 0.214583 0.575000 0.220833 0.575000 0.225000 0.571875 0.229167 0.570312 0.235417 0.568750 0.241667 0.564063 0.262500 0.562500 0.272917 0.560937 0.285417 0.560937 0.320833 0.564063 0.327083 0.564063 0.333333 0.565625 0.337500 0.573438 0.350000 0.578125 0.356250 0.579688 0.356250 0.585938 0.364583 0.590625 0.368750 0.593750 0.370833 0.601562 0.372917 0.620313 0.372917 0.625000 0.370833 0.631250 0.366667 0.635938 0.364583 0.642188 0.358333 0.646875 0.352083 0.648438 0.352083 0.651563 0.347917 0.656250 0.337500 0.659375 0.333333 0.671875 0.320833 0.673438 0.318750 0.681250 0.306250 0.682813 0.300000 0.687500 0.293750 0.689063 0.289583 0.690625 0.285417 0.692187 0.279167 0.693750 0.270833 0.693750 0.237500 0.692187 0.229167 0.690625 0.222917 0.685937 0.210417 0.682813 0.204167 0.679688 0.197917 0.671875 0.187500 0.667188 0.183333 0.657813 0.177083 0.653125 0.175000 0.648438 0.172917 0.637500 0.170833 0.631250 0.170833
1 0.134375 0.379167 0.131250 0.381250 0.128125 0.383333 0.117188 0.393750 0.109375 0.400000 0.103125 0.402083 0.089063 0.420833 0.084375 0.422917 0.079687 0.422917 0.075000 0.427083 0.068750 0.427083 0.067187 0.429167 0.062500 0.429167 0.062500 0.435417 0.067187 0.447917 0.075000 0.458333 0.078125 0.460417 0.081250 0.462500 0.085938 0.462500 0.089063 0.466667 0.090625 0.472917 0.095312 0.481250 0.104688 0.495833 0.112500 0.510417 0.114062 0.516667 0.118750 0.522917 0.123438 0.537500 0.128125 0.547917 0.131250 0.554167 0.134375 0.560417 0.145313 0.577083 0.159375 0.604167 0.170313 0.627083 0.175000 0.637500 0.182812 0.656250 0.184375 0.660417 0.185938 0.664583 0.190625 0.681250 0.190625 0.693750 0.192188 0.700000 0.196875 0.706250 0.200000 0.706250 0.203125 0.704167 0.212500 0.693750 0.223438 0.683333 0.226562 0.681250 0.229687 0.679167 0.234375 0.679167 0.242188 0.672917 0.248438 0.670833 0.251563 0.666667 0.251563 0.662500 0.250000 0.652083 0.246875 0.637500 0.245312 0.620833 0.245312 0.583333 0.243750 0.579167 0.242188 0.575000 0.239063 0.568750 0.234375 0.562500 0.232813 0.556250 0.229687 0.550000 0.225000 0.543750 0.221875 0.537500 0.218750 0.531250 0.201563 0.493750 0.196875 0.487500 0.192188 0.483333 0.189062 0.481250 0.185938 0.481250 0.178125 0.475000 0.170313 0.466667 0.156250 0.447917 0.151562 0.439583 0.146875 0.429167 0.145313 0.425000 0.143750 0.420833 0.140625 0.410417 0.139063 0.404167 0.137500 0.391667 0.137500 0.379167 0.134375 0.379167
15 0.201563 0.281250 0.189062 0.283333 0.184375 0.285417 0.176563 0.291667 0.171875 0.295833 0.159375 0.312500 0.156250 0.318750 0.153125 0.325000 0.143750 0.352083 0.142187 0.358333 0.140625 0.368750 0.139063 0.379167 0.139063 0.397917 0.140625 0.406250 0.143750 0.416667 0.150000 0.433333 0.157812 0.450000 0.164062 0.454167 0.171875 0.466667 0.178125 0.472917 0.182812 0.477083 0.185938 0.477083 0.189062 0.481250 0.196875 0.485417 0.204687 0.487500 0.229687 0.487500 0.239063 0.485417 0.246875 0.483333 0.259375 0.477083 0.268750 0.470833 0.275000 0.462500 0.281250 0.458333 0.284375 0.454167 0.290625 0.443750 0.295312 0.431250 0.298438 0.416667 0.300000 0.404167 0.301563 0.387500 0.301563 0.381250 0.300000 0.366667 0.298438 0.358333 0.296875 0.350000 0.295312 0.345833 0.293750 0.341667 0.289062 0.331250 0.285938 0.325000 0.273438 0.306250 0.267188 0.297917 0.259375 0.291667 0.256250 0.289583 0.253125 0.287500 0.240625 0.281250 0.201563 0.281250
25 0.664062 0.335417 0.656250 0.345833 0.654687 0.352083 0.653125 0.358333 0.653125 0.366667 0.650000 0.375000 0.650000 0.387500 0.648438 0.397917 0.643750 0.412500 0.635938 0.431250 0.632812 0.441667 0.628125 0.462500 0.623437 0.472917 0.623437 0.483333 0.628125 0.493750 0.632812 0.510417 0.634375 0.516667 0.637500 0.531250 0.639062 0.539583 0.640625 0.550000 0.642188 0.562500 0.643750 0.577083 0.643750 0.627083 0.642188 0.647917 0.637500 0.677083 0.631250 0.702083 0.628125 0.712500 0.626563 0.716667 0.623437 0.720833 0.623437 0.725000 0.617188 0.739583 0.607812 0.758333 0.596875 0.777083 0.579688 0.800000 0.568750 0.812500 0.562500 0.818750 0.553125 0.827083 0.551562 0.827083 0.551562 0.835417 0.554688 0.837500 0.560937 0.841667 0.576562 0.852083 0.596875 0.866667 0.600000 0.868750 0.603125 0.870833 0.606250 0.870833 0.609375 0.872917 0.650000 0.902083 0.660937 0.908333 0.664062 0.906250 0.667188 0.902083 0.668750 0.897917 0.670312 0.891667 0.671875 0.885417 0.671875 0.879167 0.673438 0.872917 0.675000 0.866667 0.687500 0.820833 0.690625 0.810417 0.693750 0.800000 0.698438 0.789583 0.701562 0.779167 0.704688 0.762500 0.709375 0.752083 0.714063 0.735417 0.715625 0.729167 0.717187 0.722917 0.717187 0.716667 0.721875 0.697917 0.725000 0.687500 0.734375 0.662500 0.740625 0.639583 0.748437 0.612500 0.751563 0.595833 0.759375 0.568750 0.762500 0.558333 0.765625 0.547917 0.776563 0.512500 0.781250 0.497917 0.787500 0.479167 0.790625 0.475000 0.810937 0.418750 0.812500 0.412500 0.810937 0.400000 0.807813 0.397917 0.800000 0.395833 0.787500 0.387500 0.775000 0.381250 0.753125 0.370833 0.748437 0.370833 0.743750 0.366667 0.734375 0.364583 0.701562 0.350000 0.678125 0.337500 0.671875 0.335417 0.664062 0.335417
0 0.445312 0.410417 0.429688 0.412500 0.418750 0.418750 0.404687 0.420833 0.395313 0.425000 0.376563 0.433333 0.371875 0.435417 0.364063 0.441667 0.356250 0.450000 0.350000 0.458333 0.346875 0.464583 0.345313 0.468750 0.343750 0.475000 0.343750 0.489583 0.345313 0.493750 0.346875 0.497917 0.348438 0.500000 0.351562 0.502083 0.354687 0.504167 0.368750 0.504167 0.375000 0.502083 0.379688 0.500000 0.384375 0.497917 0.389062 0.493750 0.393750 0.491667 0.404687 0.489583 0.415625 0.483333 0.421875 0.481250 0.437500 0.479167 0.467187 0.479167 0.479687 0.477083 0.485938 0.475000 0.490625 0.472917 0.493750 0.470833 0.496875 0.466667 0.498437 0.466667 0.500000 0.464583 0.500000 0.462500 0.503125 0.458333 0.504687 0.452083 0.504687 0.433333 0.498437 0.425000 0.495312 0.422917 0.492188 0.420833 0.478125 0.414583 0.471875 0.412500 0.464062 0.410417 0.445312 0.410417
0 0.185938 0.077083 0.179688 0.079167 0.175000 0.081250 0.165625 0.087500 0.151562 0.100000 0.148438 0.102083 0.140625 0.100000 0.140625 0.114583 0.139063 0.118750 0.135937 0.122917 0.131250 0.137500 0.129688 0.147917 0.129688 0.181250 0.131250 0.189583 0.132812 0.195833 0.137500 0.208333 0.140625 0.214583 0.150000 0.227083 0.151562 0.231250 0.153125 0.239583 0.156250 0.247917 0.168750 0.264583 0.173437 0.268750 0.181250 0.275000 0.184375 0.277083 0.189062 0.279167 0.203125 0.279167 0.235937 0.277083 0.245312 0.270833 0.250000 0.266667 0.254688 0.262500 0.270313 0.241667 0.273438 0.235417 0.275000 0.231250 0.276562 0.227083 0.281250 0.208333 0.281250 0.175000 0.279687 0.166667 0.278125 0.160417 0.271875 0.143750 0.268750 0.137500 0.265625 0.131250 0.251563 0.110417 0.242188 0.100000 0.237500 0.095833 0.232813 0.091667 0.218750 0.081250 0.214062 0.079167 0.207813 0.077083 0.185938 0.077083
0 0.420312 0.552083 0.401562 0.554167 0.387500 0.558333 0.382812 0.560417 0.378125 0.564583 0.368750 0.566667 0.364063 0.570833 0.359375 0.575000 0.356250 0.579167 0.354687 0.583333 0.353125 0.589583 0.353125 0.600000 0.354687 0.606250 0.357812 0.612500 0.360938 0.616667 0.364063 0.618750 0.371875 0.620833 0.384375 0.622917 0.404687 0.620833 0.414062 0.618750 0.420312 0.616667 0.423438 0.612500 0.426563 0.610417 0.432812 0.610417 0.435937 0.612500 0.440625 0.618750 0.443750 0.620833 0.454688 0.620833 0.464062 0.622917 0.471875 0.627083 0.479687 0.629167 0.489063 0.631250 0.501563 0.631250 0.504687 0.629167 0.510938 0.622917 0.515625 0.616667 0.517188 0.610417 0.517188 0.602083 0.515625 0.595833 0.514062 0.591667 0.507812 0.581250 0.501563 0.572917 0.493750 0.566667 0.487500 0.564583 0.482812 0.564583 0.473438 0.558333 0.464062 0.556250 0.454688 0.554167 0.440625 0.552083 0.420312 0.552083
24 0.696875 0.137500 0.692187 0.139583 0.687500 0.141667 0.684375 0.145833 0.682813 0.150000 0.681250 0.156250 0.679688 0.168750 0.675000 0.183333 0.675000 0.187500 0.682813 0.197917 0.687500 0.208333 0.693750 0.225000 0.695312 0.231250 0.696875 0.241667 0.696875 0.266667 0.693750 0.279167 0.695312 0.289583 0.698438 0.291667 0.703125 0.293750 0.706250 0.297917 0.714063 0.302083 0.720313 0.300000 0.726562 0.302083 0.739062 0.308333 0.754687 0.316667 0.778125 0.325000 0.782813 0.327083 0.792188 0.333333 0.796875 0.335417 0.806250 0.335417 0.812500 0.333333 0.815625 0.331250 0.817187 0.327083 0.818750 0.322917 0.821875 0.306250 0.828125 0.289583 0.829688 0.281250 0.832812 0.258333 0.837500 0.237500 0.839063 0.231250 0.842187 0.225000 0.843750 0.218750 0.845313 0.212500 0.845313 0.206250 0.840625 0.200000 0.835938 0.197917 0.831250 0.195833 0.815625 0.189583 0.796875 0.183333 0.756250 0.162500 0.735938 0.156250 0.732812 0.152083 0.707812 0.141667 0.696875 0.137500
9 0.470313 0.083333 0.464062 0.085417 0.459375 0.087500 0.454688 0.089583 0.451562 0.091667 0.446875 0.095833 0.442188 0.100000 0.429688 0.116667 0.426563 0.122917 0.423438 0.129167 0.423438 0.133333 0.421875 0.137500 0.418750 0.141667 0.418750 0.143750 0.417187 0.145833 0.410938 0.152083 0.410938 0.154167 0.404687 0.162500 0.403125 0.166667 0.401562 0.172917 0.400000 0.179167 0.401562 0.187500 0.406250 0.187500 0.409375 0.183333 0.415625 0.183333 0.418750 0.187500 0.420312 0.202083 0.423438 0.208333 0.425000 0.225000 0.426563 0.231250 0.428125 0.237500 0.432812 0.250000 0.437500 0.256250 0.439063 0.262500 0.443750 0.270833 0.454688 0.285417 0.465625 0.293750 0.470313 0.295833 0.478125 0.297917 0.500000 0.297917 0.514062 0.291667 0.517188 0.289583 0.520312 0.287500 0.525000 0.283333 0.529687 0.279167 0.537500 0.268750 0.542188 0.256250 0.543750 0.250000 0.543750 0.243750 0.546875 0.237500 0.548438 0.227083 0.550000 0.218750 0.550000 0.152083 0.548438 0.145833 0.546875 0.139583 0.542188 0.127083 0.539062 0.120833 0.535937 0.114583 0.529687 0.104167 0.523438 0.097917 0.518750 0.093750 0.515625 0.091667 0.512500 0.089583 0.507812 0.087500 0.503125 0.085417 0.496875 0.083333 0.470313 0.083333
