6 0.715625 0.385417 0.696875 0.387500 0.692187 0.389583 0.689063 0.391667 0.689063 0.416667 0.690625 0.418750 0.690625 0.445833 0.692187 0.470833 0.693750 0.475000 0.718750 0.508333 0.721875 0.514583 0.728125 0.529167 0.734375 0.545833 0.737500 0.556250 0.739062 0.564583 0.740625 0.577083 0.742188 0.593750 0.742188 0.610417 0.740625 0.625000 0.739062 0.637500 0.737500 0.645833 0.735938 0.652083 0.731250 0.666667 0.723437 0.685417 0.720313 0.691667 0.715625 0.697917 0.712500 0.704167 0.710938 0.708333 0.710938 0.739583 0.714063 0.791667 0.715625 0.820833 0.717187 0.833333 0.721875 0.839583 0.743750 0.837500 0.743750 0.800000 0.742188 0.702083 0.743750 0.679167 0.745313 0.658333 0.750000 0.618750 0.751563 0.595833 0.753125 0.547917 0.753125 0.541667 0.751563 0.525000 0.750000 0.520833 0.743750 0.512500 0.739062 0.502083 0.737500 0.497917 0.735938 0.493750 0.734375 0.483333 0.734375 0.450000 0.739062 0.406250 0.739062 0.385417 0.715625 0.385417
6 0.784375 0.381250 0.782813 0.397917 0.781250 0.431250 0.781250 0.489583 0.779687 0.500000 0.778125 0.506250 0.771875 0.520833 0.770312 0.527083 0.770312 0.579167 0.773438 0.627083 0.771875 0.808333 0.771875 0.831250 0.773438 0.835417 0.800000 0.835417 0.803125 0.833333 0.803125 0.793750 0.800000 0.743750 0.800000 0.670833 0.798438 0.604167 0.795312 0.556250 0.795312 0.516667 0.798438 0.491667 0.798438 0.379167 0.784375 0.381250
6 0.831250 0.372917 0.829688 0.375000 0.818750 0.377083 0.818750 0.381250 0.820312 0.387500 0.823438 0.397917 0.825000 0.410417 0.826562 0.427083 0.828125 0.464583 0.828125 0.504167 0.829688 0.543750 0.831250 0.577083 0.834375 0.597917 0.834375 0.620833 0.828125 0.629167 0.826562 0.633333 0.826562 0.637500 0.828125 0.639583 0.829688 0.647917 0.831250 0.662500 0.831250 0.679167 0.835938 0.708333 0.837500 0.725000 0.839063 0.747917 0.839063 0.779167 0.840625 0.797917 0.842187 0.812500 0.843750 0.822917 0.846875 0.831250 0.862500 0.833333 0.873437 0.833333 0.879687 0.831250 0.882812 0.829167 0.887500 0.822917 0.887500 0.775000 0.884375 0.741667 0.882812 0.725000 0.878125 0.697917 0.876563 0.683333 0.875000 0.666667 0.873437 0.650000 0.870313 0.614583 0.868750 0.595833 0.865625 0.556250 0.864062 0.535417 0.864062 0.487500 0.860938 0.443750 0.860938 0.397917 0.859375 0.387500 0.857812 0.383333 0.856250 0.381250 0.854688 0.381250 0.851562 0.377083 0.848437 0.375000 0.839063 0.372917 0.831250 0.372917
10 0.609375 0.106250 0.592187 0.108333 0.539062 0.118750 0.526563 0.118750 0.510938 0.120833 0.501563 0.125000 0.500000 0.131250 0.500000 0.164583 0.503125 0.177083 0.504687 0.197917 0.504687 0.222917 0.506250 0.233333 0.507812 0.241667 0.509375 0.247917 0.512500 0.256250 0.534375 0.256250 0.548438 0.252083 0.603125 0.254167 0.607812 0.254167 0.610938 0.254167 0.614062 0.252083 0.615625 0.250000 0.618750 0.245833 0.621875 0.241667 0.625000 0.235417 0.626563 0.231250 0.629687 0.220833 0.631250 0.212500 0.631250 0.179167 0.629687 0.177083 0.629687 0.141667 0.626563 0.135417 0.626563 0.116667 0.625000 0.110417 0.621875 0.106250 0.609375 0.106250
3 0.746875 0.366667 0.745313 0.370833 0.743750 0.375000 0.742188 0.383333 0.740625 0.400000 0.737500 0.439583 0.735938 0.460417 0.735938 0.475000 0.737500 0.489583 0.739062 0.495833 0.740625 0.500000 0.743750 0.506250 0.751563 0.518750 0.753125 0.522917 0.754687 0.529167 0.754687 0.577083 0.753125 0.608333 0.751563 0.627083 0.748437 0.645833 0.746875 0.666667 0.745313 0.687500 0.743750 0.718750 0.743750 0.772917 0.745313 0.825000 0.746875 0.847917 0.748437 0.854167 0.751563 0.858333 0.767188 0.856250 0.768750 0.852083 0.770312 0.831250 0.771875 0.758333 0.771875 0.672917 0.770312 0.602083 0.767188 0.562500 0.767188 0.533333 0.768750 0.522917 0.771875 0.512500 0.775000 0.508333 0.776563 0.502083 0.778125 0.495833 0.779687 0.466667 0.781250 0.406250 0.781250 0.370833 0.779687 0.366667 0.776563 0.368750 0.776563 0.370833 0.773438 0.372917 0.770312 0.366667 0.765625 0.368750 0.765625 0.372917 0.764062 0.375000 0.762500 0.379167 0.759375 0.375000 0.759375 0.370833 0.757812 0.366667 0.754687 0.366667 0.753125 0.375000 0.748437 0.375000 0.746875 0.366667
5 0.804688 0.377083 0.801562 0.381250 0.801562 0.477083 0.798438 0.510417 0.798438 0.566667 0.801562 0.620833 0.801562 0.691667 0.803125 0.754167 0.804688 0.802083 0.806250 0.837500 0.809375 0.856250 0.809375 0.879167 0.810937 0.889583 0.812500 0.897917 0.814063 0.902083 0.818750 0.902083 0.821875 0.900000 0.825000 0.897917 0.832812 0.891667 0.837500 0.887500 0.845313 0.877083 0.846875 0.870833 0.845313 0.852083 0.837500 0.791667 0.835938 0.762500 0.835938 0.737500 0.834375 0.716667 0.832812 0.700000 0.829688 0.687500 0.828125 0.672917 0.828125 0.656250 0.826562 0.645833 0.823438 0.637500 0.823438 0.631250 0.826562 0.627083 0.826562 0.625000 0.828125 0.622917 0.829688 0.622917 0.832812 0.618750 0.832812 0.608333 0.829688 0.589583 0.828125 0.562500 0.828125 0.525000 0.825000 0.489583 0.825000 0.450000 0.823438 0.418750 0.821875 0.406250 0.820312 0.395833 0.818750 0.387500 0.817187 0.381250 0.814063 0.377083 0.804688 0.377083
13 0.601562 0.277083 0.595313 0.279167 0.589063 0.281250 0.581250 0.285417 0.578125 0.287500 0.573438 0.291667 0.567187 0.297917 0.556250 0.312500 0.553125 0.318750 0.548438 0.329167 0.546875 0.335417 0.543750 0.347917 0.542188 0.362500 0.542188 0.379167 0.543750 0.391667 0.545312 0.397917 0.546875 0.404167 0.551562 0.416667 0.554688 0.422917 0.557813 0.429167 0.570312 0.445833 0.579688 0.452083 0.590625 0.452083 0.598437 0.447917 0.612500 0.445833 0.637500 0.447917 0.654687 0.447917 0.659375 0.445833 0.675000 0.425000 0.678125 0.418750 0.679688 0.414583 0.682813 0.404167 0.684375 0.397917 0.685937 0.389583 0.687500 0.375000 0.687500 0.366667 0.685937 0.337500 0.684375 0.329167 0.681250 0.318750 0.678125 0.312500 0.675000 0.306250 0.665625 0.293750 0.660937 0.289583 0.657813 0.287500 0.651563 0.285417 0.648438 0.281250 0.642188 0.279167 0.632812 0.277083 0.601562 0.277083
9 0.387500 0.112500 0.381250 0.114583 0.376563 0.116667 0.371875 0.118750 0.364063 0.125000 0.353125 0.137500 0.346875 0.147917 0.342187 0.160417 0.340625 0.166667 0.340625 0.179167 0.339062 0.183333 0.335938 0.187500 0.331250 0.189583 0.329688 0.193750 0.328125 0.200000 0.328125 0.206250 0.331250 0.225000 0.331250 0.254167 0.332813 0.258333 0.339062 0.266667 0.342187 0.268750 0.354687 0.266667 0.359375 0.266667 0.385937 0.304167 0.392188 0.310417 0.396875 0.314583 0.401562 0.316667 0.406250 0.318750 0.417187 0.320833 0.428125 0.320833 0.435937 0.318750 0.440625 0.316667 0.445312 0.314583 0.450000 0.310417 0.454688 0.306250 0.465625 0.291667 0.468750 0.285417 0.473438 0.272917 0.475000 0.264583 0.475000 0.243750 0.473438 0.204167 0.471875 0.197917 0.467187 0.185417 0.467187 0.179167 0.465625 0.172917 0.456250 0.147917 0.453125 0.141667 0.445312 0.131250 0.439063 0.125000 0.426563 0.116667 0.420312 0.114583 0.412500 0.112500 0.387500 0.112500
0 0.418750 0.637500 0.415625 0.639583 0.410938 0.641667 0.404687 0.645833 0.396875 0.658333 0.392188 0.662500 0.390625 0.662500 0.389062 0.664583 0.387500 0.670833 0.384375 0.675000 0.379688 0.677083 0.370312 0.677083 0.364063 0.679167 0.359375 0.683333 0.348438 0.685417 0.343750 0.689583 0.337500 0.691667 0.331250 0.693750 0.314063 0.693750 0.309375 0.695833 0.306250 0.697917 0.301563 0.704167 0.289062 0.700000 0.279687 0.700000 0.275000 0.702083 0.270313 0.704167 0.267188 0.706250 0.264062 0.710417 0.264062 0.712500 0.259375 0.718750 0.256250 0.718750 0.245312 0.716667 0.239063 0.718750 0.232813 0.720833 0.229687 0.725000 0.226562 0.725000 0.223438 0.727083 0.215625 0.737500 0.214062 0.741667 0.214062 0.760417 0.215625 0.785417 0.223438 0.804167 0.225000 0.808333 0.226562 0.810417 0.229687 0.812500 0.240625 0.814583 0.245312 0.816667 0.248438 0.818750 0.251563 0.822917 0.256250 0.837500 0.259375 0.841667 0.268750 0.847917 0.276562 0.850000 0.285938 0.850000 0.290625 0.856250 0.293750 0.858333 0.303125 0.858333 0.317188 0.856250 0.323437 0.854167 0.334375 0.847917 0.337500 0.845833 0.343750 0.839583 0.346875 0.837500 0.353125 0.835417 0.356250 0.833333 0.360938 0.829167 0.365625 0.825000 0.371875 0.816667 0.376563 0.814583 0.379688 0.808333 0.384375 0.800000 0.389062 0.787500 0.395313 0.775000 0.401562 0.766667 0.407813 0.764583 0.421875 0.752083 0.434375 0.735417 0.440625 0.731250 0.448437 0.722917 0.457813 0.710417 0.462500 0.704167 0.464062 0.700000 0.464062 0.683333 0.462500 0.675000 0.460938 0.670833 0.459375 0.666667 0.457813 0.664583 0.451562 0.658333 0.446875 0.658333 0.439063 0.666667 0.431250 0.656250 0.431250 0.654167 0.421875 0.639583 0.418750 0.637500
0 0.614062 0.483333 0.596875 0.485417 0.593750 0.487500 0.590625 0.491667 0.590625 0.493750 0.585938 0.500000 0.579688 0.500000 0.575000 0.504167 0.568750 0.504167 0.564063 0.506250 0.559375 0.512500 0.557813 0.525000 0.550000 0.533333 0.548438 0.537500 0.546875 0.545833 0.540625 0.554167 0.539062 0.558333 0.539062 0.585417 0.535937 0.591667 0.535937 0.604167 0.539062 0.614583 0.543750 0.622917 0.543750 0.631250 0.545312 0.637500 0.550000 0.645833 0.550000 0.660417 0.554688 0.666667 0.557813 0.668750 0.565625 0.670833 0.568750 0.677083 0.570312 0.683333 0.578125 0.693750 0.592187 0.695833 0.593750 0.700000 0.600000 0.704167 0.607812 0.712500 0.610938 0.714583 0.614062 0.714583 0.620313 0.710417 0.629687 0.710417 0.637500 0.704167 0.643750 0.704167 0.646875 0.702083 0.653125 0.693750 0.664062 0.693750 0.667188 0.691667 0.673438 0.683333 0.678125 0.683333 0.681250 0.681250 0.684375 0.672917 0.684375 0.658333 0.687500 0.654167 0.693750 0.652083 0.696875 0.650000 0.698438 0.647917 0.700000 0.643750 0.700000 0.635417 0.698438 0.610417 0.700000 0.604167 0.701562 0.600000 0.698438 0.589583 0.701562 0.570833 0.701562 0.560417 0.700000 0.556250 0.696875 0.552083 0.692187 0.552083 0.687500 0.545833 0.684375 0.545833 0.681250 0.541667 0.679688 0.535417 0.679688 0.531250 0.681250 0.529167 0.681250 0.525000 0.679688 0.520833 0.673438 0.512500 0.673438 0.506250 0.671875 0.502083 0.667188 0.497917 0.656250 0.497917 0.653125 0.495833 0.650000 0.493750 0.643750 0.485417 0.640625 0.483333 0.628125 0.485417 0.625000 0.485417 0.614062 0.483333
0 0.459375 0.322917 0.451562 0.325000 0.446875 0.327083 0.442188 0.329167 0.423438 0.341667 0.418750 0.345833 0.414062 0.352083 0.409375 0.360417 0.404687 0.370833 0.403125 0.375000 0.398438 0.393750 0.398438 0.427083 0.400000 0.437500 0.401562 0.445833 0.403125 0.454167 0.404687 0.460417 0.407813 0.468750 0.412500 0.481250 0.415625 0.487500 0.421875 0.497917 0.428125 0.506250 0.432812 0.510417 0.442188 0.516667 0.448437 0.518750 0.456250 0.520833 0.471875 0.520833 0.482812 0.525000 0.487500 0.537500 0.493750 0.545833 0.496875 0.547917 0.501563 0.547917 0.504687 0.543750 0.509375 0.531250 0.510938 0.516667 0.509375 0.508333 0.512500 0.502083 0.525000 0.485417 0.529687 0.472917 0.532813 0.462500 0.534375 0.456250 0.535937 0.443750 0.535937 0.437500 0.532813 0.420833 0.532813 0.385417 0.529687 0.370833 0.528125 0.366667 0.525000 0.360417 0.521875 0.354167 0.507812 0.335417 0.503125 0.331250 0.500000 0.329167 0.496875 0.327083 0.492188 0.325000 0.485938 0.322917 0.459375 0.322917
18 0.178125 0.066667 0.175000 0.068750 0.170313 0.075000 0.170313 0.077083 0.164062 0.085417 0.159375 0.093750 0.153125 0.108333 0.121875 0.162500 0.114062 0.177083 0.089063 0.227083 0.079687 0.241667 0.068750 0.262500 0.057813 0.285417 0.056250 0.289583 0.054688 0.293750 0.054688 0.308333 0.062500 0.318750 0.087500 0.343750 0.104688 0.360417 0.125000 0.377083 0.154688 0.406250 0.160938 0.412500 0.167187 0.418750 0.173437 0.427083 0.179688 0.433333 0.185938 0.439583 0.189062 0.441667 0.192188 0.443750 0.198437 0.443750 0.201563 0.441667 0.215625 0.422917 0.220312 0.412500 0.228125 0.402083 0.234375 0.391667 0.235937 0.385417 0.246875 0.368750 0.278125 0.325000 0.281250 0.320833 0.306250 0.289583 0.315625 0.281250 0.328125 0.264583 0.328125 0.250000 0.326562 0.225000 0.323437 0.216667 0.323437 0.204167 0.320312 0.197917 0.312500 0.189583 0.303125 0.179167 0.295312 0.170833 0.284375 0.160417 0.267188 0.145833 0.235937 0.104167 0.228125 0.095833 0.223438 0.091667 0.220312 0.089583 0.210938 0.089583 0.207813 0.087500 0.195312 0.075000 0.182812 0.066667 0.178125 0.066667
1 0.318750 0.314583 0.315625 0.316667 0.309375 0.325000 0.307812 0.335417 0.306250 0.339583 0.304688 0.343750 0.298438 0.354167 0.290625 0.366667 0.289062 0.368750 0.275000 0.383333 0.257812 0.406250 0.242188 0.425000 0.226562 0.443750 0.220312 0.447917 0.218750 0.450000 0.210938 0.462500 0.193750 0.483333 0.185938 0.489583 0.173437 0.506250 0.165625 0.514583 0.164062 0.514583 0.160938 0.518750 0.145313 0.516667 0.140625 0.522917 0.139063 0.522917 0.135937 0.527083 0.134375 0.533333 0.139063 0.539583 0.143750 0.543750 0.145313 0.543750 0.146875 0.545833 0.150000 0.552083 0.167187 0.570833 0.173437 0.581250 0.176563 0.585417 0.179688 0.587500 0.185938 0.589583 0.189062 0.593750 0.190625 0.602083 0.196875 0.614583 0.196875 0.618750 0.200000 0.625000 0.204687 0.625000 0.207813 0.622917 0.210938 0.620833 0.217188 0.612500 0.220312 0.606250 0.221875 0.600000 0.220312 0.591667 0.226562 0.583333 0.245312 0.560417 0.254688 0.550000 0.264062 0.539583 0.271875 0.533333 0.281250 0.522917 0.282813 0.520833 0.282813 0.518750 0.284375 0.516667 0.309375 0.485417 0.326562 0.464583 0.342187 0.445833 0.353125 0.435417 0.354687 0.431250 0.357812 0.427083 0.360938 0.425000 0.367188 0.429167 0.378125 0.429167 0.382812 0.425000 0.385937 0.420833 0.385937 0.416667 0.376563 0.404167 0.371875 0.393750 0.365625 0.387500 0.360938 0.379167 0.357812 0.372917 0.356250 0.366667 0.351562 0.360417 0.348438 0.350000 0.343750 0.341667 0.328125 0.320833 0.321875 0.314583 0.318750 0.314583
