11 0.814063 0.102083 0.809375 0.106250 0.803125 0.110417 0.798438 0.116667 0.795312 0.116667 0.793750 0.114583 0.787500 0.112500 0.770312 0.112500 0.762500 0.114583 0.756250 0.116667 0.751563 0.118750 0.742188 0.125000 0.737500 0.129167 0.718750 0.154167 0.710938 0.166667 0.709375 0.170833 0.709375 0.175000 0.707812 0.179167 0.706250 0.183333 0.693750 0.200000 0.687500 0.210417 0.684375 0.216667 0.678125 0.233333 0.676562 0.239583 0.675000 0.247917 0.675000 0.264583 0.676562 0.277083 0.678125 0.281250 0.679688 0.285417 0.682813 0.291667 0.685937 0.297917 0.693750 0.308333 0.700000 0.314583 0.703125 0.316667 0.706250 0.318750 0.720313 0.325000 0.743750 0.325000 0.748437 0.322917 0.753125 0.320833 0.767188 0.312500 0.770312 0.310417 0.773438 0.306250 0.776563 0.304167 0.779687 0.304167 0.782813 0.300000 0.800000 0.291667 0.803125 0.289583 0.810937 0.279167 0.817187 0.275000 0.831250 0.256250 0.835938 0.247917 0.842187 0.231250 0.843750 0.225000 0.845313 0.216667 0.845313 0.189583 0.850000 0.181250 0.856250 0.172917 0.860938 0.160417 0.860938 0.131250 0.859375 0.127083 0.857812 0.122917 0.854688 0.116667 0.846875 0.108333 0.837500 0.102083 0.814063 0.102083
1 0.181250 0.216667 0.178125 0.220833 0.176563 0.229167 0.175000 0.256250 0.175000 0.279167 0.173437 0.293750 0.170313 0.308333 0.170313 0.322917 0.168750 0.337500 0.167187 0.347917 0.165625 0.358333 0.162500 0.368750 0.160938 0.379167 0.159375 0.389583 0.159375 0.402083 0.156250 0.412500 0.154688 0.437500 0.146875 0.485417 0.146875 0.497917 0.145313 0.508333 0.143750 0.516667 0.139063 0.525000 0.134375 0.531250 0.129688 0.539583 0.128125 0.543750 0.126562 0.550000 0.128125 0.556250 0.139063 0.558333 0.151562 0.558333 0.164062 0.562500 0.178125 0.564583 0.195312 0.566667 0.204687 0.566667 0.209375 0.564583 0.212500 0.562500 0.214062 0.547917 0.212500 0.510417 0.214062 0.491667 0.217188 0.479167 0.218750 0.464583 0.218750 0.443750 0.220312 0.427083 0.221875 0.412500 0.225000 0.397917 0.225000 0.383333 0.226562 0.370833 0.229687 0.358333 0.229687 0.345833 0.234375 0.329167 0.235937 0.306250 0.239063 0.295833 0.239063 0.285417 0.242188 0.277083 0.242188 0.266667 0.243750 0.260417 0.251563 0.245833 0.253125 0.241667 0.251563 0.231250 0.248438 0.229167 0.242188 0.229167 0.235937 0.225000 0.218750 0.225000 0.217188 0.222917 0.201563 0.222917 0.192188 0.229167 0.187500 0.229167 0.182812 0.222917 0.181250 0.216667
5 0.798438 0.445833 0.796875 0.454167 0.798438 0.497917 0.801562 0.533333 0.801562 0.577083 0.803125 0.604167 0.804688 0.631250 0.809375 0.697917 0.810937 0.718750 0.814063 0.739583 0.815625 0.760417 0.817187 0.783333 0.817187 0.810417 0.818750 0.829167 0.820312 0.837500 0.823438 0.845833 0.825000 0.850000 0.826562 0.852083 0.832812 0.856250 0.837500 0.854167 0.840625 0.850000 0.840625 0.818750 0.839063 0.802083 0.837500 0.785417 0.834375 0.770833 0.832812 0.756250 0.832812 0.739583 0.829688 0.725000 0.828125 0.708333 0.826562 0.689583 0.825000 0.670833 0.823438 0.650000 0.821875 0.625000 0.821875 0.610417 0.823438 0.602083 0.825000 0.595833 0.828125 0.585417 0.831250 0.581250 0.832812 0.577083 0.834375 0.570833 0.835938 0.562500 0.835938 0.541667 0.834375 0.527083 0.832812 0.518750 0.829688 0.504167 0.825000 0.485417 0.821875 0.475000 0.818750 0.466667 0.814063 0.454167 0.810937 0.450000 0.810937 0.447917 0.809375 0.445833 0.806250 0.443750 0.798438 0.445833
12 0.328125 0.166667 0.321875 0.168750 0.317188 0.170833 0.312500 0.172917 0.303125 0.179167 0.295312 0.185417 0.290625 0.189583 0.284375 0.197917 0.284375 0.200000 0.276562 0.210417 0.273438 0.216667 0.268750 0.229167 0.267188 0.235417 0.265625 0.243750 0.265625 0.279167 0.267188 0.287500 0.268750 0.293750 0.271875 0.302083 0.276562 0.314583 0.290625 0.333333 0.301563 0.343750 0.304688 0.345833 0.310937 0.347917 0.314063 0.350000 0.317188 0.354167 0.320312 0.356250 0.323437 0.358333 0.328125 0.360417 0.339062 0.362500 0.351562 0.362500 0.357812 0.360417 0.360938 0.358333 0.364063 0.356250 0.368750 0.350000 0.376563 0.345833 0.390625 0.329167 0.395313 0.322917 0.400000 0.314583 0.403125 0.308333 0.407813 0.295833 0.409375 0.287500 0.410938 0.275000 0.410938 0.258333 0.409375 0.243750 0.407813 0.235417 0.406250 0.229167 0.400000 0.212500 0.396875 0.206250 0.392188 0.197917 0.385937 0.189583 0.379688 0.183333 0.375000 0.179167 0.362500 0.170833 0.356250 0.168750 0.350000 0.166667 0.328125 0.166667
16 0.596875 0.066667 0.589063 0.068750 0.584375 0.070833 0.579688 0.072917 0.576562 0.075000 0.573438 0.077083 0.565625 0.085417 0.554688 0.093750 0.546875 0.095833 0.540625 0.100000 0.537500 0.104167 0.537500 0.116667 0.539062 0.139583 0.540625 0.164583 0.543750 0.202083 0.545312 0.220833 0.546875 0.227083 0.564063 0.250000 0.567187 0.256250 0.570312 0.262500 0.571875 0.266667 0.573438 0.270833 0.576562 0.281250 0.579688 0.295833 0.581250 0.310417 0.579688 0.341667 0.581250 0.347917 0.585938 0.347917 0.595313 0.345833 0.601562 0.343750 0.609375 0.337500 0.614062 0.335417 0.623437 0.333333 0.646875 0.320833 0.653125 0.318750 0.665625 0.318750 0.668750 0.314583 0.670312 0.310417 0.671875 0.300000 0.671875 0.272917 0.670312 0.245833 0.668750 0.233333 0.667188 0.220833 0.665625 0.210417 0.662500 0.202083 0.662500 0.191667 0.660937 0.183333 0.657813 0.168750 0.654687 0.162500 0.653125 0.156250 0.650000 0.133333 0.646875 0.118750 0.645312 0.112500 0.642188 0.108333 0.640625 0.100000 0.639062 0.095833 0.632812 0.083333 0.626563 0.075000 0.623437 0.072917 0.620313 0.070833 0.615625 0.068750 0.610938 0.066667 0.596875 0.066667
22 0.756250 0.345833 0.739062 0.347917 0.703125 0.352083 0.687500 0.354167 0.671875 0.356250 0.659375 0.358333 0.657813 0.360417 0.648438 0.360417 0.646875 0.366667 0.642188 0.366667 0.640625 0.362500 0.637500 0.362500 0.637500 0.375000 0.634375 0.379167 0.631250 0.379167 0.628125 0.383333 0.628125 0.393750 0.629687 0.402083 0.631250 0.408333 0.632812 0.412500 0.635938 0.416667 0.650000 0.418750 0.653125 0.418750 0.654687 0.414583 0.659375 0.412500 0.673438 0.412500 0.725000 0.402083 0.751563 0.400000 0.764062 0.397917 0.770312 0.393750 0.770312 0.370833 0.768750 0.356250 0.765625 0.345833 0.756250 0.345833
30 0.303125 0.606250 0.293750 0.608333 0.287500 0.610417 0.284375 0.614583 0.276562 0.614583 0.271875 0.616667 0.267188 0.620833 0.262500 0.620833 0.259375 0.625000 0.254688 0.625000 0.251563 0.629167 0.243750 0.631250 0.240625 0.633333 0.237500 0.635417 0.229687 0.643750 0.217188 0.660417 0.214062 0.666667 0.207813 0.683333 0.206250 0.691667 0.204687 0.700000 0.204687 0.731250 0.206250 0.737500 0.209375 0.745833 0.214062 0.758333 0.217188 0.764583 0.228125 0.779167 0.240625 0.787500 0.248438 0.789583 0.253125 0.791667 0.256250 0.795833 0.262500 0.795833 0.278125 0.791667 0.282813 0.789583 0.287500 0.787500 0.295312 0.783333 0.303125 0.777083 0.307812 0.770833 0.310937 0.770833 0.329688 0.747917 0.337500 0.737500 0.357812 0.708333 0.360938 0.702083 0.362500 0.697917 0.364063 0.691667 0.364063 0.652083 0.362500 0.643750 0.360938 0.639583 0.357812 0.633333 0.346875 0.618750 0.342187 0.614583 0.332813 0.608333 0.326562 0.606250 0.303125 0.606250
3 0.790625 0.472917 0.785937 0.479167 0.782813 0.475000 0.778125 0.475000 0.775000 0.479167 0.771875 0.475000 0.768750 0.475000 0.765625 0.479167 0.762500 0.479167 0.757812 0.479167 0.756250 0.483333 0.754687 0.487500 0.753125 0.495833 0.751563 0.504167 0.750000 0.525000 0.750000 0.535417 0.751563 0.552083 0.753125 0.560417 0.756250 0.570833 0.764062 0.589583 0.767188 0.600000 0.770312 0.614583 0.771875 0.622917 0.773438 0.631250 0.775000 0.645833 0.776563 0.664583 0.778125 0.689583 0.778125 0.710417 0.779687 0.735417 0.782813 0.756250 0.784375 0.781250 0.785937 0.806250 0.785937 0.835417 0.787500 0.856250 0.789062 0.864583 0.790625 0.870833 0.793750 0.877083 0.798438 0.883333 0.803125 0.883333 0.806250 0.879167 0.807813 0.864583 0.806250 0.839583 0.803125 0.804167 0.796875 0.750000 0.793750 0.691667 0.792188 0.670833 0.789062 0.654167 0.789062 0.602083 0.790625 0.589583 0.792188 0.581250 0.796875 0.566667 0.798438 0.556250 0.800000 0.541667 0.800000 0.514583 0.798438 0.497917 0.796875 0.487500 0.795312 0.481250 0.793750 0.477083 0.790625 0.472917
0 0.410938 0.406250 0.401562 0.408333 0.393750 0.410417 0.387500 0.412500 0.381250 0.414583 0.364063 0.420833 0.353125 0.425000 0.334375 0.433333 0.326562 0.437500 0.318750 0.441667 0.301563 0.452083 0.289062 0.460417 0.281250 0.466667 0.276562 0.470833 0.257812 0.489583 0.248438 0.500000 0.240625 0.510417 0.231250 0.527083 0.226562 0.535417 0.221875 0.545833 0.215625 0.564583 0.210938 0.579167 0.209375 0.585417 0.207813 0.591667 0.206250 0.600000 0.204687 0.610417 0.203125 0.631250 0.204687 0.652083 0.206250 0.660417 0.210938 0.668750 0.214062 0.664583 0.220312 0.652083 0.228125 0.641667 0.235937 0.633333 0.245312 0.627083 0.262500 0.620833 0.265625 0.618750 0.267188 0.616667 0.268750 0.612500 0.268750 0.608333 0.275000 0.591667 0.279687 0.581250 0.282813 0.575000 0.304688 0.545833 0.310937 0.539583 0.325000 0.527083 0.343750 0.514583 0.351562 0.510417 0.359375 0.506250 0.381250 0.495833 0.385937 0.493750 0.390625 0.491667 0.406250 0.487500 0.410938 0.483333 0.415625 0.483333 0.420312 0.481250 0.428125 0.477083 0.446875 0.464583 0.459375 0.454167 0.467187 0.445833 0.468750 0.445833 0.470313 0.443750 0.471875 0.439583 0.470313 0.433333 0.467187 0.433333 0.456250 0.427083 0.448437 0.420833 0.442188 0.412500 0.437500 0.408333 0.434375 0.406250 0.410938 0.406250
0 0.587500 0.485417 0.579688 0.489583 0.576562 0.491667 0.571875 0.495833 0.565625 0.506250 0.562500 0.510417 0.553125 0.510417 0.531250 0.504167 0.529687 0.502083 0.525000 0.502083 0.515625 0.504167 0.506250 0.506250 0.500000 0.508333 0.495312 0.510417 0.485938 0.516667 0.465625 0.531250 0.460938 0.535417 0.456250 0.539583 0.434375 0.568750 0.432812 0.572917 0.431250 0.577083 0.426563 0.591667 0.425000 0.597917 0.423438 0.616667 0.423438 0.637500 0.425000 0.647917 0.426563 0.652083 0.428125 0.656250 0.435937 0.670833 0.439063 0.675000 0.443750 0.677083 0.464062 0.679167 0.501563 0.679167 0.517188 0.683333 0.610938 0.683333 0.623437 0.681250 0.626563 0.679167 0.628125 0.672917 0.634375 0.664583 0.642188 0.660417 0.645312 0.656250 0.650000 0.643750 0.650000 0.635417 0.645312 0.616667 0.645312 0.602083 0.643750 0.589583 0.642188 0.579167 0.637500 0.560417 0.635938 0.556250 0.634375 0.552083 0.631250 0.545833 0.620313 0.531250 0.618750 0.527083 0.618750 0.522917 0.614062 0.516667 0.614062 0.514583 0.610938 0.510417 0.607812 0.508333 0.606250 0.506250 0.603125 0.502083 0.600000 0.491667 0.595313 0.485417 0.587500 0.485417
0 0.640625 0.570833 0.640625 0.577083 0.643750 0.581250 0.645312 0.589583 0.645312 0.602083 0.648438 0.614583 0.650000 0.629167 0.650000 0.643750 0.648438 0.650000 0.640625 0.660417 0.635938 0.664583 0.634375 0.664583 0.632812 0.666667 0.632812 0.668750 0.629687 0.675000 0.623437 0.683333 0.610938 0.685417 0.517188 0.685417 0.512500 0.691667 0.509375 0.693750 0.493750 0.695833 0.479687 0.695833 0.475000 0.697917 0.468750 0.702083 0.465625 0.706250 0.465625 0.716667 0.467187 0.718750 0.468750 0.733333 0.468750 0.741667 0.467187 0.745833 0.456250 0.750000 0.456250 0.762500 0.457813 0.768750 0.459375 0.772917 0.460938 0.777083 0.462500 0.779167 0.464062 0.779167 0.467187 0.781250 0.470313 0.772917 0.478125 0.762500 0.482812 0.758333 0.489063 0.758333 0.493750 0.756250 0.507812 0.745833 0.512500 0.743750 0.532813 0.743750 0.539062 0.745833 0.542188 0.747917 0.554688 0.764583 0.562500 0.766667 0.567187 0.770833 0.570312 0.775000 0.570312 0.777083 0.573438 0.781250 0.609375 0.781250 0.610938 0.777083 0.610938 0.770833 0.609375 0.768750 0.609375 0.760417 0.606250 0.752083 0.606250 0.745833 0.607812 0.739583 0.609375 0.735417 0.614062 0.729167 0.617188 0.729167 0.621875 0.729167 0.625000 0.729167 0.631250 0.737500 0.635938 0.747917 0.637500 0.750000 0.640625 0.752083 0.646875 0.752083 0.650000 0.750000 0.654687 0.745833 0.665625 0.731250 0.667188 0.725000 0.665625 0.718750 0.667188 0.714583 0.670312 0.710417 0.671875 0.710417 0.675000 0.706250 0.675000 0.700000 0.678125 0.693750 0.678125 0.683333 0.673438 0.664583 0.673438 0.654167 0.681250 0.643750 0.682813 0.639583 0.684375 0.635417 0.684375 0.625000 0.682813 0.618750 0.681250 0.614583 0.675000 0.606250 0.673438 0.600000 0.660937 0.585417 0.657813 0.577083 0.654687 0.575000 0.650000 0.572917 0.640625 0.570833
0 0.515625 0.745833 0.509375 0.747917 0.495312 0.758333 0.485938 0.760417 0.482812 0.762500 0.479687 0.764583 0.471875 0.775000 0.470313 0.779167 0.468750 0.783333 0.468750 0.791667 0.470313 0.793750 0.470313 0.804167 0.471875 0.808333 0.475000 0.812500 0.487500 0.820833 0.501563 0.820833 0.506250 0.827083 0.507812 0.831250 0.509375 0.837500 0.510938 0.850000 0.514062 0.862500 0.517188 0.866667 0.531250 0.866667 0.535937 0.860417 0.537500 0.854167 0.539062 0.839583 0.540625 0.835417 0.543750 0.831250 0.550000 0.831250 0.554688 0.829167 0.560937 0.822917 0.564063 0.820833 0.573438 0.816667 0.575000 0.812500 0.575000 0.804167 0.573438 0.802083 0.573438 0.791667 0.571875 0.785417 0.568750 0.779167 0.562500 0.770833 0.559375 0.768750 0.556250 0.768750 0.553125 0.766667 0.548438 0.760417 0.548438 0.758333 0.543750 0.752083 0.540625 0.750000 0.537500 0.747917 0.529687 0.745833 0.515625 0.745833
0 0.598437 0.783333 0.595313 0.785417 0.592187 0.787500 0.589063 0.791667 0.578125 0.797917 0.576562 0.802083 0.576562 0.816667 0.571875 0.822917 0.565625 0.822917 0.551562 0.833333 0.543750 0.833333 0.542188 0.837500 0.542188 0.847917 0.543750 0.854167 0.545312 0.860417 0.546875 0.864583 0.548438 0.868750 0.554688 0.877083 0.562500 0.883333 0.567187 0.885417 0.576562 0.889583 0.587500 0.889583 0.590625 0.891667 0.595313 0.897917 0.604688 0.897917 0.610938 0.895833 0.621875 0.889583 0.625000 0.887500 0.628125 0.883333 0.629687 0.879167 0.629687 0.868750 0.626563 0.860417 0.618750 0.860417 0.609375 0.856250 0.606250 0.852083 0.606250 0.841667 0.609375 0.835417 0.615625 0.827083 0.617188 0.822917 0.618750 0.818750 0.618750 0.806250 0.617188 0.797917 0.615625 0.789583 0.614062 0.787500 0.614062 0.783333 0.598437 0.783333
0 0.615625 0.731250 0.610938 0.737500 0.609375 0.741667 0.609375 0.754167 0.610938 0.762500 0.614062 0.770833 0.618750 0.797917 0.618750 0.808333 0.620313 0.810417 0.620313 0.818750 0.618750 0.825000 0.609375 0.837500 0.607812 0.841667 0.607812 0.850000 0.610938 0.854167 0.614062 0.856250 0.631250 0.862500 0.639062 0.862500 0.646875 0.860417 0.656250 0.847917 0.664062 0.841667 0.668750 0.835417 0.671875 0.827083 0.678125 0.818750 0.679688 0.814583 0.681250 0.808333 0.682813 0.797917 0.682813 0.772917 0.681250 0.764583 0.679688 0.760417 0.678125 0.756250 0.673438 0.750000 0.667188 0.750000 0.665625 0.752083 0.657813 0.750000 0.654687 0.750000 0.651563 0.752083 0.648438 0.756250 0.645312 0.758333 0.642188 0.758333 0.631250 0.743750 0.626563 0.733333 0.623437 0.731250 0.615625 0.731250
18 0.150000 0.645833 0.146875 0.647917 0.139063 0.658333 0.125000 0.683333 0.103125 0.722917 0.085938 0.758333 0.065625 0.795833 0.059375 0.804167 0.056250 0.812500 0.050000 0.820833 0.045312 0.829167 0.043750 0.833333 0.042188 0.837500 0.042188 0.845833 0.045312 0.850000 0.053125 0.856250 0.059375 0.862500 0.073438 0.872917 0.090625 0.883333 0.098437 0.891667 0.106250 0.895833 0.120313 0.908333 0.131250 0.918750 0.142187 0.929167 0.148438 0.935417 0.154688 0.943750 0.160938 0.947917 0.173437 0.962500 0.175000 0.962500 0.181250 0.968750 0.182812 0.970833 0.192188 0.983333 0.201563 0.993750 0.206250 0.997917 0.243750 0.997917 0.248438 0.993750 0.253125 0.987500 0.256250 0.981250 0.259375 0.975000 0.273438 0.945833 0.281250 0.922917 0.301563 0.875000 0.309375 0.858333 0.312500 0.852083 0.320312 0.839583 0.323437 0.831250 0.325000 0.827083 0.328125 0.814583 0.335938 0.797917 0.337500 0.791667 0.337500 0.787500 0.335938 0.783333 0.334375 0.781250 0.332813 0.781250 0.325000 0.772917 0.321875 0.770833 0.317188 0.768750 0.314063 0.770833 0.310937 0.772917 0.306250 0.779167 0.301563 0.783333 0.293750 0.789583 0.287500 0.789583 0.282813 0.793750 0.275000 0.795833 0.251563 0.795833 0.245312 0.793750 0.237500 0.789583 0.228125 0.783333 0.214062 0.764583 0.210938 0.758333 0.204687 0.743750 0.203125 0.737500 0.201563 0.727083 0.203125 0.700000 0.203125 0.683333 0.200000 0.679167 0.192188 0.672917 0.181250 0.664583 0.167187 0.654167 0.164062 0.652083 0.160938 0.650000 0.153125 0.645833 0.150000 0.645833
13 0.487500 0.208333 0.478125 0.210417 0.468750 0.212500 0.462500 0.216667 0.457813 0.218750 0.451562 0.225000 0.446875 0.229167 0.428125 0.254167 0.423438 0.268750 0.418750 0.275000 0.417187 0.281250 0.417187 0.287500 0.414062 0.293750 0.412500 0.306250 0.412500 0.339583 0.415625 0.356250 0.417187 0.364583 0.418750 0.368750 0.420312 0.372917 0.429688 0.391667 0.437500 0.404167 0.446875 0.416667 0.451562 0.420833 0.459375 0.427083 0.462500 0.427083 0.465625 0.431250 0.475000 0.431250 0.482812 0.435417 0.501563 0.435417 0.510938 0.433333 0.518750 0.431250 0.523438 0.429167 0.528125 0.427083 0.531250 0.425000 0.534375 0.422917 0.539062 0.418750 0.543750 0.414583 0.554688 0.400000 0.562500 0.387500 0.565625 0.381250 0.575000 0.356250 0.576562 0.350000 0.578125 0.335417 0.578125 0.316667 0.576562 0.297917 0.575000 0.287500 0.573438 0.281250 0.571875 0.275000 0.565625 0.258333 0.559375 0.247917 0.550000 0.235417 0.543750 0.229167 0.539062 0.225000 0.526563 0.216667 0.512500 0.210417 0.503125 0.208333 0.487500 0.208333
