0 0.760938 0.164583 0.746875 0.166667 0.732812 0.172917 0.729688 0.175000 0.726562 0.177083 0.718750 0.183333 0.710938 0.191667 0.709375 0.193750 0.703125 0.204167 0.698438 0.212500 0.695312 0.218750 0.693750 0.222917 0.692187 0.227083 0.689063 0.237500 0.687500 0.243750 0.685937 0.250000 0.684375 0.262500 0.684375 0.277083 0.685937 0.289583 0.687500 0.297917 0.693750 0.314583 0.700000 0.325000 0.707812 0.335417 0.717187 0.345833 0.723437 0.352083 0.726562 0.354167 0.729688 0.356250 0.737500 0.356250 0.742188 0.360417 0.771875 0.360417 0.782813 0.356250 0.793750 0.350000 0.798438 0.345833 0.803125 0.341667 0.818750 0.320833 0.826562 0.308333 0.832812 0.293750 0.834375 0.289583 0.835938 0.281250 0.837500 0.272917 0.837500 0.239583 0.835938 0.233333 0.834375 0.227083 0.829688 0.214583 0.823438 0.200000 0.820312 0.193750 0.814063 0.185417 0.809375 0.181250 0.804688 0.177083 0.801562 0.175000 0.796875 0.172917 0.785937 0.168750 0.776563 0.166667 0.764062 0.164583 0.760938 0.164583
16 0.225000 0.641667 0.220312 0.643750 0.217188 0.645833 0.214062 0.647917 0.209375 0.652083 0.204687 0.656250 0.198437 0.662500 0.192188 0.670833 0.181250 0.681250 0.176563 0.683333 0.171875 0.689583 0.168750 0.691667 0.165625 0.691667 0.160938 0.695833 0.153125 0.704167 0.145313 0.712500 0.142187 0.716667 0.142187 0.725000 0.146875 0.733333 0.153125 0.741667 0.153125 0.745833 0.159375 0.756250 0.167187 0.766667 0.184375 0.800000 0.196875 0.818750 0.203125 0.833333 0.207813 0.841667 0.221875 0.862500 0.225000 0.870833 0.232813 0.881250 0.237500 0.889583 0.242188 0.897917 0.245312 0.908333 0.251563 0.916667 0.251563 0.918750 0.256250 0.925000 0.259375 0.927083 0.265625 0.922917 0.271875 0.918750 0.276562 0.914583 0.282813 0.908333 0.300000 0.885417 0.310937 0.872917 0.323437 0.862500 0.329688 0.856250 0.334375 0.850000 0.339062 0.841667 0.339062 0.833333 0.337500 0.829167 0.334375 0.822917 0.323437 0.804167 0.284375 0.737500 0.279687 0.729167 0.276562 0.720833 0.271875 0.712500 0.264062 0.702083 0.251563 0.677083 0.246875 0.672917 0.243750 0.666667 0.237500 0.652083 0.232813 0.643750 0.225000 0.641667
1 0.254688 0.258333 0.243750 0.260417 0.240625 0.262500 0.240625 0.293750 0.240625 0.306250 0.240625 0.312500 0.237500 0.318750 0.237500 0.356250 0.234375 0.377083 0.234375 0.402083 0.232813 0.422917 0.231250 0.441667 0.228125 0.456250 0.226562 0.470833 0.226562 0.489583 0.225000 0.506250 0.223438 0.516667 0.221875 0.527083 0.220312 0.535417 0.215625 0.550000 0.214062 0.558333 0.215625 0.581250 0.218750 0.581250 0.246875 0.579167 0.259375 0.577083 0.278125 0.570833 0.284375 0.568750 0.290625 0.564583 0.290625 0.552083 0.287500 0.541667 0.289062 0.502083 0.292187 0.485417 0.292187 0.452083 0.295312 0.433333 0.295312 0.400000 0.298438 0.383333 0.300000 0.356250 0.300000 0.320833 0.301563 0.316667 0.314063 0.302083 0.318750 0.295833 0.317188 0.268750 0.314063 0.266667 0.306250 0.266667 0.285938 0.260417 0.273438 0.258333 0.254688 0.258333
1 0.393750 0.316667 0.378125 0.318750 0.367188 0.320833 0.359375 0.322917 0.356250 0.325000 0.348438 0.335417 0.342187 0.333333 0.340625 0.327083 0.335938 0.322917 0.335938 0.354167 0.339062 0.389583 0.339062 0.504167 0.340625 0.577083 0.343750 0.610417 0.343750 0.622917 0.340625 0.633333 0.334375 0.639583 0.334375 0.641667 0.328125 0.650000 0.328125 0.654167 0.326562 0.658333 0.328125 0.662500 0.353125 0.660417 0.356250 0.662500 0.364063 0.662500 0.406250 0.660417 0.409375 0.658333 0.412500 0.652083 0.410938 0.643750 0.406250 0.633333 0.404687 0.627083 0.403125 0.589583 0.403125 0.529167 0.400000 0.481250 0.401562 0.475000 0.400000 0.433333 0.395313 0.416667 0.393750 0.404167 0.393750 0.387500 0.395313 0.377083 0.396875 0.368750 0.398438 0.362500 0.400000 0.356250 0.403125 0.350000 0.404687 0.343750 0.407813 0.329167 0.407813 0.318750 0.404687 0.316667 0.393750 0.316667
12 0.459375 0.300000 0.451562 0.302083 0.445312 0.304167 0.437500 0.308333 0.434375 0.310417 0.429688 0.314583 0.425000 0.318750 0.415625 0.329167 0.414062 0.331250 0.414062 0.333333 0.407813 0.343750 0.401562 0.360417 0.400000 0.366667 0.398438 0.375000 0.398438 0.414583 0.400000 0.422917 0.403125 0.437500 0.407813 0.450000 0.417187 0.462500 0.421875 0.464583 0.428125 0.472917 0.434375 0.479167 0.450000 0.491667 0.454688 0.493750 0.468750 0.493750 0.476562 0.491667 0.484375 0.489583 0.490625 0.487500 0.495312 0.485417 0.503125 0.481250 0.506250 0.479167 0.510938 0.475000 0.526563 0.454167 0.532813 0.443750 0.535937 0.437500 0.537500 0.431250 0.540625 0.418750 0.540625 0.381250 0.539062 0.368750 0.537500 0.362500 0.535937 0.356250 0.531250 0.345833 0.528125 0.339583 0.521875 0.329167 0.520312 0.327083 0.512500 0.318750 0.507812 0.314583 0.501563 0.308333 0.493750 0.304167 0.489063 0.302083 0.481250 0.300000 0.459375 0.300000
6 0.871875 0.708333 0.871875 0.714583 0.867188 0.729167 0.865625 0.735417 0.860938 0.741667 0.840625 0.739583 0.832812 0.741667 0.832812 0.745833 0.828125 0.752083 0.820312 0.756250 0.814063 0.754167 0.807813 0.745833 0.804688 0.735417 0.801562 0.731250 0.796875 0.729167 0.789062 0.727083 0.778125 0.725000 0.767188 0.725000 0.746875 0.718750 0.735938 0.718750 0.725000 0.714583 0.709375 0.712500 0.701562 0.712500 0.695312 0.716667 0.695312 0.727083 0.696875 0.739583 0.704688 0.789583 0.706250 0.797917 0.707812 0.806250 0.712500 0.820833 0.714063 0.829167 0.714063 0.837500 0.717187 0.845833 0.718750 0.854167 0.718750 0.862500 0.720313 0.870833 0.723437 0.879167 0.735938 0.879167 0.746875 0.877083 0.756250 0.872917 0.787500 0.866667 0.810937 0.864583 0.825000 0.866667 0.829688 0.860417 0.834375 0.858333 0.842187 0.858333 0.848437 0.854167 0.859375 0.854167 0.870313 0.847917 0.875000 0.850000 0.875000 0.862500 0.878125 0.866667 0.884375 0.868750 0.887500 0.866667 0.895312 0.868750 0.896875 0.864583 0.896875 0.860417 0.893750 0.833333 0.893750 0.829167 0.895312 0.825000 0.900000 0.818750 0.900000 0.808333 0.895312 0.787500 0.892188 0.781250 0.892188 0.772917 0.887500 0.750000 0.885938 0.743750 0.884375 0.737500 0.879687 0.727083 0.878125 0.714583 0.875000 0.706250 0.871875 0.708333
6 0.689063 0.497917 0.685937 0.500000 0.676562 0.510417 0.665625 0.525000 0.665625 0.539583 0.667188 0.547917 0.668750 0.556250 0.671875 0.564583 0.673438 0.572917 0.675000 0.581250 0.675000 0.591667 0.682813 0.629167 0.684375 0.652083 0.685937 0.662500 0.687500 0.675000 0.690625 0.683333 0.693750 0.685417 0.707812 0.687500 0.732812 0.689583 0.775000 0.691667 0.782813 0.691667 0.784375 0.689583 0.789062 0.689583 0.787500 0.683333 0.784375 0.675000 0.776563 0.654167 0.750000 0.585417 0.746875 0.579167 0.737500 0.566667 0.734375 0.564583 0.729688 0.562500 0.723437 0.562500 0.718750 0.560417 0.715625 0.558333 0.712500 0.556250 0.710938 0.554167 0.701562 0.539583 0.698438 0.531250 0.693750 0.518750 0.692187 0.512500 0.692187 0.500000 0.689063 0.497917
6 0.806250 0.379167 0.796875 0.381250 0.792188 0.385417 0.778125 0.387500 0.773438 0.391667 0.767188 0.391667 0.760938 0.395833 0.745313 0.397917 0.732812 0.404167 0.720313 0.406250 0.714063 0.408333 0.703125 0.412500 0.700000 0.414583 0.700000 0.470833 0.703125 0.468750 0.709375 0.464583 0.718750 0.464583 0.723437 0.466667 0.726562 0.468750 0.734375 0.475000 0.745313 0.489583 0.748437 0.495833 0.751563 0.502083 0.753125 0.508333 0.754687 0.516667 0.754687 0.533333 0.753125 0.541667 0.750000 0.547917 0.750000 0.556250 0.751563 0.562500 0.762500 0.583333 0.776563 0.616667 0.778125 0.620833 0.779687 0.629167 0.782813 0.637500 0.787500 0.647917 0.801562 0.677083 0.807813 0.687500 0.846875 0.687500 0.868750 0.689583 0.871875 0.689583 0.870313 0.672917 0.868750 0.662500 0.862500 0.635417 0.860938 0.625000 0.859375 0.595833 0.854688 0.564583 0.853125 0.554167 0.850000 0.545833 0.848437 0.533333 0.846875 0.518750 0.845313 0.504167 0.845313 0.485417 0.842187 0.454167 0.840625 0.439583 0.839063 0.427083 0.837500 0.412500 0.835938 0.404167 0.834375 0.397917 0.831250 0.393750 0.828125 0.391667 0.823438 0.389583 0.815625 0.389583 0.812500 0.385417 0.812500 0.383333 0.809375 0.379167 0.806250 0.379167
4 0.806250 0.731250 0.807813 0.739583 0.810937 0.745833 0.815625 0.752083 0.825000 0.752083 0.829688 0.745833 0.829688 0.739583 0.826562 0.735417 0.820312 0.733333 0.812500 0.733333 0.810937 0.731250 0.806250 0.731250
4 0.712500 0.466667 0.710938 0.468750 0.706250 0.468750 0.698438 0.479167 0.696875 0.483333 0.695312 0.487500 0.693750 0.495833 0.693750 0.506250 0.695312 0.516667 0.696875 0.522917 0.698438 0.527083 0.700000 0.531250 0.703125 0.537500 0.706250 0.543750 0.715625 0.556250 0.718750 0.558333 0.725000 0.560417 0.732812 0.560417 0.735938 0.562500 0.742188 0.568750 0.743750 0.570833 0.750000 0.581250 0.753125 0.587500 0.754687 0.595833 0.756250 0.600000 0.759375 0.604167 0.762500 0.612500 0.764062 0.620833 0.765625 0.625000 0.767188 0.629167 0.781250 0.660417 0.790625 0.687500 0.793750 0.691667 0.796875 0.693750 0.806250 0.693750 0.806250 0.687500 0.804688 0.683333 0.798438 0.675000 0.795312 0.668750 0.784375 0.645833 0.778125 0.631250 0.776563 0.627083 0.775000 0.618750 0.771875 0.610417 0.765625 0.600000 0.760938 0.589583 0.759375 0.581250 0.756250 0.575000 0.750000 0.564583 0.748437 0.560417 0.746875 0.554167 0.748437 0.545833 0.751563 0.539583 0.753125 0.531250 0.753125 0.518750 0.751563 0.510417 0.745313 0.493750 0.732812 0.477083 0.728125 0.472917 0.725000 0.470833 0.721875 0.468750 0.717187 0.468750 0.715625 0.466667 0.712500 0.466667
0 0.601562 0.147917 0.592187 0.150000 0.587500 0.152083 0.582812 0.154167 0.575000 0.158333 0.571875 0.160417 0.567187 0.164583 0.559375 0.172917 0.554688 0.181250 0.550000 0.191667 0.543750 0.208333 0.542188 0.214583 0.540625 0.220833 0.539062 0.229167 0.539062 0.268750 0.540625 0.277083 0.543750 0.287500 0.548438 0.297917 0.553125 0.306250 0.562500 0.318750 0.567187 0.322917 0.571875 0.327083 0.581250 0.333333 0.585938 0.335417 0.590625 0.337500 0.598437 0.339583 0.615625 0.339583 0.623437 0.337500 0.628125 0.335417 0.640625 0.327083 0.648438 0.320833 0.662500 0.302083 0.665625 0.295833 0.670312 0.283333 0.671875 0.277083 0.673438 0.270833 0.675000 0.260417 0.676562 0.243750 0.676562 0.233333 0.675000 0.231250 0.675000 0.218750 0.673438 0.210417 0.670312 0.200000 0.665625 0.187500 0.662500 0.181250 0.648438 0.162500 0.635938 0.154167 0.631250 0.152083 0.626563 0.150000 0.618750 0.147917 0.601562 0.147917
0 0.529687 0.543750 0.517188 0.545833 0.512500 0.547917 0.509375 0.552083 0.498437 0.554167 0.495312 0.556250 0.493750 0.558333 0.493750 0.560417 0.485938 0.562500 0.481250 0.564583 0.476562 0.570833 0.475000 0.575000 0.470313 0.589583 0.470313 0.604167 0.468750 0.608333 0.464062 0.614583 0.462500 0.620833 0.460938 0.625000 0.459375 0.627083 0.454688 0.631250 0.450000 0.641667 0.448437 0.645833 0.448437 0.656250 0.442188 0.666667 0.442188 0.679167 0.446875 0.685417 0.446875 0.693750 0.450000 0.702083 0.457813 0.712500 0.456250 0.720833 0.457813 0.725000 0.460938 0.729167 0.465625 0.731250 0.468750 0.735417 0.468750 0.741667 0.475000 0.750000 0.476562 0.750000 0.481250 0.756250 0.481250 0.758333 0.484375 0.762500 0.487500 0.764583 0.490625 0.764583 0.493750 0.766667 0.496875 0.772917 0.501563 0.777083 0.509375 0.779167 0.521875 0.777083 0.525000 0.779167 0.528125 0.783333 0.531250 0.785417 0.537500 0.785417 0.540625 0.783333 0.542188 0.781250 0.546875 0.772917 0.553125 0.779167 0.560937 0.779167 0.564063 0.777083 0.567187 0.772917 0.567187 0.768750 0.568750 0.764583 0.570312 0.762500 0.576562 0.756250 0.576562 0.747917 0.576562 0.745833 0.567187 0.741667 0.562500 0.735417 0.564063 0.729167 0.568750 0.722917 0.570312 0.722917 0.573438 0.718750 0.573438 0.714583 0.575000 0.710417 0.581250 0.708333 0.584375 0.706250 0.585938 0.704167 0.587500 0.700000 0.592187 0.702083 0.598437 0.697917 0.598437 0.689583 0.593750 0.683333 0.598437 0.677083 0.603125 0.677083 0.606250 0.675000 0.615625 0.662500 0.620313 0.650000 0.620313 0.641667 0.618750 0.635417 0.617188 0.631250 0.612500 0.625000 0.610938 0.614583 0.607812 0.610417 0.606250 0.600000 0.607812 0.589583 0.606250 0.585417 0.601562 0.579167 0.595313 0.579167 0.590625 0.572917 0.589063 0.566667 0.585938 0.562500 0.582812 0.560417 0.579688 0.560417 0.576562 0.558333 0.571875 0.552083 0.564063 0.550000 0.556250 0.543750 0.529687 0.543750
7 0.623437 0.343750 0.621875 0.345833 0.607812 0.345833 0.598437 0.347917 0.593750 0.350000 0.590625 0.352083 0.582812 0.358333 0.571875 0.370833 0.570312 0.377083 0.567187 0.381250 0.565625 0.389583 0.564063 0.393750 0.560937 0.400000 0.556250 0.406250 0.551562 0.418750 0.550000 0.427083 0.548438 0.435417 0.548438 0.466667 0.550000 0.475000 0.551562 0.481250 0.554688 0.491667 0.559375 0.502083 0.568750 0.514583 0.571875 0.516667 0.575000 0.518750 0.585938 0.522917 0.603125 0.535417 0.631250 0.535417 0.635938 0.533333 0.640625 0.529167 0.645312 0.527083 0.651563 0.527083 0.656250 0.525000 0.659375 0.522917 0.662500 0.520833 0.667188 0.516667 0.675000 0.506250 0.676562 0.506250 0.682813 0.497917 0.689063 0.487500 0.690625 0.481250 0.693750 0.462500 0.695312 0.447917 0.695312 0.431250 0.693750 0.412500 0.692187 0.404167 0.689063 0.393750 0.685937 0.387500 0.682813 0.381250 0.668750 0.362500 0.664062 0.358333 0.659375 0.354167 0.650000 0.347917 0.645312 0.345833 0.635938 0.343750 0.623437 0.343750
4 0.601562 0.679167 0.598437 0.683333 0.595313 0.683333 0.600000 0.685417 0.601562 0.689583 0.601562 0.695833 0.600000 0.700000 0.598437 0.702083 0.595313 0.704167 0.587500 0.704167 0.579688 0.710417 0.576562 0.714583 0.568750 0.725000 0.565625 0.729167 0.564063 0.735417 0.567187 0.739583 0.576562 0.739583 0.584375 0.737500 0.589063 0.733333 0.595313 0.733333 0.598437 0.731250 0.603125 0.725000 0.606250 0.716667 0.612500 0.706250 0.614062 0.704167 0.615625 0.704167 0.618750 0.700000 0.623437 0.700000 0.657813 0.704167 0.660937 0.702083 0.676562 0.704167 0.692187 0.706250 0.718750 0.710417 0.731250 0.712500 0.742188 0.716667 0.754687 0.716667 0.775000 0.722917 0.785937 0.722917 0.795312 0.725000 0.803125 0.727083 0.810937 0.729167 0.814063 0.733333 0.826562 0.735417 0.837500 0.737500 0.851562 0.739583 0.857812 0.739583 0.860938 0.737500 0.862500 0.735417 0.862500 0.733333 0.865625 0.729167 0.867188 0.720833 0.868750 0.714583 0.868750 0.706250 0.870313 0.704167 0.870313 0.697917 0.868750 0.693750 0.834375 0.691667 0.804688 0.695833 0.784375 0.695833 0.746875 0.691667 0.707812 0.691667 0.684375 0.687500 0.657813 0.685417 0.615625 0.685417 0.609375 0.679167 0.601562 0.679167
