6 0.704688 0.716667 0.703125 0.720833 0.703125 0.729167 0.701562 0.731250 0.701562 0.739583 0.698438 0.754167 0.693750 0.772917 0.690625 0.783333 0.685937 0.793750 0.682813 0.806250 0.682813 0.810417 0.685937 0.827083 0.685937 0.864583 0.687500 0.881250 0.689063 0.889583 0.690625 0.893750 0.710938 0.895833 0.726562 0.891667 0.746875 0.889583 0.789062 0.889583 0.790625 0.887500 0.821875 0.887500 0.821875 0.881250 0.818750 0.875000 0.815625 0.868750 0.804688 0.852083 0.785937 0.822917 0.781250 0.818750 0.773438 0.804167 0.757812 0.781250 0.751563 0.775000 0.750000 0.772917 0.742188 0.760417 0.735938 0.747917 0.720313 0.727083 0.712500 0.718750 0.709375 0.716667 0.704688 0.716667
6 0.803125 0.427083 0.785937 0.429167 0.784375 0.431250 0.779687 0.431250 0.779687 0.435417 0.778125 0.437500 0.778125 0.443750 0.776563 0.447917 0.773438 0.452083 0.773438 0.454167 0.768750 0.456250 0.764062 0.462500 0.759375 0.472917 0.756250 0.477083 0.753125 0.479167 0.750000 0.483333 0.748437 0.485417 0.739062 0.502083 0.723437 0.522917 0.710938 0.541667 0.701562 0.558333 0.700000 0.560417 0.696875 0.562500 0.689063 0.562500 0.689063 0.568750 0.692187 0.579167 0.700000 0.606250 0.700000 0.614583 0.701562 0.622917 0.703125 0.627083 0.704688 0.631250 0.712500 0.645833 0.717187 0.658333 0.720313 0.670833 0.726562 0.687500 0.731250 0.697917 0.739062 0.712500 0.746875 0.725000 0.756250 0.739583 0.760938 0.743750 0.770312 0.760417 0.773438 0.764583 0.775000 0.764583 0.776563 0.766667 0.787500 0.785417 0.790625 0.789583 0.793750 0.791667 0.814063 0.820833 0.815625 0.810417 0.814063 0.793750 0.812500 0.783333 0.809375 0.772917 0.807813 0.762500 0.806250 0.739583 0.804688 0.727083 0.801562 0.716667 0.800000 0.704167 0.798438 0.681250 0.792188 0.647917 0.785937 0.600000 0.784375 0.587500 0.782813 0.575000 0.782813 0.556250 0.781250 0.537500 0.778125 0.525000 0.776563 0.508333 0.775000 0.493750 0.773438 0.470833 0.775000 0.462500 0.776563 0.458333 0.781250 0.458333 0.784375 0.458333 0.787500 0.462500 0.795312 0.475000 0.796875 0.483333 0.801562 0.489583 0.809375 0.506250 0.810937 0.510417 0.810937 0.516667 0.818750 0.537500 0.821875 0.558333 0.826562 0.572917 0.826562 0.577083 0.825000 0.593750 0.823438 0.602083 0.821875 0.608333 0.818750 0.614583 0.817187 0.622917 0.815625 0.631250 0.815625 0.647917 0.818750 0.660417 0.818750 0.672917 0.820312 0.683333 0.825000 0.704167 0.826562 0.729167 0.828125 0.737500 0.831250 0.745833 0.832812 0.756250 0.834375 0.777083 0.839063 0.793750 0.842187 0.810417 0.842187 0.822917 0.843750 0.831250 0.848437 0.847917 0.848437 0.860417 0.850000 0.870833 0.853125 0.875000 0.856250 0.877083 0.856250 0.852083 0.854688 0.833333 0.851562 0.816667 0.850000 0.800000 0.848437 0.781250 0.846875 0.754167 0.846875 0.720833 0.843750 0.689583 0.843750 0.652083 0.842187 0.625000 0.839063 0.600000 0.837500 0.575000 0.837500 0.522917 0.835938 0.483333 0.834375 0.443750 0.832812 0.439583 0.828125 0.433333 0.823438 0.429167 0.814063 0.427083 0.803125 0.427083
5 0.778125 0.460417 0.776563 0.464583 0.776563 0.481250 0.778125 0.500000 0.782813 0.531250 0.784375 0.562500 0.785937 0.577083 0.787500 0.591667 0.795312 0.652083 0.807813 0.731250 0.809375 0.754167 0.814063 0.775000 0.815625 0.787500 0.817187 0.800000 0.817187 0.812500 0.818750 0.827083 0.820312 0.833333 0.821875 0.837500 0.826562 0.845833 0.835938 0.860417 0.839063 0.864583 0.840625 0.864583 0.845313 0.870833 0.845313 0.847917 0.842187 0.829167 0.831250 0.762500 0.826562 0.743750 0.823438 0.722917 0.818750 0.691667 0.812500 0.645833 0.812500 0.633333 0.814063 0.622917 0.821875 0.595833 0.823438 0.583333 0.823438 0.579167 0.821875 0.568750 0.820312 0.558333 0.817187 0.543750 0.815625 0.537500 0.814063 0.531250 0.809375 0.516667 0.803125 0.500000 0.798438 0.489583 0.795312 0.483333 0.787500 0.468750 0.781250 0.460417 0.778125 0.460417
3 0.654687 0.583333 0.650000 0.587500 0.645312 0.591667 0.640625 0.600000 0.637500 0.606250 0.637500 0.614583 0.637500 0.618750 0.640625 0.622917 0.640625 0.627083 0.645312 0.637500 0.648438 0.643750 0.651563 0.650000 0.660937 0.666667 0.670312 0.679167 0.676562 0.685417 0.681250 0.689583 0.692187 0.695833 0.700000 0.702083 0.704688 0.708333 0.712500 0.712500 0.725000 0.727083 0.726562 0.729167 0.735938 0.741667 0.743750 0.756250 0.757812 0.777083 0.775000 0.800000 0.781250 0.812500 0.796875 0.833333 0.814063 0.860417 0.829688 0.887500 0.845313 0.908333 0.850000 0.910417 0.853125 0.910417 0.856250 0.908333 0.857812 0.895833 0.856250 0.891667 0.854688 0.887500 0.846875 0.877083 0.846875 0.875000 0.840625 0.866667 0.828125 0.852083 0.818750 0.837500 0.815625 0.829167 0.795312 0.802083 0.778125 0.777083 0.759375 0.750000 0.745313 0.729167 0.739062 0.718750 0.732812 0.708333 0.729688 0.702083 0.726562 0.695833 0.720313 0.681250 0.715625 0.668750 0.712500 0.654167 0.707812 0.641667 0.704688 0.635417 0.701562 0.629167 0.679688 0.600000 0.673438 0.593750 0.668750 0.589583 0.660937 0.583333 0.654687 0.583333
25 0.503125 0.045833 0.493750 0.047917 0.478125 0.054167 0.467187 0.062500 0.460938 0.064583 0.443750 0.066667 0.425000 0.066667 0.410938 0.068750 0.384375 0.072917 0.371875 0.075000 0.360938 0.079167 0.348438 0.081250 0.335938 0.081250 0.312500 0.087500 0.289062 0.089583 0.278125 0.091667 0.242188 0.100000 0.226562 0.106250 0.165625 0.106250 0.150000 0.108333 0.134375 0.112500 0.118750 0.114583 0.118750 0.127083 0.121875 0.139583 0.123438 0.166667 0.126562 0.177083 0.126562 0.189583 0.129688 0.202083 0.131250 0.229167 0.134375 0.241667 0.134375 0.254167 0.139063 0.291667 0.142187 0.304167 0.142187 0.316667 0.145313 0.327083 0.154688 0.327083 0.164062 0.325000 0.173437 0.322917 0.176563 0.320833 0.187500 0.304167 0.193750 0.295833 0.200000 0.289583 0.206250 0.283333 0.215625 0.277083 0.220312 0.270833 0.225000 0.266667 0.240625 0.254167 0.248438 0.252083 0.259375 0.243750 0.278125 0.235417 0.284375 0.233333 0.292187 0.231250 0.323437 0.231250 0.328125 0.233333 0.335938 0.245833 0.332813 0.252083 0.332813 0.266667 0.329688 0.279167 0.329688 0.291667 0.345313 0.291667 0.354687 0.287500 0.365625 0.285417 0.398438 0.279167 0.434375 0.272917 0.446875 0.270833 0.462500 0.268750 0.481250 0.266667 0.507812 0.266667 0.510938 0.264583 0.526563 0.243750 0.531250 0.241667 0.535937 0.235417 0.537500 0.229167 0.535937 0.208333 0.531250 0.158333 0.528125 0.131250 0.521875 0.077083 0.520312 0.062500 0.518750 0.054167 0.515625 0.045833 0.503125 0.045833
0 0.582812 0.737500 0.578125 0.739583 0.575000 0.743750 0.575000 0.775000 0.573438 0.781250 0.571875 0.787500 0.570312 0.791667 0.560937 0.806250 0.584375 0.806250 0.589063 0.808333 0.592187 0.810417 0.595313 0.814583 0.595313 0.818750 0.596875 0.822917 0.603125 0.825000 0.607812 0.820833 0.612500 0.814583 0.614062 0.808333 0.615625 0.791667 0.615625 0.787500 0.614062 0.775000 0.612500 0.768750 0.610938 0.764583 0.609375 0.760417 0.606250 0.754167 0.596875 0.741667 0.593750 0.741667 0.590625 0.737500 0.582812 0.737500
0 0.543750 0.697917 0.534375 0.704167 0.529687 0.708333 0.526563 0.714583 0.523438 0.720833 0.523438 0.727083 0.526563 0.731250 0.525000 0.737500 0.503125 0.737500 0.498437 0.743750 0.495312 0.750000 0.493750 0.756250 0.493750 0.760417 0.495312 0.764583 0.500000 0.770833 0.501563 0.770833 0.506250 0.777083 0.506250 0.781250 0.503125 0.787500 0.501563 0.802083 0.501563 0.816667 0.503125 0.820833 0.510938 0.831250 0.514062 0.833333 0.518750 0.835417 0.525000 0.837500 0.535937 0.835417 0.539062 0.831250 0.540625 0.822917 0.548438 0.812500 0.554688 0.808333 0.562500 0.800000 0.564063 0.797917 0.568750 0.789583 0.570312 0.785417 0.571875 0.777083 0.573438 0.745833 0.573438 0.731250 0.570312 0.720833 0.556250 0.702083 0.553125 0.700000 0.548438 0.697917 0.543750 0.697917
0 0.475000 0.729167 0.471875 0.731250 0.468750 0.735417 0.465625 0.743750 0.460938 0.750000 0.457813 0.750000 0.453125 0.745833 0.445312 0.743750 0.442188 0.739583 0.434375 0.737500 0.431250 0.739583 0.426563 0.745833 0.423438 0.747917 0.415625 0.747917 0.412500 0.752083 0.412500 0.756250 0.414062 0.760417 0.421875 0.770833 0.425000 0.779167 0.431250 0.787500 0.437500 0.804167 0.437500 0.808333 0.431250 0.818750 0.429688 0.822917 0.428125 0.829167 0.426563 0.835417 0.426563 0.841667 0.434375 0.852083 0.451562 0.852083 0.459375 0.850000 0.462500 0.847917 0.465625 0.845833 0.470313 0.839583 0.475000 0.835417 0.482812 0.833333 0.485938 0.831250 0.490625 0.825000 0.490625 0.822917 0.496875 0.814583 0.498437 0.810417 0.500000 0.806250 0.501563 0.795833 0.501563 0.775000 0.493750 0.764583 0.493750 0.760417 0.493750 0.754167 0.493750 0.750000 0.496875 0.743750 0.496875 0.739583 0.495312 0.735417 0.493750 0.733333 0.492188 0.733333 0.489063 0.729167 0.475000 0.729167
0 0.485938 0.658333 0.482812 0.660417 0.481250 0.662500 0.479687 0.666667 0.478125 0.675000 0.475000 0.679167 0.475000 0.689583 0.473438 0.695833 0.467187 0.706250 0.465625 0.710417 0.464062 0.714583 0.464062 0.725000 0.465625 0.729167 0.471875 0.729167 0.481250 0.725000 0.487500 0.725000 0.490625 0.727083 0.493750 0.731250 0.496875 0.733333 0.501563 0.733333 0.503125 0.731250 0.509375 0.731250 0.518750 0.725000 0.521875 0.718750 0.523438 0.714583 0.525000 0.710417 0.525000 0.700000 0.521875 0.689583 0.520312 0.685417 0.515625 0.677083 0.510938 0.672917 0.504687 0.666667 0.500000 0.662500 0.496875 0.660417 0.493750 0.658333 0.485938 0.658333
0 0.398438 0.620833 0.392188 0.629167 0.390625 0.633333 0.390625 0.645833 0.393750 0.656250 0.398438 0.666667 0.401562 0.677083 0.403125 0.683333 0.404687 0.689583 0.406250 0.700000 0.403125 0.708333 0.400000 0.712500 0.392188 0.716667 0.389062 0.720833 0.389062 0.731250 0.390625 0.735417 0.393750 0.739583 0.400000 0.741667 0.410938 0.745833 0.420312 0.745833 0.426563 0.743750 0.432812 0.735417 0.443750 0.733333 0.451562 0.727083 0.456250 0.722917 0.460938 0.716667 0.464062 0.710417 0.464062 0.706250 0.467187 0.702083 0.468750 0.697917 0.470313 0.687500 0.471875 0.681250 0.475000 0.677083 0.476562 0.670833 0.478125 0.660417 0.478125 0.656250 0.476562 0.654167 0.476562 0.647917 0.473438 0.643750 0.470313 0.641667 0.462500 0.637500 0.453125 0.637500 0.451562 0.641667 0.451562 0.645833 0.446875 0.652083 0.440625 0.650000 0.435937 0.647917 0.432812 0.645833 0.429688 0.641667 0.426563 0.641667 0.418750 0.635417 0.406250 0.620833 0.398438 0.620833
0 0.810937 0.204167 0.801562 0.206250 0.789062 0.212500 0.781250 0.216667 0.776563 0.220833 0.771875 0.225000 0.760938 0.239583 0.757812 0.245833 0.756250 0.256250 0.756250 0.264583 0.754687 0.275000 0.753125 0.281250 0.743750 0.304167 0.743750 0.335417 0.746875 0.350000 0.753125 0.366667 0.757812 0.375000 0.762500 0.381250 0.764062 0.381250 0.770312 0.389583 0.775000 0.393750 0.784375 0.400000 0.789062 0.402083 0.800000 0.406250 0.814063 0.408333 0.831250 0.406250 0.837500 0.404167 0.843750 0.402083 0.848437 0.400000 0.853125 0.397917 0.865625 0.389583 0.876563 0.379167 0.889062 0.362500 0.892188 0.354167 0.896875 0.341667 0.898438 0.333333 0.900000 0.318750 0.900000 0.289583 0.898438 0.277083 0.896875 0.266667 0.895312 0.262500 0.893750 0.258333 0.889062 0.247917 0.879687 0.235417 0.873437 0.229167 0.862500 0.218750 0.859375 0.216667 0.856250 0.214583 0.848437 0.210417 0.843750 0.208333 0.837500 0.206250 0.826562 0.204167 0.810937 0.204167
0 0.500000 0.439583 0.492188 0.450000 0.487500 0.458333 0.478125 0.477083 0.473438 0.487500 0.465625 0.508333 0.456250 0.525000 0.450000 0.541667 0.440625 0.556250 0.434375 0.568750 0.428125 0.581250 0.425000 0.587500 0.425000 0.591667 0.425000 0.597917 0.425000 0.600000 0.426563 0.602083 0.434375 0.610417 0.440625 0.616667 0.445312 0.620833 0.450000 0.625000 0.460938 0.633333 0.464062 0.635417 0.470313 0.637500 0.473438 0.639583 0.490625 0.654167 0.496875 0.656250 0.504687 0.662500 0.512500 0.670833 0.515625 0.672917 0.518750 0.675000 0.521875 0.675000 0.525000 0.677083 0.539062 0.689583 0.542188 0.691667 0.545312 0.693750 0.556250 0.697917 0.564063 0.706250 0.568750 0.708333 0.573438 0.710417 0.581250 0.710417 0.589063 0.700000 0.593750 0.691667 0.596875 0.685417 0.601562 0.675000 0.603125 0.670833 0.603125 0.666667 0.604688 0.662500 0.612500 0.650000 0.617188 0.639583 0.621875 0.625000 0.625000 0.618750 0.631250 0.610417 0.635938 0.595833 0.639062 0.589583 0.651563 0.570833 0.653125 0.564583 0.651563 0.560417 0.648438 0.554167 0.645312 0.552083 0.635938 0.545833 0.631250 0.539583 0.623437 0.533333 0.606250 0.522917 0.595313 0.512500 0.581250 0.504167 0.573438 0.495833 0.553125 0.483333 0.540625 0.468750 0.534375 0.462500 0.529687 0.458333 0.525000 0.454167 0.514062 0.447917 0.506250 0.439583 0.500000 0.439583
15 0.673438 0.135417 0.662500 0.137500 0.643750 0.145833 0.640625 0.147917 0.637500 0.150000 0.629687 0.156250 0.625000 0.160417 0.612500 0.177083 0.609375 0.185417 0.603125 0.200000 0.601562 0.204167 0.598437 0.214583 0.596875 0.220833 0.596875 0.235417 0.603125 0.243750 0.604688 0.243750 0.612500 0.254167 0.617188 0.262500 0.620313 0.268750 0.621875 0.272917 0.623437 0.279167 0.625000 0.285417 0.626563 0.293750 0.626563 0.329167 0.628125 0.333333 0.631250 0.335417 0.634375 0.337500 0.646875 0.343750 0.651563 0.345833 0.656250 0.347917 0.667188 0.350000 0.670312 0.350000 0.681250 0.345833 0.693750 0.345833 0.698438 0.343750 0.701562 0.341667 0.706250 0.337500 0.710938 0.331250 0.715625 0.327083 0.720313 0.325000 0.725000 0.320833 0.729688 0.316667 0.734375 0.310417 0.735938 0.310417 0.739062 0.306250 0.742188 0.300000 0.748437 0.283333 0.753125 0.262500 0.754687 0.254167 0.756250 0.241667 0.756250 0.235417 0.754687 0.233333 0.754687 0.225000 0.751563 0.210417 0.750000 0.204167 0.748437 0.200000 0.746875 0.195833 0.742188 0.185417 0.739062 0.179167 0.732812 0.168750 0.721875 0.154167 0.717187 0.150000 0.707812 0.143750 0.693750 0.137500 0.682813 0.135417 0.673438 0.135417
19 0.556250 0.231250 0.550000 0.233333 0.545312 0.235417 0.540625 0.237500 0.537500 0.239583 0.532813 0.243750 0.528125 0.247917 0.517188 0.262500 0.514062 0.268750 0.509375 0.281250 0.507812 0.287500 0.506250 0.295833 0.506250 0.325000 0.507812 0.333333 0.509375 0.341667 0.514062 0.360417 0.515625 0.364583 0.517188 0.368750 0.520312 0.375000 0.534375 0.393750 0.537500 0.395833 0.540625 0.397917 0.545312 0.400000 0.551562 0.402083 0.559375 0.402083 0.565625 0.400000 0.571875 0.397917 0.584375 0.389583 0.590625 0.381250 0.601562 0.372917 0.612500 0.358333 0.615625 0.352083 0.621875 0.335417 0.623437 0.329167 0.625000 0.318750 0.625000 0.304167 0.623437 0.291667 0.621875 0.283333 0.620313 0.277083 0.618750 0.272917 0.617188 0.268750 0.614062 0.262500 0.601562 0.245833 0.596875 0.241667 0.587500 0.235417 0.582812 0.233333 0.575000 0.231250 0.556250 0.231250
0 0.296875 0.233333 0.285938 0.235417 0.275000 0.239583 0.260937 0.245833 0.242188 0.256250 0.239063 0.258333 0.231250 0.266667 0.223438 0.270833 0.212500 0.283333 0.207813 0.285417 0.203125 0.289583 0.196875 0.295833 0.184375 0.312500 0.179688 0.320833 0.178125 0.325000 0.176563 0.335417 0.175000 0.339583 0.171875 0.345833 0.167187 0.352083 0.164062 0.358333 0.162500 0.362500 0.160938 0.366667 0.159375 0.385417 0.157812 0.391667 0.156250 0.397917 0.151562 0.408333 0.150000 0.414583 0.146875 0.429167 0.146875 0.445833 0.148438 0.456250 0.153125 0.468750 0.156250 0.472917 0.159375 0.475000 0.164062 0.477083 0.179688 0.477083 0.193750 0.470833 0.207813 0.470833 0.212500 0.468750 0.220312 0.464583 0.225000 0.460417 0.229687 0.454167 0.232813 0.452083 0.237500 0.450000 0.250000 0.447917 0.254688 0.445833 0.257812 0.443750 0.260937 0.441667 0.265625 0.437500 0.296875 0.397917 0.298438 0.395833 0.303125 0.387500 0.306250 0.381250 0.307812 0.377083 0.309375 0.370833 0.309375 0.358333 0.310937 0.350000 0.312500 0.343750 0.323437 0.316667 0.325000 0.310417 0.325000 0.289583 0.326562 0.281250 0.332813 0.258333 0.332813 0.241667 0.329688 0.237500 0.326562 0.235417 0.321875 0.233333 0.296875 0.233333
16 0.321875 0.393750 0.318750 0.397917 0.315625 0.406250 0.306250 0.431250 0.298438 0.450000 0.290625 0.464583 0.281250 0.487500 0.271875 0.510417 0.251563 0.566667 0.242188 0.589583 0.234375 0.604167 0.232813 0.608333 0.232813 0.616667 0.235937 0.620833 0.237500 0.620833 0.242188 0.627083 0.251563 0.635417 0.253125 0.635417 0.254688 0.637500 0.257812 0.643750 0.265625 0.652083 0.275000 0.658333 0.284375 0.670833 0.289062 0.672917 0.306250 0.677083 0.312500 0.677083 0.315625 0.672917 0.321875 0.658333 0.329688 0.635417 0.337500 0.616667 0.343750 0.606250 0.345313 0.597917 0.348438 0.593750 0.350000 0.585417 0.360938 0.562500 0.360938 0.558333 0.362500 0.554167 0.368750 0.543750 0.375000 0.529167 0.379688 0.518750 0.381250 0.514583 0.381250 0.510417 0.384375 0.506250 0.385937 0.502083 0.392188 0.479167 0.401562 0.460417 0.404687 0.454167 0.403125 0.447917 0.395313 0.437500 0.392188 0.435417 0.389062 0.433333 0.378125 0.429167 0.367188 0.422917 0.356250 0.412500 0.339062 0.404167 0.335938 0.402083 0.332813 0.397917 0.329688 0.397917 0.326562 0.393750 0.321875 0.393750
17 0.146875 0.610417 0.146875 0.614583 0.160938 0.631250 0.164062 0.635417 0.164062 0.637500 0.167187 0.641667 0.175000 0.650000 0.173437 0.656250 0.165625 0.658333 0.167187 0.662500 0.171875 0.668750 0.171875 0.675000 0.170313 0.677083 0.168750 0.689583 0.170313 0.704167 0.171875 0.712500 0.168750 0.714583 0.164062 0.716667 0.154688 0.716667 0.146875 0.718750 0.140625 0.720833 0.132812 0.731250 0.131250 0.735417 0.134375 0.741667 0.132812 0.747917 0.129688 0.747917 0.118750 0.756250 0.114062 0.758333 0.106250 0.756250 0.103125 0.756250 0.100000 0.760417 0.095312 0.762500 0.092188 0.758333 0.084375 0.758333 0.076563 0.764583 0.067187 0.766667 0.064062 0.770833 0.064062 0.779167 0.065625 0.787500 0.068750 0.791667 0.076563 0.791667 0.079687 0.795833 0.082812 0.797917 0.087500 0.797917 0.090625 0.795833 0.093750 0.791667 0.096875 0.789583 0.101562 0.789583 0.104688 0.787500 0.106250 0.779167 0.107813 0.775000 0.109375 0.772917 0.112500 0.770833 0.121875 0.768750 0.125000 0.764583 0.132812 0.760417 0.137500 0.760417 0.142187 0.756250 0.146875 0.756250 0.151562 0.754167 0.156250 0.750000 0.160938 0.747917 0.165625 0.747917 0.168750 0.752083 0.167187 0.756250 0.162500 0.762500 0.160938 0.766667 0.160938 0.781250 0.164062 0.789583 0.167187 0.793750 0.170313 0.795833 0.173437 0.797917 0.189062 0.797917 0.192188 0.802083 0.193750 0.806250 0.195312 0.816667 0.195312 0.825000 0.196875 0.833333 0.200000 0.841667 0.201563 0.850000 0.203125 0.858333 0.203125 0.868750 0.204687 0.877083 0.206250 0.887500 0.207813 0.891667 0.210938 0.895833 0.220312 0.895833 0.223438 0.891667 0.223438 0.872917 0.217188 0.837500 0.217188 0.822917 0.215625 0.812500 0.212500 0.802083 0.210938 0.791667 0.218750 0.781250 0.225000 0.777083 0.229687 0.770833 0.231250 0.766667 0.231250 0.743750 0.235937 0.733333 0.235937 0.710417 0.240625 0.706250 0.243750 0.708333 0.246875 0.710417 0.253125 0.718750 0.257812 0.722917 0.262500 0.725000 0.267188 0.731250 0.273438 0.735417 0.276562 0.735417 0.276562 0.727083 0.278125 0.725000 0.278125 0.714583 0.276562 0.710417 0.268750 0.700000 0.264062 0.697917 0.259375 0.691667 0.254688 0.687500 0.253125 0.687500 0.250000 0.679167 0.250000 0.670833 0.248438 0.666667 0.245312 0.660417 0.237500 0.650000 0.225000 0.641667 0.217188 0.641667 0.214062 0.643750 0.210938 0.647917 0.204687 0.647917 0.201563 0.647917 0.196875 0.643750 0.192188 0.643750 0.187500 0.641667 0.184375 0.639583 0.181250 0.637500 0.168750 0.620833 0.162500 0.616667 0.156250 0.608333 0.153125 0.608333 0.146875 0.610417
