6 0.456250 0.129167 0.418750 0.131250 0.389062 0.135417 0.357812 0.135417 0.296875 0.141667 0.215625 0.141667 0.214062 0.143750 0.200000 0.143750 0.198437 0.147917 0.189062 0.147917 0.185938 0.150000 0.184375 0.166667 0.185938 0.181250 0.189062 0.195833 0.190625 0.214583 0.192188 0.235417 0.193750 0.258333 0.193750 0.316667 0.195312 0.322917 0.198437 0.327083 0.250000 0.327083 0.293750 0.322917 0.350000 0.322917 0.368750 0.318750 0.390625 0.320833 0.396875 0.320833 0.448437 0.318750 0.475000 0.316667 0.478125 0.314583 0.479687 0.264583 0.482812 0.247917 0.484375 0.218750 0.484375 0.158333 0.481250 0.154167 0.478125 0.154167 0.475000 0.152083 0.473438 0.150000 0.471875 0.145833 0.471875 0.133333 0.468750 0.129167 0.456250 0.129167
20 0.606250 0.162500 0.596875 0.164583 0.581250 0.170833 0.573438 0.170833 0.565625 0.172917 0.520312 0.185417 0.512500 0.187500 0.507812 0.189583 0.504687 0.191667 0.503125 0.193750 0.501563 0.197917 0.501563 0.218750 0.503125 0.231250 0.504687 0.243750 0.509375 0.277083 0.512500 0.300000 0.517188 0.320833 0.528125 0.408333 0.532813 0.422917 0.534375 0.435417 0.534375 0.447917 0.535937 0.460417 0.537500 0.470833 0.540625 0.489583 0.543750 0.497917 0.543750 0.508333 0.545312 0.516667 0.546875 0.525000 0.548438 0.529167 0.553125 0.529167 0.557813 0.527083 0.570312 0.518750 0.578125 0.516667 0.585938 0.514583 0.595313 0.512500 0.635938 0.512500 0.645312 0.514583 0.653125 0.516667 0.659375 0.518750 0.665625 0.522917 0.670312 0.522917 0.671875 0.525000 0.676562 0.522917 0.676562 0.510417 0.675000 0.497917 0.668750 0.464583 0.667188 0.441667 0.660937 0.412500 0.659375 0.402083 0.657813 0.389583 0.657813 0.372917 0.653125 0.360417 0.651563 0.354167 0.650000 0.341667 0.650000 0.314583 0.648438 0.302083 0.646875 0.289583 0.645312 0.279167 0.642188 0.268750 0.640625 0.245833 0.637500 0.235417 0.635938 0.222917 0.634375 0.200000 0.632812 0.189583 0.631250 0.179167 0.629687 0.170833 0.628125 0.166667 0.625000 0.162500 0.606250 0.162500
27 0.801562 0.033333 0.796875 0.035417 0.789062 0.039583 0.785937 0.041667 0.779687 0.047917 0.776563 0.047917 0.762500 0.066667 0.754687 0.079167 0.751563 0.089583 0.746875 0.095833 0.746875 0.102083 0.745313 0.106250 0.743750 0.110417 0.734375 0.131250 0.726562 0.145833 0.723437 0.150000 0.721875 0.150000 0.718750 0.154167 0.717187 0.160417 0.712500 0.166667 0.709375 0.175000 0.706250 0.181250 0.704688 0.191667 0.704688 0.214583 0.706250 0.222917 0.707812 0.227083 0.712500 0.233333 0.717187 0.235417 0.734375 0.235417 0.743750 0.237500 0.748437 0.239583 0.756250 0.243750 0.759375 0.245833 0.765625 0.252083 0.773438 0.252083 0.779687 0.247917 0.792188 0.239583 0.796875 0.233333 0.804688 0.229167 0.817187 0.218750 0.826562 0.208333 0.840625 0.200000 0.845313 0.195833 0.851562 0.189583 0.860938 0.179167 0.865625 0.172917 0.875000 0.158333 0.876563 0.154167 0.878125 0.147917 0.878125 0.137500 0.881250 0.127083 0.881250 0.097917 0.879687 0.089583 0.876563 0.079167 0.875000 0.075000 0.873437 0.070833 0.870313 0.064583 0.856250 0.045833 0.843750 0.037500 0.839063 0.035417 0.834375 0.033333 0.801562 0.033333
0 0.270313 0.766667 0.265625 0.775000 0.262500 0.781250 0.260937 0.789583 0.254688 0.800000 0.253125 0.804167 0.253125 0.818750 0.256250 0.825000 0.259375 0.831250 0.264062 0.837500 0.273438 0.837500 0.279687 0.833333 0.293750 0.822917 0.310937 0.814583 0.314063 0.812500 0.318750 0.808333 0.325000 0.800000 0.328125 0.793750 0.331250 0.781250 0.328125 0.781250 0.321875 0.785417 0.318750 0.787500 0.309375 0.795833 0.304688 0.797917 0.293750 0.797917 0.289062 0.795833 0.284375 0.793750 0.281250 0.791667 0.276562 0.785417 0.275000 0.779167 0.275000 0.764583 0.270313 0.766667
0 0.273438 0.647917 0.265625 0.650000 0.260937 0.652083 0.257812 0.654167 0.254688 0.656250 0.253125 0.658333 0.253125 0.660417 0.250000 0.664583 0.248438 0.670833 0.246875 0.683333 0.242188 0.725000 0.242188 0.756250 0.243750 0.762500 0.246875 0.766667 0.256250 0.766667 0.259375 0.764583 0.264062 0.758333 0.275000 0.752083 0.276562 0.739583 0.279687 0.733333 0.285938 0.720833 0.295312 0.708333 0.300000 0.700000 0.300000 0.660417 0.296875 0.656250 0.296875 0.654167 0.295312 0.652083 0.292187 0.650000 0.287500 0.647917 0.273438 0.647917
0 0.840625 0.229167 0.832812 0.231250 0.826562 0.233333 0.821875 0.235417 0.803125 0.247917 0.796875 0.254167 0.790625 0.260417 0.785937 0.266667 0.782813 0.272917 0.782813 0.279167 0.789062 0.295833 0.790625 0.302083 0.792188 0.308333 0.793750 0.316667 0.793750 0.343750 0.790625 0.358333 0.784375 0.372917 0.782813 0.379167 0.782813 0.387500 0.784375 0.391667 0.785937 0.395833 0.789062 0.402083 0.801562 0.418750 0.809375 0.425000 0.817187 0.429167 0.821875 0.431250 0.831250 0.433333 0.848437 0.433333 0.851562 0.437500 0.853125 0.443750 0.857812 0.447917 0.864062 0.454167 0.871875 0.460417 0.881250 0.458333 0.882812 0.454167 0.882812 0.433333 0.879687 0.429167 0.889062 0.416667 0.896875 0.410417 0.901563 0.404167 0.901563 0.402083 0.907813 0.393750 0.910937 0.385417 0.917188 0.368750 0.918750 0.360417 0.918750 0.350000 0.920312 0.347917 0.920312 0.339583 0.918750 0.325000 0.917188 0.320833 0.915625 0.316667 0.912500 0.310417 0.914062 0.285417 0.912500 0.277083 0.907813 0.264583 0.903125 0.256250 0.895312 0.245833 0.890625 0.241667 0.882812 0.235417 0.878125 0.233333 0.871875 0.231250 0.865625 0.229167 0.840625 0.229167
0 0.670312 0.600000 0.662500 0.604167 0.653125 0.610417 0.646875 0.618750 0.628125 0.635417 0.610938 0.650000 0.600000 0.656250 0.595313 0.662500 0.587500 0.668750 0.581250 0.672917 0.571875 0.679167 0.568750 0.679167 0.550000 0.691667 0.537500 0.704167 0.529687 0.708333 0.526563 0.710417 0.525000 0.722917 0.526563 0.731250 0.529687 0.735417 0.540625 0.768750 0.553125 0.793750 0.557813 0.804167 0.559375 0.808333 0.559375 0.812500 0.560937 0.816667 0.565625 0.825000 0.567187 0.829167 0.568750 0.837500 0.570312 0.841667 0.573438 0.845833 0.575000 0.850000 0.576562 0.860417 0.582812 0.870833 0.584375 0.875000 0.585938 0.883333 0.590625 0.889583 0.596875 0.889583 0.603125 0.883333 0.607812 0.883333 0.615625 0.879167 0.618750 0.877083 0.621875 0.875000 0.642188 0.854167 0.646875 0.850000 0.657813 0.843750 0.665625 0.835417 0.673438 0.831250 0.681250 0.825000 0.685937 0.820833 0.690625 0.814583 0.695312 0.810417 0.703125 0.806250 0.710938 0.800000 0.720313 0.789583 0.725000 0.785417 0.729688 0.783333 0.734375 0.779167 0.739062 0.775000 0.745313 0.768750 0.748437 0.762500 0.748437 0.754167 0.746875 0.747917 0.745313 0.741667 0.743750 0.737500 0.739062 0.731250 0.732812 0.712500 0.726562 0.700000 0.710938 0.670833 0.706250 0.656250 0.700000 0.645833 0.685937 0.608333 0.681250 0.600000 0.678125 0.597917 0.670312 0.600000
9 0.184375 0.385417 0.173437 0.387500 0.167187 0.389583 0.159375 0.393750 0.153125 0.397917 0.146875 0.404167 0.143750 0.404167 0.139063 0.408333 0.132812 0.418750 0.128125 0.427083 0.125000 0.433333 0.123438 0.437500 0.121875 0.441667 0.120313 0.447917 0.118750 0.456250 0.118750 0.489583 0.120313 0.502083 0.121875 0.508333 0.125000 0.514583 0.132812 0.529167 0.139063 0.537500 0.140625 0.541667 0.140625 0.550000 0.142187 0.554167 0.143750 0.556250 0.145313 0.556250 0.148438 0.560417 0.162500 0.568750 0.175000 0.572917 0.178125 0.575000 0.184375 0.583333 0.196875 0.583333 0.201563 0.581250 0.204687 0.579167 0.207813 0.575000 0.209375 0.570833 0.209375 0.564583 0.212500 0.560417 0.215625 0.558333 0.235937 0.558333 0.248438 0.556250 0.254688 0.554167 0.262500 0.550000 0.265625 0.547917 0.270313 0.541667 0.275000 0.537500 0.278125 0.537500 0.281250 0.533333 0.287500 0.522917 0.290625 0.514583 0.295312 0.502083 0.296875 0.493750 0.296875 0.470833 0.295312 0.460417 0.290625 0.447917 0.287500 0.441667 0.284375 0.435417 0.275000 0.422917 0.267188 0.414583 0.260937 0.410417 0.251563 0.404167 0.245312 0.404167 0.226562 0.393750 0.217188 0.391667 0.207813 0.391667 0.201563 0.387500 0.184375 0.385417
13 0.706250 0.239583 0.701562 0.241667 0.696875 0.243750 0.693750 0.245833 0.682813 0.254167 0.676562 0.260417 0.668750 0.270833 0.664062 0.279167 0.660937 0.285417 0.654687 0.304167 0.653125 0.312500 0.653125 0.343750 0.654687 0.352083 0.656250 0.358333 0.657813 0.364583 0.664062 0.381250 0.670312 0.391667 0.675000 0.397917 0.681250 0.404167 0.685937 0.408333 0.693750 0.414583 0.696875 0.416667 0.701562 0.418750 0.706250 0.420833 0.715625 0.422917 0.728125 0.422917 0.737500 0.420833 0.742188 0.418750 0.750000 0.414583 0.762500 0.406250 0.770312 0.400000 0.776563 0.389583 0.779687 0.381250 0.785937 0.364583 0.787500 0.358333 0.789062 0.352083 0.790625 0.343750 0.790625 0.318750 0.789062 0.308333 0.787500 0.302083 0.782813 0.285417 0.781250 0.281250 0.779687 0.277083 0.775000 0.268750 0.767188 0.258333 0.762500 0.254167 0.757812 0.250000 0.748437 0.243750 0.742188 0.241667 0.735938 0.239583 0.706250 0.239583
0 0.370312 0.654167 0.367188 0.656250 0.359375 0.664583 0.356250 0.668750 0.354687 0.672917 0.354687 0.683333 0.356250 0.689583 0.357812 0.693750 0.360938 0.700000 0.367188 0.708333 0.371875 0.712500 0.389062 0.722917 0.403125 0.733333 0.410938 0.741667 0.414062 0.743750 0.417187 0.743750 0.421875 0.743750 0.425000 0.743750 0.428125 0.741667 0.437500 0.729167 0.439063 0.725000 0.443750 0.708333 0.445312 0.697917 0.445312 0.685417 0.443750 0.677083 0.440625 0.668750 0.439063 0.664583 0.432812 0.660417 0.423438 0.656250 0.417187 0.654167 0.370312 0.654167
0 0.356250 0.750000 0.353125 0.754167 0.353125 0.758333 0.350000 0.762500 0.350000 0.764583 0.348438 0.766667 0.345313 0.768750 0.340625 0.770833 0.334375 0.777083 0.332813 0.781250 0.331250 0.785417 0.331250 0.789583 0.326562 0.797917 0.325000 0.808333 0.326562 0.818750 0.328125 0.829167 0.329688 0.839583 0.331250 0.845833 0.334375 0.852083 0.337500 0.858333 0.340625 0.864583 0.343750 0.866667 0.348438 0.866667 0.351562 0.864583 0.373437 0.835417 0.378125 0.822917 0.379688 0.814583 0.381250 0.804167 0.381250 0.779167 0.378125 0.777083 0.371875 0.772917 0.367188 0.766667 0.356250 0.750000
0 0.317188 0.587500 0.312500 0.589583 0.307812 0.591667 0.301563 0.595833 0.300000 0.602083 0.296875 0.608333 0.295312 0.614583 0.295312 0.620833 0.296875 0.625000 0.298438 0.629167 0.304688 0.643750 0.309375 0.654167 0.314063 0.660417 0.315625 0.666667 0.318750 0.672917 0.326562 0.685417 0.328125 0.687500 0.331250 0.689583 0.342187 0.691667 0.346875 0.689583 0.348438 0.679167 0.351562 0.672917 0.367188 0.652083 0.346875 0.652083 0.343750 0.650000 0.331250 0.633333 0.331250 0.620833 0.334375 0.610417 0.337500 0.606250 0.339062 0.602083 0.339062 0.597917 0.334375 0.591667 0.329688 0.587500 0.326562 0.587500 0.317188 0.587500
0 0.315625 0.689583 0.310937 0.691667 0.306250 0.695833 0.287500 0.720833 0.285938 0.727083 0.281250 0.733333 0.279687 0.737500 0.278125 0.741667 0.276562 0.747917 0.276562 0.777083 0.278125 0.785417 0.282813 0.791667 0.289062 0.793750 0.293750 0.795833 0.304688 0.795833 0.312500 0.791667 0.315625 0.789583 0.326562 0.781250 0.334375 0.772917 0.345313 0.766667 0.350000 0.760417 0.351562 0.756250 0.353125 0.750000 0.354687 0.743750 0.354687 0.718750 0.353125 0.712500 0.350000 0.704167 0.348438 0.700000 0.346875 0.697917 0.343750 0.695833 0.337500 0.691667 0.326562 0.691667 0.325000 0.689583 0.315625 0.689583
3 0.767188 0.406250 0.759375 0.410417 0.754687 0.416667 0.750000 0.416667 0.742188 0.422917 0.737500 0.422917 0.737500 0.431250 0.739062 0.441667 0.742188 0.460417 0.746875 0.483333 0.753125 0.497917 0.754687 0.504167 0.754687 0.510417 0.759375 0.527083 0.760938 0.531250 0.762500 0.535417 0.765625 0.541667 0.775000 0.554167 0.785937 0.562500 0.793750 0.572917 0.796875 0.579167 0.798438 0.583333 0.801562 0.593750 0.809375 0.620833 0.809375 0.627083 0.814063 0.639583 0.817187 0.652083 0.825000 0.691667 0.832812 0.714583 0.840625 0.743750 0.840625 0.750000 0.851562 0.785417 0.856250 0.800000 0.864062 0.822917 0.873437 0.847917 0.882812 0.870833 0.887500 0.881250 0.890625 0.885417 0.890625 0.887500 0.895312 0.889583 0.903125 0.885417 0.906250 0.883333 0.907813 0.877083 0.906250 0.870833 0.904687 0.864583 0.900000 0.852083 0.900000 0.845833 0.895312 0.829167 0.892188 0.818750 0.889062 0.814583 0.887500 0.808333 0.885938 0.797917 0.876563 0.766667 0.871875 0.758333 0.870313 0.754167 0.865625 0.739583 0.860938 0.720833 0.850000 0.693750 0.845313 0.675000 0.840625 0.666667 0.826562 0.627083 0.818750 0.600000 0.814063 0.591667 0.806250 0.568750 0.804688 0.552083 0.806250 0.529167 0.804688 0.522917 0.803125 0.516667 0.800000 0.506250 0.796875 0.495833 0.793750 0.491667 0.790625 0.481250 0.787500 0.470833 0.782813 0.454167 0.778125 0.437500 0.778125 0.431250 0.773438 0.418750 0.773438 0.414583 0.770312 0.406250 0.767188 0.406250
0 0.390625 0.568750 0.381250 0.570833 0.376563 0.572917 0.371875 0.575000 0.368750 0.577083 0.360938 0.583333 0.348438 0.593750 0.343750 0.597917 0.337500 0.606250 0.332813 0.620833 0.332813 0.631250 0.335938 0.637500 0.343750 0.647917 0.346875 0.650000 0.371875 0.650000 0.379688 0.647917 0.387500 0.643750 0.403125 0.643750 0.407813 0.641667 0.415625 0.631250 0.420312 0.618750 0.420312 0.591667 0.418750 0.583333 0.417187 0.579167 0.415625 0.575000 0.414062 0.572917 0.412500 0.572917 0.409375 0.568750 0.390625 0.568750
0 0.350000 0.687500 0.350000 0.695833 0.356250 0.716667 0.357812 0.729167 0.357812 0.747917 0.359375 0.752083 0.371875 0.770833 0.375000 0.772917 0.378125 0.775000 0.396875 0.775000 0.406250 0.772917 0.414062 0.770833 0.417187 0.768750 0.420312 0.764583 0.421875 0.764583 0.423438 0.756250 0.420312 0.747917 0.417187 0.745833 0.410938 0.743750 0.407813 0.741667 0.400000 0.733333 0.376563 0.716667 0.373437 0.716667 0.368750 0.712500 0.356250 0.695833 0.354687 0.689583 0.350000 0.687500
