0 0.781250 0.637500 0.778125 0.639583 0.770312 0.647917 0.760938 0.664583 0.743750 0.687500 0.735938 0.693750 0.718750 0.716667 0.712500 0.720833 0.700000 0.735417 0.685937 0.754167 0.671875 0.770833 0.667188 0.772917 0.657813 0.783333 0.650000 0.795833 0.645312 0.804167 0.645312 0.810417 0.648438 0.814583 0.650000 0.820833 0.653125 0.822917 0.662500 0.822917 0.670312 0.820833 0.676562 0.818750 0.682813 0.816667 0.687500 0.814583 0.692187 0.812500 0.700000 0.806250 0.706250 0.804167 0.712500 0.802083 0.721875 0.802083 0.729688 0.800000 0.737500 0.795833 0.754687 0.793750 0.759375 0.791667 0.764062 0.787500 0.768750 0.785417 0.779687 0.783333 0.796875 0.781250 0.806250 0.779167 0.812500 0.777083 0.818750 0.772917 0.826562 0.772917 0.828125 0.770833 0.834375 0.770833 0.834375 0.760417 0.829688 0.750000 0.825000 0.729167 0.821875 0.718750 0.817187 0.706250 0.809375 0.685417 0.803125 0.670833 0.798438 0.660417 0.793750 0.654167 0.790625 0.647917 0.790625 0.643750 0.789062 0.639583 0.781250 0.637500
6 0.226562 0.152083 0.235937 0.154167 0.245312 0.156250 0.262500 0.160417 0.270313 0.162500 0.278125 0.164583 0.292187 0.170833 0.329688 0.181250 0.346875 0.183333 0.364063 0.189583 0.381250 0.191667 0.389062 0.193750 0.396875 0.197917 0.404687 0.200000 0.421875 0.202083 0.443750 0.210417 0.451562 0.212500 0.459375 0.214583 0.468750 0.214583 0.471875 0.216667 0.473438 0.245833 0.470313 0.266667 0.468750 0.287500 0.468750 0.310417 0.465625 0.318750 0.456250 0.316667 0.429688 0.304167 0.403125 0.287500 0.395313 0.285417 0.375000 0.270833 0.364063 0.266667 0.353125 0.260417 0.340625 0.252083 0.334375 0.247917 0.331250 0.243750 0.328125 0.235417 0.325000 0.220833 0.321875 0.214583 0.312500 0.202083 0.307812 0.197917 0.298438 0.191667 0.293750 0.189583 0.287500 0.187500 0.268750 0.187500 0.264062 0.189583 0.259375 0.191667 0.250000 0.204167 0.248438 0.210417 0.248438 0.222917 0.250000 0.229167 0.251563 0.233333 0.254688 0.239583 0.262500 0.252083 0.264062 0.254167 0.265625 0.254167 0.270313 0.258333 0.275000 0.264583 0.278125 0.266667 0.285938 0.270833 0.292187 0.272917 0.309375 0.272917 0.321875 0.264583 0.331250 0.264583 0.339062 0.268750 0.350000 0.275000 0.396875 0.306250 0.414062 0.318750 0.443750 0.341667 0.451562 0.350000 0.454688 0.352083 0.457813 0.354167 0.470313 0.354167 0.473438 0.352083 0.476562 0.343750 0.476562 0.331250 0.468750 0.320833 0.465625 0.318750 0.468750 0.310417 0.479687 0.312500 0.490625 0.316667 0.514062 0.318750 0.521875 0.320833 0.525000 0.322917 0.525000 0.333333 0.521875 0.356250 0.517188 0.377083 0.512500 0.422917 0.510938 0.433333 0.507812 0.441667 0.504687 0.443750 0.495312 0.441667 0.484375 0.439583 0.467187 0.433333 0.457813 0.433333 0.451562 0.431250 0.448437 0.429167 0.439063 0.418750 0.431250 0.408333 0.425000 0.402083 0.420312 0.397917 0.415625 0.395833 0.410938 0.389583 0.403125 0.383333 0.390625 0.375000 0.382812 0.370833 0.375000 0.366667 0.370312 0.364583 0.359375 0.360417 0.348438 0.356250 0.339062 0.354167 0.328125 0.352083 0.285938 0.352083 0.273438 0.354167 0.264062 0.356250 0.242188 0.364583 0.237500 0.366667 0.232813 0.368750 0.221875 0.377083 0.212500 0.377083 0.187500 0.370833 0.182812 0.368750 0.178125 0.366667 0.176563 0.362500 0.176563 0.347917 0.178125 0.333333 0.182812 0.308333 0.189062 0.285417 0.190625 0.275000 0.196875 0.227083 0.198437 0.214583 0.200000 0.185417 0.201563 0.175000 0.203125 0.166667 0.204687 0.162500 0.206250 0.158333 0.210938 0.154167 0.215625 0.152083 0.226562 0.152083
0 0.179688 0.470833 0.176563 0.472917 0.167187 0.485417 0.167187 0.502083 0.168750 0.541667 0.167187 0.547917 0.165625 0.552083 0.162500 0.556250 0.159375 0.558333 0.150000 0.558333 0.146875 0.562500 0.145313 0.562500 0.143750 0.575000 0.145313 0.579167 0.151562 0.587500 0.154688 0.587500 0.159375 0.593750 0.162500 0.595833 0.167187 0.597917 0.173437 0.600000 0.179688 0.600000 0.184375 0.595833 0.200000 0.595833 0.206250 0.593750 0.214062 0.589583 0.217188 0.587500 0.220312 0.585417 0.225000 0.579167 0.226562 0.579167 0.229687 0.575000 0.229687 0.572917 0.239063 0.558333 0.243750 0.550000 0.245312 0.545833 0.246875 0.541667 0.248438 0.535417 0.248438 0.527083 0.245312 0.518750 0.242188 0.516667 0.231250 0.510417 0.228125 0.512500 0.226562 0.514583 0.226562 0.516667 0.223438 0.520833 0.217188 0.520833 0.210938 0.514583 0.198437 0.497917 0.193750 0.489583 0.187500 0.472917 0.184375 0.470833 0.179688 0.470833
0 0.257812 0.397917 0.253125 0.404167 0.250000 0.414583 0.234375 0.435417 0.229687 0.435417 0.226562 0.433333 0.221875 0.427083 0.221875 0.425000 0.218750 0.420833 0.215625 0.418750 0.209375 0.418750 0.206250 0.420833 0.203125 0.431250 0.198437 0.437500 0.196875 0.443750 0.196875 0.450000 0.200000 0.456250 0.200000 0.468750 0.201563 0.472917 0.206250 0.481250 0.207813 0.483333 0.221875 0.502083 0.225000 0.504167 0.229687 0.506250 0.234375 0.508333 0.243750 0.508333 0.246875 0.504167 0.262500 0.504167 0.265625 0.502083 0.282813 0.481250 0.285938 0.475000 0.285938 0.466667 0.287500 0.464583 0.287500 0.458333 0.284375 0.450000 0.281250 0.445833 0.278125 0.443750 0.275000 0.441667 0.270313 0.441667 0.267188 0.437500 0.267188 0.433333 0.270313 0.427083 0.270313 0.418750 0.268750 0.404167 0.267188 0.400000 0.257812 0.397917
0 0.285938 0.504167 0.282813 0.508333 0.282813 0.510417 0.278125 0.518750 0.271875 0.527083 0.268750 0.529167 0.260937 0.527083 0.257812 0.527083 0.254688 0.529167 0.253125 0.531250 0.251563 0.535417 0.251563 0.552083 0.253125 0.556250 0.256250 0.560417 0.265625 0.570833 0.270313 0.575000 0.273438 0.577083 0.292187 0.577083 0.298438 0.572917 0.298438 0.568750 0.295312 0.562500 0.290625 0.556250 0.289062 0.550000 0.289062 0.537500 0.285938 0.531250 0.285938 0.504167
0 0.323437 0.445833 0.318750 0.447917 0.315625 0.450000 0.312500 0.454167 0.312500 0.460417 0.310937 0.464583 0.306250 0.472917 0.290625 0.493750 0.289062 0.497917 0.287500 0.502083 0.287500 0.529167 0.290625 0.535417 0.290625 0.550000 0.295312 0.562500 0.301563 0.570833 0.306250 0.570833 0.309375 0.572917 0.314063 0.579167 0.328125 0.579167 0.332813 0.575000 0.340625 0.564583 0.343750 0.556250 0.343750 0.552083 0.339062 0.545833 0.337500 0.541667 0.337500 0.537500 0.342187 0.531250 0.345313 0.529167 0.362500 0.522917 0.365625 0.518750 0.368750 0.512500 0.370312 0.508333 0.370312 0.500000 0.368750 0.495833 0.367188 0.493750 0.364063 0.491667 0.356250 0.489583 0.350000 0.481250 0.348438 0.468750 0.348438 0.456250 0.345313 0.452083 0.342187 0.450000 0.339062 0.447917 0.331250 0.445833 0.323437 0.445833
0 0.360938 0.445833 0.357812 0.447917 0.351562 0.456250 0.351562 0.468750 0.354687 0.483333 0.357812 0.487500 0.360938 0.489583 0.364063 0.489583 0.367188 0.491667 0.370312 0.495833 0.371875 0.500000 0.371875 0.506250 0.370312 0.512500 0.367188 0.516667 0.365625 0.520833 0.365625 0.525000 0.368750 0.527083 0.379688 0.522917 0.379688 0.520833 0.381250 0.518750 0.385937 0.516667 0.387500 0.514583 0.390625 0.510417 0.392188 0.508333 0.398438 0.497917 0.403125 0.489583 0.404687 0.485417 0.404687 0.479167 0.396875 0.468750 0.393750 0.466667 0.387500 0.466667 0.384375 0.464583 0.381250 0.462500 0.371875 0.452083 0.365625 0.447917 0.360938 0.445833
0 0.384375 0.520833 0.381250 0.522917 0.378125 0.529167 0.375000 0.535417 0.373437 0.539583 0.371875 0.545833 0.370312 0.552083 0.370312 0.570833 0.371875 0.579167 0.373437 0.589583 0.376563 0.593750 0.378125 0.600000 0.382812 0.606250 0.389062 0.610417 0.395313 0.610417 0.398438 0.608333 0.400000 0.597917 0.407813 0.587500 0.409375 0.583333 0.409375 0.579167 0.407813 0.577083 0.407813 0.570833 0.406250 0.564583 0.401562 0.558333 0.400000 0.554167 0.400000 0.543750 0.395313 0.531250 0.387500 0.520833 0.384375 0.520833
0 0.231250 0.691667 0.228125 0.693750 0.220312 0.704167 0.217188 0.710417 0.215625 0.716667 0.215625 0.727083 0.217188 0.733333 0.221875 0.743750 0.221875 0.752083 0.217188 0.758333 0.215625 0.758333 0.210938 0.764583 0.207813 0.775000 0.206250 0.781250 0.206250 0.787500 0.204687 0.789583 0.204687 0.793750 0.206250 0.797917 0.215625 0.800000 0.232813 0.787500 0.240625 0.785417 0.243750 0.785417 0.246875 0.789583 0.248438 0.795833 0.250000 0.806250 0.253125 0.814583 0.256250 0.814583 0.257812 0.816667 0.264062 0.816667 0.268750 0.814583 0.271875 0.812500 0.276562 0.806250 0.278125 0.800000 0.285938 0.789583 0.289062 0.783333 0.290625 0.779167 0.292187 0.772917 0.292187 0.768750 0.290625 0.764583 0.287500 0.760417 0.287500 0.754167 0.289062 0.729167 0.285938 0.725000 0.285938 0.720833 0.284375 0.716667 0.279687 0.708333 0.273438 0.704167 0.268750 0.700000 0.259375 0.693750 0.246875 0.691667 0.231250 0.691667
0 0.354687 0.537500 0.346875 0.541667 0.346875 0.556250 0.345313 0.560417 0.343750 0.564583 0.332813 0.579167 0.328125 0.583333 0.315625 0.583333 0.310937 0.581250 0.306250 0.575000 0.301563 0.575000 0.296875 0.579167 0.290625 0.579167 0.284375 0.581250 0.278125 0.589583 0.276562 0.595833 0.282813 0.604167 0.289062 0.618750 0.290625 0.622917 0.292187 0.637500 0.292187 0.643750 0.290625 0.647917 0.287500 0.654167 0.282813 0.660417 0.278125 0.662500 0.271875 0.662500 0.270313 0.664583 0.267188 0.664583 0.267188 0.675000 0.270313 0.679167 0.270313 0.683333 0.273438 0.687500 0.273438 0.691667 0.281250 0.702083 0.282813 0.708333 0.300000 0.731250 0.306250 0.737500 0.315625 0.743750 0.321875 0.743750 0.332813 0.750000 0.340625 0.752083 0.356250 0.752083 0.364063 0.750000 0.368750 0.747917 0.379688 0.741667 0.382812 0.739583 0.385937 0.737500 0.395313 0.729167 0.400000 0.725000 0.403125 0.720833 0.403125 0.718750 0.407813 0.712500 0.409375 0.708333 0.412500 0.693750 0.418750 0.679167 0.418750 0.670833 0.421875 0.664583 0.423438 0.656250 0.425000 0.631250 0.423438 0.616667 0.417187 0.597917 0.412500 0.591667 0.407813 0.591667 0.404687 0.595833 0.404687 0.600000 0.396875 0.610417 0.384375 0.610417 0.376563 0.600000 0.371875 0.589583 0.370312 0.585417 0.368750 0.570833 0.368750 0.550000 0.371875 0.543750 0.371875 0.539583 0.360938 0.537500 0.354687 0.537500
0 0.815625 0.175000 0.810937 0.181250 0.809375 0.185417 0.807813 0.189583 0.804688 0.202083 0.800000 0.214583 0.793750 0.227083 0.787500 0.235417 0.785937 0.237500 0.776563 0.247917 0.776563 0.250000 0.773438 0.254167 0.767188 0.256250 0.757812 0.264583 0.750000 0.266667 0.746875 0.268750 0.745313 0.293750 0.746875 0.302083 0.748437 0.306250 0.751563 0.312500 0.762500 0.333333 0.768750 0.343750 0.775000 0.350000 0.778125 0.350000 0.789062 0.360417 0.795312 0.362500 0.809375 0.368750 0.818750 0.368750 0.829688 0.366667 0.837500 0.364583 0.843750 0.362500 0.848437 0.360417 0.851562 0.358333 0.854688 0.356250 0.868750 0.345833 0.876563 0.339583 0.892188 0.318750 0.895312 0.312500 0.896875 0.308333 0.898438 0.302083 0.900000 0.295833 0.901563 0.283333 0.901563 0.243750 0.900000 0.231250 0.898438 0.225000 0.896875 0.220833 0.895312 0.216667 0.885938 0.200000 0.876563 0.187500 0.871875 0.183333 0.864062 0.177083 0.857812 0.175000 0.815625 0.175000
0 0.226562 0.583333 0.223438 0.587500 0.207813 0.595833 0.193750 0.606250 0.189062 0.612500 0.185938 0.618750 0.184375 0.625000 0.184375 0.635417 0.187500 0.643750 0.189062 0.643750 0.192188 0.647917 0.212500 0.645833 0.215625 0.647917 0.218750 0.652083 0.220312 0.658333 0.223438 0.679167 0.226562 0.687500 0.226562 0.691667 0.229687 0.691667 0.253125 0.687500 0.254688 0.681250 0.256250 0.675000 0.257812 0.660417 0.262500 0.658333 0.273438 0.656250 0.282813 0.656250 0.285938 0.652083 0.287500 0.647917 0.289062 0.643750 0.289062 0.629167 0.287500 0.622917 0.284375 0.614583 0.282813 0.610417 0.281250 0.608333 0.278125 0.606250 0.273438 0.604167 0.264062 0.591667 0.259375 0.587500 0.256250 0.585417 0.243750 0.583333 0.226562 0.583333
1 0.496875 0.704167 0.493750 0.706250 0.492188 0.712500 0.489063 0.720833 0.485938 0.733333 0.481250 0.745833 0.473438 0.766667 0.465625 0.781250 0.448437 0.810417 0.445312 0.816667 0.445312 0.820833 0.439063 0.835417 0.434375 0.841667 0.432812 0.845833 0.434375 0.856250 0.437500 0.858333 0.442188 0.860417 0.446875 0.862500 0.454688 0.864583 0.462500 0.866667 0.482812 0.866667 0.489063 0.862500 0.493750 0.860417 0.496875 0.862500 0.501563 0.868750 0.504687 0.868750 0.504687 0.864583 0.506250 0.862500 0.507812 0.854167 0.507812 0.839583 0.509375 0.827083 0.512500 0.814583 0.515625 0.800000 0.517188 0.793750 0.520312 0.787500 0.521875 0.781250 0.523438 0.775000 0.523438 0.762500 0.521875 0.758333 0.520312 0.754167 0.512500 0.735417 0.503125 0.714583 0.500000 0.708333 0.496875 0.704167
1 0.507812 0.522917 0.506250 0.527083 0.506250 0.537500 0.507812 0.562500 0.504687 0.579167 0.507812 0.627083 0.504687 0.639583 0.503125 0.658333 0.503125 0.668750 0.506250 0.675000 0.509375 0.681250 0.517188 0.695833 0.532813 0.716667 0.535937 0.716667 0.537500 0.710417 0.542188 0.695833 0.543750 0.681250 0.551562 0.654167 0.553125 0.645833 0.554688 0.627083 0.557813 0.610417 0.559375 0.602083 0.562500 0.595833 0.562500 0.589583 0.565625 0.579167 0.567187 0.577083 0.570312 0.572917 0.575000 0.568750 0.578125 0.568750 0.582812 0.564583 0.585938 0.560417 0.585938 0.554167 0.582812 0.552083 0.579688 0.550000 0.565625 0.545833 0.551562 0.537500 0.546875 0.535417 0.526563 0.529167 0.521875 0.525000 0.515625 0.522917 0.507812 0.522917
13 0.723437 0.037500 0.721875 0.039583 0.712500 0.039583 0.706250 0.041667 0.700000 0.043750 0.695312 0.045833 0.682813 0.054167 0.678125 0.058333 0.670312 0.066667 0.659375 0.081250 0.654687 0.089583 0.651563 0.097917 0.646875 0.110417 0.643750 0.120833 0.642188 0.127083 0.640625 0.135417 0.639062 0.147917 0.639062 0.177083 0.640625 0.206250 0.642188 0.216667 0.645312 0.220833 0.645312 0.225000 0.646875 0.229167 0.653125 0.237500 0.657813 0.250000 0.660937 0.254167 0.665625 0.258333 0.678125 0.266667 0.682813 0.268750 0.687500 0.270833 0.693750 0.272917 0.700000 0.275000 0.723437 0.275000 0.735938 0.270833 0.742188 0.268750 0.750000 0.264583 0.764062 0.256250 0.771875 0.250000 0.792188 0.222917 0.796875 0.214583 0.800000 0.206250 0.806250 0.189583 0.809375 0.179167 0.810937 0.172917 0.812500 0.162500 0.812500 0.137500 0.810937 0.129167 0.809375 0.120833 0.807813 0.114583 0.806250 0.108333 0.801562 0.095833 0.796875 0.085417 0.793750 0.079167 0.784375 0.066667 0.776563 0.058333 0.771875 0.054167 0.759375 0.045833 0.754687 0.043750 0.750000 0.041667 0.743750 0.039583 0.731250 0.037500 0.723437 0.037500
11 0.600000 0.287500 0.593750 0.289583 0.589063 0.291667 0.585938 0.295833 0.579688 0.297917 0.576562 0.300000 0.570312 0.306250 0.562500 0.314583 0.551562 0.329167 0.546875 0.339583 0.545312 0.343750 0.542188 0.354167 0.540625 0.362500 0.539062 0.370833 0.537500 0.389583 0.535937 0.414583 0.535937 0.429167 0.537500 0.439583 0.539062 0.443750 0.540625 0.447917 0.546875 0.458333 0.551562 0.466667 0.559375 0.475000 0.570312 0.483333 0.578125 0.487500 0.584375 0.489583 0.596875 0.489583 0.623437 0.487500 0.631250 0.485417 0.635938 0.483333 0.643750 0.479167 0.646875 0.477083 0.650000 0.475000 0.657813 0.468750 0.665625 0.460417 0.675000 0.447917 0.679688 0.439583 0.684375 0.427083 0.687500 0.416667 0.689063 0.404167 0.689063 0.366667 0.687500 0.360417 0.685937 0.354167 0.679688 0.335417 0.678125 0.331250 0.675000 0.325000 0.660937 0.306250 0.656250 0.302083 0.653125 0.300000 0.646875 0.297917 0.640625 0.291667 0.637500 0.289583 0.626563 0.287500 0.600000 0.287500
17 0.743750 0.308333 0.750000 0.312500 0.754687 0.320833 0.756250 0.327083 0.760938 0.335417 0.762500 0.337500 0.764062 0.337500 0.765625 0.339583 0.767188 0.343750 0.767188 0.350000 0.773438 0.352083 0.781250 0.360417 0.784375 0.362500 0.787500 0.364583 0.796875 0.366667 0.800000 0.370833 0.798438 0.379167 0.795312 0.381250 0.790625 0.379167 0.784375 0.375000 0.781250 0.375000 0.778125 0.377083 0.775000 0.381250 0.779687 0.387500 0.784375 0.389583 0.787500 0.393750 0.789062 0.393750 0.784375 0.400000 0.779687 0.395833 0.767188 0.393750 0.756250 0.400000 0.743750 0.402083 0.740625 0.406250 0.739062 0.410417 0.740625 0.416667 0.743750 0.420833 0.746875 0.431250 0.771875 0.464583 0.781250 0.475000 0.790625 0.485417 0.801562 0.491667 0.804688 0.495833 0.806250 0.495833 0.807813 0.504167 0.804688 0.508333 0.803125 0.512500 0.804688 0.522917 0.796875 0.522917 0.795312 0.527083 0.789062 0.529167 0.781250 0.525000 0.778125 0.520833 0.770312 0.518750 0.767188 0.516667 0.765625 0.512500 0.764062 0.495833 0.760938 0.493750 0.757812 0.491667 0.750000 0.493750 0.745313 0.489583 0.740625 0.483333 0.740625 0.479167 0.737500 0.475000 0.732812 0.470833 0.728125 0.466667 0.723437 0.464583 0.718750 0.460417 0.709375 0.450000 0.715625 0.447917 0.718750 0.450000 0.721875 0.452083 0.726562 0.454167 0.729688 0.450000 0.728125 0.445833 0.728125 0.441667 0.726562 0.437500 0.723437 0.433333 0.717187 0.439583 0.714063 0.443750 0.715625 0.447917 0.709375 0.450000 0.704688 0.445833 0.696875 0.439583 0.689063 0.437500 0.685937 0.433333 0.685937 0.427083 0.690625 0.412500 0.692187 0.404167 0.693750 0.395833 0.693750 0.389583 0.692187 0.370833 0.685937 0.356250 0.685937 0.345833 0.692187 0.343750 0.693750 0.350000 0.700000 0.358333 0.706250 0.356250 0.712500 0.352083 0.717187 0.352083 0.718750 0.337500 0.720313 0.331250 0.721875 0.325000 0.723437 0.320833 0.729688 0.312500 0.732812 0.310417 0.739062 0.308333 0.743750 0.308333
4 0.275000 0.189583 0.265625 0.191667 0.256250 0.197917 0.253125 0.202083 0.251563 0.206250 0.251563 0.212500 0.250000 0.214583 0.250000 0.218750 0.251563 0.220833 0.251563 0.227083 0.253125 0.231250 0.256250 0.237500 0.260937 0.245833 0.265625 0.252083 0.271875 0.258333 0.284375 0.266667 0.289062 0.268750 0.295312 0.270833 0.306250 0.270833 0.310937 0.268750 0.315625 0.266667 0.318750 0.262500 0.334375 0.262500 0.340625 0.266667 0.348438 0.270833 0.398438 0.304167 0.412500 0.314583 0.423438 0.322917 0.442188 0.339583 0.453125 0.347917 0.456250 0.350000 0.459375 0.352083 0.468750 0.352083 0.471875 0.350000 0.475000 0.341667 0.475000 0.333333 0.473438 0.329167 0.470313 0.325000 0.467187 0.322917 0.457813 0.318750 0.431250 0.308333 0.412500 0.297917 0.393750 0.287500 0.382812 0.281250 0.371875 0.272917 0.357812 0.264583 0.350000 0.262500 0.335938 0.254167 0.329688 0.245833 0.325000 0.233333 0.323437 0.222917 0.321875 0.218750 0.317188 0.212500 0.317188 0.210417 0.314063 0.206250 0.309375 0.202083 0.300000 0.195833 0.295312 0.193750 0.290625 0.191667 0.279687 0.189583 0.275000 0.189583
3 0.407813 0.481250 0.406250 0.485417 0.404687 0.491667 0.398438 0.502083 0.390625 0.512500 0.390625 0.520833 0.393750 0.527083 0.396875 0.533333 0.401562 0.539583 0.404687 0.545833 0.410938 0.564583 0.417187 0.579167 0.420312 0.585417 0.425000 0.591667 0.429688 0.604167 0.439063 0.616667 0.443750 0.620833 0.448437 0.622917 0.456250 0.625000 0.459375 0.627083 0.467187 0.635417 0.470313 0.639583 0.473438 0.650000 0.487500 0.675000 0.492188 0.685417 0.493750 0.689583 0.495312 0.697917 0.503125 0.710417 0.506250 0.716667 0.510938 0.727083 0.515625 0.737500 0.526563 0.766667 0.534375 0.783333 0.543750 0.797917 0.548438 0.810417 0.551562 0.816667 0.559375 0.831250 0.565625 0.839583 0.579688 0.868750 0.587500 0.883333 0.592187 0.891667 0.604688 0.908333 0.610938 0.908333 0.614062 0.906250 0.618750 0.902083 0.618750 0.893750 0.618750 0.889583 0.614062 0.877083 0.609375 0.866667 0.606250 0.860417 0.598437 0.850000 0.595313 0.843750 0.592187 0.837500 0.587500 0.827083 0.582812 0.812500 0.578125 0.802083 0.575000 0.795833 0.562500 0.777083 0.553125 0.760417 0.539062 0.735417 0.532813 0.720833 0.521875 0.706250 0.514062 0.693750 0.509375 0.685417 0.506250 0.677083 0.482812 0.639583 0.479687 0.633333 0.476562 0.627083 0.475000 0.618750 0.473438 0.612500 0.473438 0.593750 0.471875 0.587500 0.470313 0.581250 0.468750 0.577083 0.462500 0.566667 0.454688 0.556250 0.446875 0.543750 0.443750 0.537500 0.439063 0.525000 0.429688 0.510417 0.426563 0.504167 0.421875 0.491667 0.417187 0.483333 0.415625 0.481250 0.412500 0.479167 0.407813 0.481250
