3 0.076563 0.320833 0.076563 0.350000 0.078125 0.356250 0.081250 0.360417 0.101562 0.362500 0.134375 0.362500 0.153125 0.364583 0.170313 0.366667 0.184375 0.368750 0.198437 0.370833 0.210938 0.375000 0.223438 0.375000 0.243750 0.379167 0.284375 0.389583 0.298438 0.389583 0.307812 0.391667 0.314063 0.395833 0.317188 0.397917 0.318750 0.400000 0.318750 0.402083 0.321875 0.408333 0.331250 0.420833 0.335938 0.422917 0.343750 0.425000 0.351562 0.427083 0.362500 0.429167 0.378125 0.431250 0.393750 0.433333 0.435937 0.431250 0.437500 0.425000 0.439063 0.410417 0.439063 0.406250 0.439063 0.400000 0.437500 0.393750 0.434375 0.391667 0.426563 0.387500 0.421875 0.385417 0.410938 0.381250 0.398438 0.377083 0.379688 0.370833 0.371875 0.370833 0.364063 0.366667 0.350000 0.364583 0.335938 0.364583 0.331250 0.366667 0.328125 0.368750 0.323437 0.375000 0.320312 0.377083 0.317188 0.379167 0.301563 0.379167 0.290625 0.377083 0.279687 0.375000 0.270313 0.370833 0.259375 0.370833 0.248438 0.366667 0.237500 0.366667 0.221875 0.362500 0.175000 0.350000 0.139063 0.339583 0.132812 0.337500 0.115625 0.329167 0.095312 0.325000 0.089063 0.320833 0.081250 0.318750 0.076563 0.320833
6 0.465625 0.545833 0.462500 0.547917 0.448437 0.560417 0.431250 0.570833 0.420312 0.579167 0.404687 0.593750 0.396875 0.597917 0.389062 0.604167 0.381250 0.612500 0.365625 0.622917 0.359375 0.629167 0.357812 0.631250 0.356250 0.635417 0.356250 0.639583 0.357812 0.641667 0.357812 0.647917 0.360938 0.654167 0.362500 0.660417 0.362500 0.675000 0.356250 0.683333 0.345313 0.683333 0.340625 0.677083 0.335938 0.668750 0.332813 0.656250 0.326562 0.656250 0.323437 0.656250 0.315625 0.662500 0.310937 0.668750 0.310937 0.677083 0.312500 0.681250 0.321875 0.704167 0.326562 0.714583 0.340625 0.741667 0.343750 0.752083 0.350000 0.760417 0.354687 0.760417 0.360938 0.758333 0.373437 0.754167 0.387500 0.750000 0.417187 0.739583 0.426563 0.735417 0.431250 0.733333 0.435937 0.729167 0.443750 0.718750 0.454688 0.702083 0.464062 0.695833 0.468750 0.693750 0.484375 0.687500 0.496875 0.683333 0.515625 0.677083 0.535937 0.672917 0.542188 0.668750 0.540625 0.664583 0.539062 0.660417 0.534375 0.650000 0.529687 0.639583 0.526563 0.633333 0.521875 0.625000 0.514062 0.614583 0.514062 0.612500 0.507812 0.604167 0.506250 0.604167 0.496875 0.593750 0.481250 0.572917 0.476562 0.564583 0.470313 0.552083 0.470313 0.550000 0.468750 0.547917 0.465625 0.545833
6 0.578125 0.460417 0.571875 0.464583 0.562500 0.470833 0.554688 0.477083 0.546875 0.485417 0.539062 0.489583 0.531250 0.495833 0.518750 0.506250 0.514062 0.512500 0.514062 0.516667 0.517188 0.522917 0.525000 0.541667 0.529687 0.560417 0.531250 0.577083 0.534375 0.593750 0.535937 0.600000 0.539062 0.608333 0.545312 0.620833 0.546875 0.629167 0.548438 0.633333 0.553125 0.643750 0.564063 0.664583 0.567187 0.675000 0.575000 0.691667 0.592187 0.725000 0.600000 0.745833 0.607812 0.758333 0.610938 0.764583 0.617188 0.781250 0.620313 0.787500 0.628125 0.800000 0.631250 0.808333 0.635938 0.820833 0.635938 0.827083 0.637500 0.829167 0.637500 0.833333 0.635938 0.837500 0.631250 0.843750 0.626563 0.843750 0.621875 0.841667 0.615625 0.833333 0.609375 0.822917 0.604688 0.812500 0.593750 0.787500 0.593750 0.783333 0.587500 0.772917 0.587500 0.768750 0.585938 0.764583 0.571875 0.733333 0.564063 0.720833 0.559375 0.727083 0.553125 0.727083 0.546875 0.731250 0.539062 0.731250 0.523438 0.737500 0.503125 0.747917 0.496875 0.747917 0.481250 0.756250 0.475000 0.758333 0.450000 0.756250 0.439063 0.756250 0.432812 0.758333 0.428125 0.760417 0.423438 0.762500 0.415625 0.768750 0.409375 0.768750 0.401562 0.772917 0.392188 0.777083 0.368750 0.789583 0.365625 0.791667 0.364063 0.797917 0.365625 0.804167 0.370312 0.816667 0.378125 0.831250 0.389062 0.858333 0.389062 0.862500 0.404687 0.897917 0.404687 0.902083 0.414062 0.920833 0.426563 0.956250 0.439063 0.987500 0.442188 0.993750 0.450000 0.997917 0.462500 0.997917 0.509375 0.997917 0.521875 0.997917 0.525000 0.997917 0.570312 0.995833 0.576562 0.993750 0.585938 0.987500 0.598437 0.977083 0.607812 0.966667 0.617188 0.958333 0.625000 0.954167 0.642188 0.937500 0.659375 0.925000 0.664062 0.918750 0.668750 0.916667 0.678125 0.906250 0.682813 0.902083 0.690625 0.897917 0.712500 0.877083 0.725000 0.866667 0.745313 0.850000 0.748437 0.847917 0.753125 0.841667 0.746875 0.835417 0.742188 0.831250 0.737500 0.829167 0.732812 0.822917 0.720313 0.812500 0.714063 0.810417 0.709375 0.804167 0.698438 0.795833 0.689063 0.789583 0.684375 0.789583 0.676562 0.781250 0.673438 0.781250 0.667188 0.772917 0.664062 0.766667 0.664062 0.754167 0.665625 0.750000 0.673438 0.739583 0.676562 0.737500 0.685937 0.737500 0.689063 0.739583 0.693750 0.743750 0.701562 0.754167 0.712500 0.770833 0.714063 0.770833 0.723437 0.785417 0.728125 0.791667 0.732812 0.795833 0.737500 0.795833 0.735938 0.791667 0.735938 0.789583 0.734375 0.787500 0.731250 0.785417 0.731250 0.781250 0.728125 0.775000 0.723437 0.768750 0.718750 0.758333 0.714063 0.747917 0.709375 0.733333 0.698438 0.712500 0.695312 0.702083 0.690625 0.691667 0.685937 0.681250 0.678125 0.664583 0.671875 0.656250 0.664062 0.650000 0.653125 0.643750 0.645312 0.633333 0.645312 0.620833 0.648438 0.612500 0.648438 0.608333 0.645312 0.600000 0.642188 0.597917 0.642188 0.595833 0.635938 0.585417 0.625000 0.558333 0.625000 0.554167 0.618750 0.543750 0.617188 0.541667 0.614062 0.539583 0.610938 0.543750 0.606250 0.554167 0.601562 0.564583 0.600000 0.568750 0.598437 0.577083 0.593750 0.585417 0.592187 0.589583 0.592187 0.593750 0.590625 0.597917 0.584375 0.612500 0.576562 0.622917 0.568750 0.620833 0.567187 0.616667 0.567187 0.608333 0.573438 0.591667 0.573438 0.585417 0.578125 0.568750 0.585938 0.543750 0.589063 0.539583 0.593750 0.525000 0.593750 0.518750 0.598437 0.508333 0.598437 0.495833 0.593750 0.483333 0.587500 0.468750 0.584375 0.464583 0.584375 0.462500 0.578125 0.460417
3 0.485938 0.483333 0.485938 0.487500 0.487500 0.489583 0.485938 0.497917 0.481250 0.491667 0.476562 0.489583 0.473438 0.497917 0.468750 0.495833 0.467187 0.510417 0.460938 0.504167 0.460938 0.512500 0.462500 0.518750 0.465625 0.529167 0.468750 0.539583 0.475000 0.556250 0.478125 0.562500 0.482812 0.570833 0.496875 0.589583 0.506250 0.597917 0.517188 0.612500 0.525000 0.625000 0.529687 0.633333 0.532813 0.639583 0.539062 0.656250 0.543750 0.662500 0.543750 0.666667 0.550000 0.675000 0.551562 0.679167 0.551562 0.683333 0.560937 0.706250 0.565625 0.712500 0.568750 0.722917 0.575000 0.733333 0.590625 0.768750 0.596875 0.787500 0.607812 0.812500 0.610938 0.818750 0.614062 0.825000 0.618750 0.833333 0.625000 0.839583 0.631250 0.839583 0.634375 0.835417 0.634375 0.829167 0.632812 0.820833 0.626563 0.804167 0.610938 0.775000 0.607812 0.764583 0.600000 0.752083 0.587500 0.725000 0.576562 0.702083 0.559375 0.664583 0.556250 0.654167 0.550000 0.643750 0.543750 0.629167 0.540625 0.620833 0.535937 0.608333 0.532813 0.597917 0.531250 0.591667 0.529687 0.585417 0.528125 0.577083 0.528125 0.568750 0.526563 0.560417 0.525000 0.552083 0.523438 0.545833 0.520312 0.535417 0.510938 0.514583 0.501563 0.500000 0.489063 0.483333 0.485938 0.483333
6 0.128125 0.366667 0.125000 0.370833 0.129688 0.377083 0.132812 0.387500 0.137500 0.397917 0.143750 0.408333 0.159375 0.443750 0.164062 0.458333 0.168750 0.464583 0.171875 0.470833 0.173437 0.475000 0.173437 0.479167 0.175000 0.475000 0.176563 0.472917 0.178125 0.464583 0.179688 0.445833 0.181250 0.437500 0.182812 0.429167 0.187500 0.412500 0.190625 0.402083 0.192188 0.397917 0.193750 0.393750 0.201563 0.391667 0.204687 0.395833 0.206250 0.404167 0.207813 0.422917 0.207813 0.437500 0.212500 0.470833 0.214062 0.489583 0.215625 0.510417 0.217188 0.531250 0.218750 0.554167 0.218750 0.579167 0.220312 0.587500 0.226562 0.604167 0.232813 0.614583 0.237500 0.629167 0.242188 0.645833 0.246875 0.658333 0.259375 0.681250 0.259375 0.683333 0.267188 0.685417 0.273438 0.681250 0.285938 0.672917 0.312500 0.656250 0.325000 0.647917 0.328125 0.643750 0.328125 0.637500 0.326562 0.631250 0.320312 0.612500 0.318750 0.608333 0.312500 0.597917 0.312500 0.591667 0.309375 0.583333 0.303125 0.564583 0.300000 0.560417 0.298438 0.556250 0.296875 0.550000 0.295312 0.543750 0.293750 0.531250 0.290625 0.518750 0.287500 0.508333 0.281250 0.493750 0.276562 0.470833 0.267188 0.445833 0.264062 0.435417 0.262500 0.422917 0.260937 0.418750 0.259375 0.414583 0.256250 0.408333 0.245312 0.393750 0.239063 0.389583 0.232813 0.381250 0.225000 0.379167 0.210938 0.377083 0.187500 0.372917 0.171875 0.370833 0.157812 0.368750 0.140625 0.366667 0.128125 0.366667
6 0.332813 0.189583 0.325000 0.191667 0.321875 0.193750 0.318750 0.195833 0.314063 0.202083 0.310937 0.204167 0.303125 0.206250 0.296875 0.206250 0.284375 0.204167 0.275000 0.202083 0.267188 0.200000 0.256250 0.193750 0.250000 0.191667 0.243750 0.191667 0.235937 0.195833 0.225000 0.202083 0.201563 0.218750 0.187500 0.231250 0.184375 0.233333 0.168750 0.241667 0.153125 0.254167 0.150000 0.256250 0.139063 0.260417 0.129688 0.266667 0.126562 0.270833 0.114062 0.277083 0.107813 0.283333 0.104688 0.285417 0.101562 0.285417 0.095312 0.289583 0.093750 0.295833 0.096875 0.304167 0.101562 0.314583 0.104688 0.318750 0.104688 0.320833 0.106250 0.322917 0.109375 0.325000 0.114062 0.327083 0.131250 0.333333 0.151562 0.339583 0.165625 0.343750 0.220312 0.358333 0.234375 0.356250 0.231250 0.354167 0.228125 0.354167 0.225000 0.350000 0.223438 0.343750 0.217188 0.327083 0.214062 0.314583 0.210938 0.297917 0.209375 0.291667 0.206250 0.287500 0.204687 0.281250 0.206250 0.270833 0.214062 0.268750 0.220312 0.262500 0.223438 0.262500 0.226562 0.258333 0.231250 0.260417 0.235937 0.256250 0.239063 0.262500 0.243750 0.272917 0.243750 0.277083 0.246875 0.281250 0.246875 0.285417 0.250000 0.289583 0.256250 0.295833 0.257812 0.302083 0.265625 0.314583 0.267188 0.320833 0.271875 0.337500 0.273438 0.343750 0.273438 0.356250 0.276562 0.360417 0.276562 0.366667 0.279687 0.370833 0.289062 0.372917 0.300000 0.375000 0.317188 0.375000 0.320312 0.372917 0.328125 0.364583 0.332813 0.362500 0.342187 0.360417 0.345313 0.360417 0.359375 0.362500 0.368750 0.364583 0.376563 0.366667 0.404687 0.375000 0.420312 0.381250 0.425000 0.383333 0.429688 0.385417 0.437500 0.389583 0.440625 0.393750 0.440625 0.422917 0.439063 0.429167 0.437500 0.433333 0.435937 0.435417 0.432812 0.437500 0.406250 0.437500 0.378125 0.435417 0.365625 0.433333 0.351562 0.431250 0.343750 0.429167 0.337500 0.425000 0.331250 0.425000 0.328125 0.422917 0.323437 0.416667 0.310937 0.397917 0.304688 0.395833 0.295312 0.393750 0.279687 0.391667 0.275000 0.393750 0.275000 0.406250 0.276562 0.414583 0.279687 0.418750 0.281250 0.429167 0.284375 0.439583 0.290625 0.456250 0.296875 0.468750 0.301563 0.485417 0.304688 0.493750 0.309375 0.502083 0.309375 0.506250 0.314063 0.516667 0.317188 0.520833 0.321875 0.531250 0.321875 0.535417 0.328125 0.545833 0.329688 0.550000 0.331250 0.558333 0.335938 0.566667 0.337500 0.570833 0.343750 0.589583 0.346875 0.608333 0.348438 0.616667 0.351562 0.622917 0.359375 0.622917 0.365625 0.618750 0.375000 0.612500 0.382812 0.604167 0.401562 0.589583 0.412500 0.583333 0.423438 0.572917 0.434375 0.564583 0.440625 0.562500 0.443750 0.560417 0.459375 0.547917 0.464062 0.541667 0.464062 0.533333 0.460938 0.527083 0.460938 0.520833 0.457813 0.514583 0.459375 0.500000 0.467187 0.491667 0.471875 0.487500 0.475000 0.485417 0.481250 0.483333 0.484375 0.479167 0.489063 0.479167 0.493750 0.483333 0.500000 0.493750 0.503125 0.497917 0.504687 0.500000 0.506250 0.500000 0.509375 0.504167 0.515625 0.504167 0.520312 0.502083 0.528125 0.493750 0.551562 0.477083 0.556250 0.472917 0.560937 0.468750 0.562500 0.462500 0.560937 0.458333 0.554688 0.441667 0.543750 0.418750 0.543750 0.414583 0.542188 0.410417 0.532813 0.391667 0.526563 0.377083 0.526563 0.372917 0.523438 0.368750 0.523438 0.364583 0.518750 0.358333 0.510938 0.354167 0.506250 0.352083 0.501563 0.352083 0.496875 0.347917 0.471875 0.339583 0.467187 0.337500 0.457813 0.331250 0.448437 0.329167 0.443750 0.327083 0.440625 0.322917 0.420312 0.314583 0.409375 0.312500 0.398438 0.308333 0.393750 0.306250 0.384375 0.300000 0.378125 0.300000 0.364063 0.293750 0.359375 0.291667 0.356250 0.287500 0.345313 0.283333 0.342187 0.279167 0.331250 0.272917 0.323437 0.268750 0.314063 0.266667 0.310937 0.262500 0.306250 0.260417 0.301563 0.258333 0.292187 0.256250 0.287500 0.254167 0.278125 0.247917 0.268750 0.245833 0.265625 0.243750 0.260937 0.237500 0.260937 0.233333 0.260937 0.227083 0.260937 0.222917 0.264062 0.218750 0.267188 0.216667 0.278125 0.216667 0.285938 0.218750 0.293750 0.220833 0.300000 0.222917 0.306250 0.225000 0.334375 0.235417 0.345313 0.239583 0.360938 0.245833 0.365625 0.250000 0.371875 0.250000 0.376563 0.254167 0.387500 0.258333 0.415625 0.268750 0.421875 0.270833 0.429688 0.270833 0.434375 0.272917 0.437500 0.275000 0.442188 0.281250 0.443750 0.287500 0.446875 0.289583 0.454688 0.291667 0.462500 0.291667 0.468750 0.295833 0.476562 0.297917 0.484375 0.300000 0.495312 0.300000 0.495312 0.295833 0.493750 0.289583 0.487500 0.272917 0.473438 0.237500 0.468750 0.231250 0.464062 0.229167 0.457813 0.227083 0.443750 0.222917 0.418750 0.214583 0.392188 0.208333 0.365625 0.200000 0.359375 0.195833 0.351562 0.193750 0.343750 0.191667 0.332813 0.189583
6 0.393750 0.077083 0.385937 0.085417 0.376563 0.093750 0.368750 0.100000 0.360938 0.104167 0.348438 0.116667 0.340625 0.122917 0.334375 0.125000 0.320312 0.135417 0.315625 0.139583 0.312500 0.143750 0.312500 0.147917 0.318750 0.156250 0.326562 0.164583 0.329688 0.166667 0.335938 0.168750 0.342187 0.170833 0.350000 0.172917 0.362500 0.175000 0.414062 0.183333 0.428125 0.185417 0.450000 0.183333 0.448437 0.179167 0.443750 0.166667 0.431250 0.143750 0.425000 0.127083 0.417187 0.110417 0.404687 0.085417 0.400000 0.079167 0.396875 0.077083 0.393750 0.077083
5 0.195312 0.395833 0.195312 0.400000 0.190625 0.410417 0.185938 0.427083 0.184375 0.433333 0.182812 0.441667 0.181250 0.452083 0.179688 0.462500 0.178125 0.477083 0.178125 0.522917 0.179688 0.529167 0.181250 0.533333 0.182812 0.537500 0.185938 0.543750 0.190625 0.550000 0.195312 0.560417 0.196875 0.564583 0.198437 0.568750 0.200000 0.575000 0.201563 0.587500 0.203125 0.610417 0.204687 0.639583 0.206250 0.675000 0.206250 0.710417 0.207813 0.741667 0.209375 0.775000 0.210938 0.789583 0.214062 0.797917 0.218750 0.802083 0.223438 0.804167 0.229687 0.800000 0.231250 0.795833 0.231250 0.772917 0.229687 0.754167 0.226562 0.735417 0.223438 0.695833 0.221875 0.672917 0.220312 0.650000 0.218750 0.600000 0.215625 0.579167 0.215625 0.552083 0.214062 0.529167 0.210938 0.485417 0.209375 0.466667 0.207813 0.450000 0.204687 0.418750 0.203125 0.402083 0.200000 0.393750 0.195312 0.395833
3 0.235937 0.381250 0.235937 0.387500 0.239063 0.387500 0.245312 0.393750 0.250000 0.400000 0.251563 0.400000 0.254688 0.404167 0.254688 0.406250 0.259375 0.412500 0.260937 0.416667 0.262500 0.420833 0.265625 0.431250 0.267188 0.441667 0.270313 0.452083 0.276562 0.466667 0.279687 0.483333 0.293750 0.525000 0.301563 0.560417 0.306250 0.572917 0.315625 0.595833 0.317188 0.606250 0.318750 0.610417 0.323437 0.618750 0.325000 0.627083 0.326562 0.631250 0.329688 0.635417 0.334375 0.647917 0.334375 0.656250 0.339062 0.668750 0.342187 0.672917 0.343750 0.679167 0.354687 0.681250 0.357812 0.679167 0.360938 0.675000 0.360938 0.662500 0.359375 0.656250 0.356250 0.645833 0.353125 0.635417 0.350000 0.631250 0.348438 0.627083 0.348438 0.616667 0.346875 0.610417 0.345313 0.604167 0.342187 0.593750 0.339062 0.589583 0.337500 0.583333 0.337500 0.579167 0.335938 0.572917 0.329688 0.558333 0.323437 0.545833 0.323437 0.541667 0.309375 0.510417 0.306250 0.502083 0.304688 0.493750 0.303125 0.489583 0.300000 0.485417 0.298438 0.481250 0.296875 0.472917 0.295312 0.468750 0.290625 0.460417 0.289062 0.456250 0.281250 0.429167 0.276562 0.420833 0.275000 0.414583 0.273438 0.406250 0.273438 0.393750 0.271875 0.391667 0.271875 0.387500 0.265625 0.387500 0.264062 0.385417 0.256250 0.385417 0.246875 0.381250 0.235937 0.381250
3 0.228125 0.258333 0.223438 0.260417 0.220312 0.264583 0.214062 0.264583 0.210938 0.268750 0.207813 0.268750 0.204687 0.270833 0.204687 0.279167 0.206250 0.285417 0.215625 0.318750 0.225000 0.343750 0.226562 0.354167 0.229687 0.362500 0.235937 0.362500 0.237500 0.364583 0.246875 0.364583 0.256250 0.366667 0.262500 0.370833 0.267188 0.368750 0.275000 0.370833 0.275000 0.356250 0.271875 0.343750 0.267188 0.325000 0.265625 0.320833 0.264062 0.316667 0.259375 0.306250 0.253125 0.297917 0.251563 0.291667 0.246875 0.285417 0.245312 0.281250 0.243750 0.277083 0.242188 0.266667 0.240625 0.262500 0.235937 0.256250 0.228125 0.258333
4 0.673438 0.279167 0.660937 0.287500 0.646875 0.306250 0.643750 0.312500 0.640625 0.318750 0.639062 0.322917 0.637500 0.329167 0.637500 0.339583 0.635938 0.341667 0.635938 0.350000 0.637500 0.364583 0.640625 0.372917 0.640625 0.393750 0.639062 0.400000 0.637500 0.406250 0.632812 0.420833 0.621875 0.447917 0.615625 0.470833 0.604688 0.497917 0.600000 0.512500 0.596875 0.527083 0.590625 0.541667 0.587500 0.556250 0.581250 0.570833 0.578125 0.587500 0.571875 0.604167 0.571875 0.610417 0.570312 0.612500 0.571875 0.618750 0.575000 0.618750 0.579688 0.612500 0.584375 0.602083 0.592187 0.583333 0.592187 0.579167 0.607812 0.543750 0.609375 0.539583 0.615625 0.520833 0.626563 0.489583 0.632812 0.470833 0.639062 0.452083 0.642188 0.437500 0.646875 0.429167 0.651563 0.410417 0.654687 0.404167 0.664062 0.391667 0.675000 0.385417 0.679688 0.381250 0.685937 0.375000 0.690625 0.368750 0.693750 0.362500 0.695312 0.358333 0.696875 0.354167 0.698438 0.347917 0.700000 0.337500 0.700000 0.308333 0.698438 0.300000 0.696875 0.293750 0.695312 0.289583 0.692187 0.283333 0.689063 0.281250 0.685937 0.279167 0.673438 0.279167
4 0.592187 0.054167 0.585938 0.056250 0.582812 0.058333 0.579688 0.060417 0.573438 0.068750 0.571875 0.072917 0.570312 0.079167 0.570312 0.089583 0.571875 0.097917 0.573438 0.104167 0.575000 0.108333 0.576562 0.112500 0.587500 0.129167 0.596875 0.143750 0.607812 0.158333 0.617188 0.164583 0.634375 0.172917 0.640625 0.177083 0.650000 0.183333 0.659375 0.195833 0.660937 0.200000 0.662500 0.204167 0.664062 0.212500 0.667188 0.220833 0.671875 0.231250 0.685937 0.256250 0.696875 0.281250 0.714063 0.314583 0.725000 0.335417 0.731250 0.343750 0.740625 0.364583 0.764062 0.408333 0.768750 0.416667 0.775000 0.425000 0.782813 0.441667 0.787500 0.450000 0.792188 0.456250 0.798438 0.456250 0.801562 0.452083 0.803125 0.447917 0.803125 0.443750 0.801562 0.437500 0.798438 0.427083 0.796875 0.422917 0.793750 0.418750 0.793750 0.414583 0.789062 0.404167 0.779687 0.383333 0.770312 0.364583 0.759375 0.343750 0.751563 0.329167 0.732812 0.297917 0.721875 0.281250 0.712500 0.268750 0.701562 0.252083 0.695312 0.241667 0.678125 0.212500 0.675000 0.206250 0.671875 0.200000 0.667188 0.189583 0.665625 0.183333 0.665625 0.164583 0.668750 0.147917 0.668750 0.127083 0.667188 0.118750 0.659375 0.095833 0.654687 0.089583 0.650000 0.087500 0.645312 0.081250 0.640625 0.079167 0.634375 0.070833 0.628125 0.066667 0.618750 0.060417 0.614062 0.058333 0.598437 0.054167 0.592187 0.054167
6 0.865625 0.339583 0.862500 0.341667 0.856250 0.350000 0.854688 0.356250 0.853125 0.366667 0.853125 0.458333 0.856250 0.458333 0.864062 0.452083 0.871875 0.445833 0.875000 0.445833 0.878125 0.443750 0.900000 0.427083 0.903125 0.422917 0.904687 0.418750 0.904687 0.412500 0.900000 0.402083 0.885938 0.377083 0.882812 0.366667 0.878125 0.360417 0.876563 0.354167 0.873437 0.347917 0.868750 0.339583 0.865625 0.339583
6 0.762500 0.110417 0.746875 0.122917 0.731250 0.133333 0.728125 0.133333 0.720313 0.141667 0.706250 0.152083 0.698438 0.156250 0.695312 0.158333 0.693750 0.160417 0.693750 0.162500 0.685937 0.166667 0.682813 0.170833 0.679688 0.172917 0.676562 0.175000 0.671875 0.175000 0.668750 0.179167 0.668750 0.187500 0.670312 0.191667 0.671875 0.195833 0.675000 0.202083 0.678125 0.208333 0.684375 0.218750 0.693750 0.231250 0.700000 0.245833 0.707812 0.256250 0.709375 0.262500 0.712500 0.266667 0.718750 0.272917 0.723437 0.281250 0.726562 0.289583 0.739062 0.308333 0.743750 0.314583 0.745313 0.314583 0.748437 0.318750 0.754687 0.329167 0.764062 0.345833 0.768750 0.354167 0.778125 0.377083 0.785937 0.389583 0.790625 0.404167 0.795312 0.410417 0.795312 0.414583 0.800000 0.422917 0.801562 0.427083 0.804688 0.437500 0.804688 0.450000 0.803125 0.454167 0.800000 0.458333 0.792188 0.458333 0.784375 0.447917 0.779687 0.439583 0.773438 0.425000 0.759375 0.400000 0.751563 0.389583 0.746875 0.381250 0.740625 0.366667 0.734375 0.358333 0.725000 0.339583 0.720313 0.329167 0.720313 0.325000 0.712500 0.314583 0.707812 0.302083 0.701562 0.293750 0.700000 0.287500 0.692187 0.272917 0.684375 0.262500 0.681250 0.256250 0.679688 0.250000 0.675000 0.243750 0.673438 0.237500 0.667188 0.229167 0.664062 0.220833 0.657813 0.202083 0.656250 0.197917 0.654687 0.195833 0.653125 0.195833 0.650000 0.193750 0.646875 0.197917 0.643750 0.197917 0.632812 0.206250 0.625000 0.214583 0.617188 0.218750 0.609375 0.227083 0.601562 0.233333 0.579688 0.247917 0.575000 0.254167 0.564063 0.262500 0.560937 0.262500 0.556250 0.268750 0.543750 0.279167 0.540625 0.279167 0.535937 0.283333 0.526563 0.291667 0.521875 0.297917 0.521875 0.306250 0.521875 0.308333 0.523438 0.310417 0.526563 0.312500 0.539062 0.314583 0.550000 0.320833 0.564063 0.325000 0.571875 0.325000 0.579688 0.327083 0.593750 0.333333 0.603125 0.333333 0.609375 0.335417 0.617188 0.339583 0.620313 0.343750 0.623437 0.350000 0.626563 0.360417 0.628125 0.366667 0.629687 0.372917 0.628125 0.393750 0.609375 0.393750 0.603125 0.391667 0.596875 0.387500 0.590625 0.387500 0.584375 0.383333 0.576562 0.383333 0.571875 0.381250 0.567187 0.377083 0.560937 0.377083 0.551562 0.370833 0.548438 0.370833 0.550000 0.379167 0.551562 0.379167 0.554688 0.383333 0.560937 0.397917 0.560937 0.402083 0.565625 0.408333 0.573438 0.427083 0.579688 0.445833 0.584375 0.456250 0.590625 0.466667 0.593750 0.477083 0.598437 0.487500 0.603125 0.491667 0.606250 0.487500 0.609375 0.479167 0.614062 0.466667 0.618750 0.447917 0.629687 0.420833 0.634375 0.406250 0.635938 0.397917 0.635938 0.368750 0.634375 0.329167 0.635938 0.322917 0.643750 0.306250 0.660937 0.283333 0.668750 0.277083 0.673438 0.275000 0.685937 0.275000 0.696875 0.289583 0.701562 0.304167 0.701562 0.337500 0.700000 0.345833 0.698438 0.354167 0.696875 0.360417 0.693750 0.366667 0.684375 0.379167 0.679688 0.381250 0.671875 0.391667 0.664062 0.395833 0.659375 0.402083 0.654687 0.410417 0.650000 0.420833 0.648438 0.425000 0.646875 0.429167 0.645312 0.441667 0.639062 0.450000 0.637500 0.456250 0.634375 0.466667 0.634375 0.472917 0.632812 0.477083 0.631250 0.481250 0.626563 0.489583 0.623437 0.497917 0.618750 0.512500 0.618750 0.518750 0.615625 0.522917 0.615625 0.537500 0.623437 0.552083 0.623437 0.556250 0.628125 0.562500 0.634375 0.577083 0.634375 0.581250 0.637500 0.587500 0.642188 0.593750 0.646875 0.604167 0.648438 0.610417 0.654687 0.612500 0.659375 0.610417 0.665625 0.606250 0.665625 0.602083 0.662500 0.597917 0.656250 0.595833 0.656250 0.587500 0.659375 0.581250 0.668750 0.533333 0.673438 0.520833 0.675000 0.514583 0.678125 0.500000 0.682813 0.479167 0.682813 0.470833 0.687500 0.460417 0.687500 0.454167 0.689063 0.447917 0.690625 0.443750 0.693750 0.439583 0.698438 0.439583 0.704688 0.441667 0.709375 0.443750 0.714063 0.447917 0.725000 0.452083 0.735938 0.454167 0.740625 0.458333 0.746875 0.458333 0.751563 0.462500 0.762500 0.464583 0.767188 0.468750 0.798438 0.479167 0.803125 0.481250 0.807813 0.483333 0.810937 0.487500 0.814063 0.489583 0.820312 0.485417 0.829688 0.479167 0.832812 0.475000 0.832812 0.425000 0.835938 0.395833 0.837500 0.364583 0.837500 0.350000 0.834375 0.341667 0.831250 0.339583 0.826562 0.337500 0.812500 0.318750 0.807813 0.306250 0.806250 0.300000 0.804688 0.293750 0.803125 0.285417 0.803125 0.250000 0.804688 0.243750 0.810937 0.227083 0.812500 0.220833 0.812500 0.216667 0.807813 0.210417 0.801562 0.195833 0.792188 0.172917 0.790625 0.168750 0.790625 0.164583 0.787500 0.160417 0.773438 0.118750 0.773438 0.114583 0.771875 0.110417 0.770312 0.108333 0.768750 0.108333 0.762500 0.110417
5 0.267188 0.220833 0.264062 0.225000 0.264062 0.235417 0.267188 0.239583 0.270313 0.241667 0.282813 0.247917 0.292187 0.250000 0.301563 0.256250 0.306250 0.256250 0.310937 0.258333 0.334375 0.270833 0.362500 0.289583 0.367188 0.291667 0.371875 0.293750 0.392188 0.300000 0.412500 0.310417 0.423438 0.312500 0.439063 0.318750 0.446875 0.325000 0.465625 0.333333 0.490625 0.341667 0.495312 0.345833 0.520312 0.354167 0.529687 0.360417 0.534375 0.360417 0.539062 0.362500 0.543750 0.364583 0.556250 0.372917 0.562500 0.375000 0.575000 0.379167 0.582812 0.379167 0.590625 0.381250 0.601562 0.387500 0.609375 0.389583 0.617188 0.391667 0.625000 0.391667 0.628125 0.387500 0.628125 0.381250 0.625000 0.372917 0.625000 0.360417 0.623437 0.356250 0.620313 0.352083 0.618750 0.345833 0.617188 0.343750 0.614062 0.341667 0.610938 0.339583 0.604688 0.337500 0.590625 0.333333 0.582812 0.331250 0.573438 0.331250 0.564063 0.329167 0.557813 0.327083 0.551562 0.325000 0.517188 0.310417 0.509375 0.310417 0.495312 0.304167 0.478125 0.302083 0.456250 0.293750 0.446875 0.293750 0.443750 0.291667 0.440625 0.287500 0.439063 0.279167 0.435937 0.277083 0.432812 0.275000 0.426563 0.272917 0.418750 0.272917 0.412500 0.268750 0.406250 0.268750 0.378125 0.258333 0.362500 0.250000 0.320312 0.233333 0.309375 0.229167 0.303125 0.227083 0.295312 0.225000 0.278125 0.220833 0.267188 0.220833
4 0.831250 0.193750 0.826562 0.197917 0.820312 0.206250 0.817187 0.212500 0.814063 0.218750 0.812500 0.222917 0.810937 0.227083 0.806250 0.241667 0.804688 0.258333 0.804688 0.285417 0.806250 0.293750 0.807813 0.304167 0.809375 0.308333 0.810937 0.312500 0.817187 0.325000 0.823438 0.333333 0.828125 0.335417 0.832812 0.341667 0.834375 0.341667 0.837500 0.345833 0.839063 0.352083 0.840625 0.362500 0.837500 0.368750 0.835938 0.397917 0.837500 0.404167 0.835938 0.425000 0.832812 0.450000 0.832812 0.466667 0.834375 0.472917 0.837500 0.479167 0.837500 0.512500 0.835938 0.579167 0.834375 0.608333 0.831250 0.625000 0.829688 0.645833 0.829688 0.660417 0.831250 0.664583 0.834375 0.666667 0.842187 0.666667 0.848437 0.664583 0.856250 0.660417 0.859375 0.658333 0.860938 0.627083 0.859375 0.606250 0.856250 0.589583 0.854688 0.560417 0.854688 0.533333 0.851562 0.508333 0.850000 0.470833 0.850000 0.460417 0.853125 0.427083 0.853125 0.422917 0.851562 0.362500 0.856250 0.352083 0.857812 0.345833 0.867188 0.337500 0.868750 0.331250 0.875000 0.320833 0.876563 0.316667 0.878125 0.310417 0.879687 0.300000 0.879687 0.270833 0.878125 0.262500 0.876563 0.252083 0.873437 0.247917 0.868750 0.233333 0.868750 0.227083 0.867188 0.222917 0.860938 0.210417 0.857812 0.206250 0.853125 0.200000 0.850000 0.197917 0.846875 0.195833 0.842187 0.193750 0.831250 0.193750
4 0.653125 0.614583 0.650000 0.618750 0.648438 0.625000 0.648438 0.633333 0.653125 0.639583 0.659375 0.643750 0.673438 0.652083 0.681250 0.660417 0.684375 0.662500 0.692187 0.666667 0.706250 0.672917 0.723437 0.685417 0.734375 0.689583 0.745313 0.697917 0.760938 0.706250 0.792188 0.722917 0.821875 0.737500 0.843750 0.745833 0.865625 0.756250 0.881250 0.764583 0.885938 0.768750 0.892188 0.777083 0.895312 0.785417 0.901563 0.804167 0.904687 0.810417 0.914062 0.825000 0.915625 0.827083 0.920312 0.831250 0.920312 0.833333 0.923438 0.837500 0.928125 0.841667 0.937500 0.847917 0.948438 0.854167 0.962500 0.860417 0.968750 0.862500 0.975000 0.864583 0.998437 0.864583 0.998437 0.770833 0.995313 0.768750 0.987500 0.762500 0.981250 0.758333 0.971875 0.752083 0.964063 0.747917 0.959375 0.745833 0.953125 0.743750 0.945312 0.741667 0.928125 0.741667 0.920312 0.743750 0.900000 0.754167 0.890625 0.754167 0.885938 0.752083 0.876563 0.745833 0.859375 0.735417 0.832812 0.714583 0.829688 0.714583 0.800000 0.691667 0.796875 0.689583 0.770312 0.672917 0.753125 0.662500 0.742188 0.656250 0.728125 0.647917 0.720313 0.645833 0.712500 0.639583 0.700000 0.633333 0.668750 0.618750 0.659375 0.614583 0.653125 0.614583
4 0.676562 0.741667 0.673438 0.743750 0.668750 0.750000 0.667188 0.754167 0.667188 0.766667 0.668750 0.770833 0.670312 0.772917 0.671875 0.772917 0.675000 0.777083 0.698438 0.791667 0.709375 0.800000 0.728125 0.814583 0.735938 0.820833 0.750000 0.833333 0.756250 0.841667 0.760938 0.843750 0.767188 0.852083 0.771875 0.854167 0.778125 0.862500 0.784375 0.866667 0.790625 0.872917 0.800000 0.885417 0.801562 0.889583 0.801562 0.900000 0.803125 0.906250 0.807813 0.918750 0.817187 0.931250 0.821875 0.935417 0.832812 0.943750 0.837500 0.945833 0.843750 0.947917 0.860938 0.947917 0.865625 0.945833 0.868750 0.943750 0.870313 0.941667 0.870313 0.939583 0.873437 0.935417 0.875000 0.931250 0.875000 0.920833 0.868750 0.904167 0.865625 0.897917 0.854688 0.883333 0.848437 0.877083 0.835938 0.868750 0.806250 0.868750 0.803125 0.866667 0.798438 0.862500 0.785937 0.847917 0.750000 0.816667 0.739062 0.802083 0.732812 0.795833 0.728125 0.793750 0.721875 0.787500 0.707812 0.770833 0.700000 0.760417 0.700000 0.758333 0.690625 0.745833 0.687500 0.743750 0.684375 0.741667 0.676562 0.741667
3 0.532813 0.677083 0.523438 0.679167 0.515625 0.681250 0.509375 0.683333 0.503125 0.685417 0.468750 0.697917 0.464062 0.700000 0.460938 0.702083 0.457813 0.704167 0.451562 0.710417 0.448437 0.714583 0.446875 0.716667 0.434375 0.735417 0.423438 0.741667 0.417187 0.741667 0.393750 0.752083 0.387500 0.754167 0.381250 0.756250 0.354687 0.762500 0.348438 0.764583 0.342187 0.766667 0.335938 0.770833 0.323437 0.772917 0.318750 0.777083 0.312500 0.779167 0.295312 0.783333 0.284375 0.787500 0.275000 0.791667 0.270313 0.793750 0.256250 0.802083 0.246875 0.804167 0.239063 0.810417 0.223438 0.816667 0.210938 0.825000 0.207813 0.825000 0.204687 0.827083 0.203125 0.831250 0.203125 0.835417 0.206250 0.850000 0.217188 0.850000 0.221875 0.845833 0.229687 0.845833 0.248438 0.839583 0.265625 0.833333 0.270313 0.829167 0.285938 0.825000 0.290625 0.820833 0.310937 0.814583 0.337500 0.800000 0.346875 0.795833 0.360938 0.791667 0.371875 0.783333 0.389062 0.775000 0.406250 0.768750 0.423438 0.758333 0.428125 0.756250 0.432812 0.754167 0.439063 0.752083 0.450000 0.752083 0.460938 0.756250 0.470313 0.756250 0.478125 0.754167 0.482812 0.752083 0.490625 0.745833 0.495312 0.743750 0.528125 0.731250 0.534375 0.731250 0.540625 0.727083 0.546875 0.727083 0.551562 0.725000 0.556250 0.722917 0.559375 0.720833 0.557813 0.716667 0.556250 0.710417 0.556250 0.702083 0.553125 0.697917 0.553125 0.689583 0.550000 0.683333 0.548438 0.677083 0.546875 0.677083 0.532813 0.677083
3 0.207813 0.127083 0.206250 0.137500 0.204687 0.150000 0.204687 0.170833 0.207813 0.172917 0.212500 0.175000 0.223438 0.179167 0.239063 0.185417 0.245312 0.187500 0.257812 0.189583 0.262500 0.193750 0.267188 0.195833 0.275000 0.197917 0.282813 0.200000 0.292187 0.202083 0.307812 0.202083 0.310937 0.200000 0.314063 0.197917 0.321875 0.189583 0.325000 0.187500 0.342187 0.187500 0.351562 0.189583 0.364063 0.195833 0.384375 0.202083 0.417187 0.210417 0.423438 0.214583 0.456250 0.225000 0.464062 0.225000 0.470313 0.229167 0.479687 0.231250 0.500000 0.235417 0.510938 0.237500 0.523438 0.239583 0.537500 0.241667 0.571875 0.241667 0.573438 0.229167 0.573438 0.225000 0.571875 0.220833 0.568750 0.218750 0.564063 0.216667 0.556250 0.214583 0.548438 0.212500 0.515625 0.204167 0.506250 0.204167 0.496875 0.200000 0.487500 0.197917 0.465625 0.195833 0.445312 0.189583 0.432812 0.189583 0.420312 0.185417 0.406250 0.185417 0.392188 0.183333 0.379688 0.179167 0.367188 0.177083 0.353125 0.177083 0.342187 0.175000 0.334375 0.172917 0.329688 0.170833 0.326562 0.168750 0.318750 0.158333 0.314063 0.154167 0.304688 0.147917 0.300000 0.145833 0.285938 0.143750 0.279687 0.141667 0.262500 0.133333 0.245312 0.127083 0.239063 0.125000 0.232813 0.125000 0.221875 0.127083 0.220312 0.125000 0.207813 0.127083
