9 0.693750 0.108333 0.684375 0.112500 0.667188 0.120833 0.656250 0.120833 0.653125 0.122917 0.650000 0.125000 0.643750 0.131250 0.642188 0.135417 0.640625 0.139583 0.642188 0.154167 0.632812 0.166667 0.631250 0.170833 0.629687 0.175000 0.626563 0.189583 0.618750 0.208333 0.615625 0.222917 0.614062 0.233333 0.612500 0.250000 0.612500 0.268750 0.614062 0.279167 0.615625 0.285417 0.617188 0.289583 0.618750 0.293750 0.623437 0.302083 0.632812 0.314583 0.637500 0.318750 0.646875 0.325000 0.651563 0.327083 0.656250 0.329167 0.662500 0.331250 0.678125 0.331250 0.693750 0.329167 0.703125 0.325000 0.707812 0.322917 0.718750 0.314583 0.742188 0.283333 0.748437 0.272917 0.753125 0.264583 0.757812 0.256250 0.759375 0.252083 0.760938 0.245833 0.762500 0.237500 0.764062 0.227083 0.765625 0.216667 0.765625 0.195833 0.764062 0.187500 0.762500 0.181250 0.760938 0.175000 0.756250 0.162500 0.751563 0.154167 0.743750 0.143750 0.735938 0.135417 0.731250 0.131250 0.723437 0.127083 0.717187 0.125000 0.709375 0.125000 0.706250 0.120833 0.706250 0.114583 0.704688 0.110417 0.693750 0.108333
12 0.242188 0.522917 0.240625 0.525000 0.231250 0.525000 0.223438 0.527083 0.218750 0.529167 0.215625 0.531250 0.212500 0.535417 0.209375 0.535417 0.206250 0.537500 0.201563 0.541667 0.195312 0.547917 0.190625 0.554167 0.182812 0.566667 0.178125 0.579167 0.175000 0.589583 0.173437 0.600000 0.173437 0.635417 0.175000 0.650000 0.178125 0.658333 0.181250 0.668750 0.185938 0.679167 0.193750 0.691667 0.201563 0.702083 0.206250 0.706250 0.215625 0.712500 0.220312 0.714583 0.225000 0.716667 0.232813 0.718750 0.254688 0.718750 0.260937 0.716667 0.267188 0.714583 0.271875 0.712500 0.276562 0.710417 0.279687 0.708333 0.282813 0.706250 0.289062 0.700000 0.306250 0.677083 0.309375 0.670833 0.312500 0.664583 0.314063 0.660417 0.315625 0.654167 0.317188 0.647917 0.318750 0.639583 0.320312 0.620833 0.318750 0.589583 0.315625 0.579167 0.314063 0.575000 0.310937 0.568750 0.306250 0.560417 0.292187 0.541667 0.284375 0.535417 0.271875 0.529167 0.260937 0.525000 0.251563 0.525000 0.250000 0.522917 0.242188 0.522917
0 0.429688 0.745833 0.420312 0.747917 0.417187 0.750000 0.406250 0.764583 0.398438 0.772917 0.393750 0.775000 0.387500 0.783333 0.387500 0.787500 0.389062 0.791667 0.392188 0.795833 0.392188 0.797917 0.393750 0.800000 0.396875 0.802083 0.407813 0.804167 0.412500 0.806250 0.415625 0.808333 0.425000 0.820833 0.426563 0.825000 0.428125 0.829167 0.428125 0.833333 0.429688 0.837500 0.434375 0.847917 0.442188 0.856250 0.446875 0.858333 0.451562 0.858333 0.453125 0.856250 0.456250 0.856250 0.456250 0.845833 0.454688 0.827083 0.456250 0.818750 0.459375 0.810417 0.462500 0.806250 0.465625 0.810417 0.470313 0.812500 0.475000 0.812500 0.478125 0.808333 0.482812 0.797917 0.484375 0.793750 0.484375 0.775000 0.482812 0.768750 0.479687 0.764583 0.471875 0.758333 0.468750 0.756250 0.451562 0.747917 0.442188 0.745833 0.429688 0.745833
0 0.684375 0.433333 0.679688 0.435417 0.676562 0.437500 0.673438 0.441667 0.670312 0.443750 0.664062 0.443750 0.662500 0.441667 0.657813 0.441667 0.653125 0.443750 0.648438 0.447917 0.642188 0.447917 0.639062 0.452083 0.637500 0.452083 0.635938 0.454167 0.634375 0.458333 0.634375 0.464583 0.631250 0.470833 0.628125 0.475000 0.625000 0.475000 0.621875 0.477083 0.617188 0.483333 0.617188 0.487500 0.615625 0.491667 0.614062 0.493750 0.612500 0.493750 0.610938 0.500000 0.607812 0.506250 0.609375 0.516667 0.606250 0.522917 0.606250 0.537500 0.603125 0.541667 0.603125 0.556250 0.610938 0.579167 0.610938 0.591667 0.610938 0.595833 0.612500 0.600000 0.617188 0.606250 0.617188 0.610417 0.618750 0.614583 0.625000 0.622917 0.628125 0.622917 0.632812 0.629167 0.637500 0.631250 0.640625 0.635417 0.640625 0.639583 0.645312 0.645833 0.650000 0.647917 0.657813 0.647917 0.664062 0.652083 0.667188 0.658333 0.670312 0.660417 0.673438 0.662500 0.678125 0.662500 0.695312 0.660417 0.700000 0.656250 0.712500 0.656250 0.714063 0.658333 0.725000 0.658333 0.728125 0.656250 0.729688 0.647917 0.734375 0.641667 0.740625 0.641667 0.743750 0.639583 0.745313 0.635417 0.745313 0.627083 0.746875 0.622917 0.750000 0.618750 0.754687 0.614583 0.757812 0.612500 0.762500 0.612500 0.768750 0.604167 0.770312 0.600000 0.771875 0.579167 0.778125 0.564583 0.778125 0.552083 0.775000 0.547917 0.773438 0.541667 0.773438 0.537500 0.776563 0.533333 0.776563 0.522917 0.775000 0.518750 0.768750 0.508333 0.767188 0.504167 0.767188 0.489583 0.765625 0.485417 0.764062 0.481250 0.757812 0.477083 0.753125 0.477083 0.750000 0.475000 0.748437 0.472917 0.746875 0.468750 0.746875 0.466667 0.745313 0.462500 0.743750 0.460417 0.740625 0.458333 0.735938 0.456250 0.728125 0.456250 0.717187 0.447917 0.710938 0.439583 0.706250 0.435417 0.703125 0.435417 0.700000 0.433333 0.689063 0.433333 0.684375 0.433333
6 0.843750 0.439583 0.842187 0.443750 0.842187 0.452083 0.840625 0.454167 0.839063 0.464583 0.837500 0.491667 0.835938 0.493750 0.837500 0.506250 0.840625 0.502083 0.840625 0.500000 0.845313 0.493750 0.850000 0.489583 0.856250 0.487500 0.862500 0.487500 0.868750 0.489583 0.875000 0.495833 0.881250 0.504167 0.887500 0.514583 0.893750 0.531250 0.895312 0.537500 0.896875 0.543750 0.898438 0.556250 0.898438 0.566667 0.896875 0.579167 0.893750 0.587500 0.889062 0.595833 0.889062 0.600000 0.884375 0.606250 0.881250 0.612500 0.878125 0.622917 0.878125 0.666667 0.881250 0.691667 0.882812 0.727083 0.884375 0.760417 0.884375 0.879167 0.879687 0.885417 0.875000 0.883333 0.871875 0.879167 0.870313 0.875000 0.868750 0.862500 0.867188 0.822917 0.864062 0.806250 0.864062 0.779167 0.860938 0.756250 0.859375 0.727083 0.859375 0.689583 0.857812 0.664583 0.856250 0.639583 0.854688 0.629167 0.850000 0.616667 0.846875 0.610417 0.837500 0.597917 0.832812 0.589583 0.828125 0.577083 0.826562 0.570833 0.825000 0.550000 0.821875 0.552083 0.818750 0.556250 0.817187 0.566667 0.817187 0.579167 0.815625 0.587500 0.814063 0.595833 0.810937 0.602083 0.810937 0.637500 0.807813 0.650000 0.803125 0.693750 0.803125 0.714583 0.800000 0.733333 0.798438 0.760417 0.796875 0.785417 0.796875 0.872917 0.796875 0.877083 0.792188 0.883333 0.778125 0.883333 0.768750 0.877083 0.760938 0.866667 0.760938 0.852083 0.762500 0.839583 0.765625 0.831250 0.765625 0.818750 0.767188 0.810417 0.770312 0.802083 0.770312 0.791667 0.773438 0.781250 0.773438 0.770833 0.776563 0.760417 0.781250 0.727083 0.782813 0.697917 0.784375 0.685417 0.787500 0.672917 0.789062 0.660417 0.787500 0.656250 0.782813 0.658333 0.773438 0.670833 0.768750 0.675000 0.757812 0.683333 0.748437 0.689583 0.740625 0.693750 0.734375 0.695833 0.728125 0.697917 0.721875 0.697917 0.718750 0.700000 0.717187 0.704167 0.717187 0.747917 0.714063 0.777083 0.714063 0.825000 0.712500 0.856250 0.709375 0.879167 0.709375 0.889583 0.710938 0.893750 0.734375 0.895833 0.746875 0.900000 0.762500 0.902083 0.782813 0.904167 0.801562 0.906250 0.882812 0.902083 0.893750 0.904167 0.896875 0.904167 0.900000 0.902083 0.900000 0.841667 0.898438 0.729167 0.900000 0.695833 0.901563 0.677083 0.904687 0.664583 0.906250 0.652083 0.906250 0.631250 0.909375 0.614583 0.909375 0.593750 0.910937 0.579167 0.914062 0.564583 0.914062 0.550000 0.918750 0.520833 0.920312 0.506250 0.921875 0.481250 0.921875 0.470833 0.918750 0.466667 0.917188 0.466667 0.912500 0.460417 0.909375 0.458333 0.904687 0.458333 0.901563 0.454167 0.901563 0.439583 0.843750 0.439583
3 0.809375 0.610417 0.806250 0.612500 0.803125 0.618750 0.798438 0.629167 0.798438 0.633333 0.795312 0.637500 0.792188 0.647917 0.790625 0.656250 0.790625 0.668750 0.785937 0.691667 0.784375 0.704167 0.782813 0.731250 0.781250 0.745833 0.778125 0.756250 0.773438 0.797917 0.771875 0.808333 0.768750 0.816667 0.767188 0.825000 0.767188 0.835417 0.764062 0.845833 0.764062 0.866667 0.765625 0.870833 0.767188 0.872917 0.770312 0.875000 0.776563 0.879167 0.782813 0.881250 0.790625 0.881250 0.793750 0.879167 0.793750 0.810417 0.795312 0.770833 0.796875 0.745833 0.798438 0.725000 0.800000 0.706250 0.801562 0.687500 0.807813 0.639583 0.807813 0.622917 0.809375 0.620833 0.809375 0.610417
3 0.821875 0.400000 0.814063 0.410417 0.809375 0.406250 0.806250 0.410417 0.801562 0.425000 0.800000 0.431250 0.798438 0.437500 0.796875 0.445833 0.795312 0.454167 0.801562 0.464583 0.806250 0.477083 0.810937 0.491667 0.812500 0.506250 0.815625 0.512500 0.817187 0.520833 0.817187 0.535417 0.818750 0.537500 0.818750 0.547917 0.821875 0.547917 0.826562 0.541667 0.828125 0.537500 0.829688 0.531250 0.832812 0.512500 0.834375 0.483333 0.835938 0.468750 0.840625 0.445833 0.840625 0.416667 0.835938 0.410417 0.832812 0.400000 0.826562 0.402083 0.821875 0.400000
4 0.851562 0.491667 0.846875 0.495833 0.843750 0.500000 0.843750 0.502083 0.839063 0.508333 0.835938 0.514583 0.832812 0.525000 0.831250 0.531250 0.829688 0.539583 0.828125 0.558333 0.829688 0.570833 0.831250 0.577083 0.832812 0.581250 0.834375 0.585417 0.837500 0.591667 0.842187 0.600000 0.848437 0.608333 0.853125 0.616667 0.854688 0.620833 0.856250 0.625000 0.857812 0.631250 0.859375 0.647917 0.860938 0.672917 0.862500 0.739583 0.864062 0.764583 0.865625 0.789583 0.870313 0.852083 0.871875 0.870833 0.873437 0.877083 0.876563 0.881250 0.881250 0.879167 0.881250 0.752083 0.879687 0.712500 0.875000 0.654167 0.875000 0.625000 0.876563 0.618750 0.881250 0.606250 0.885938 0.600000 0.889062 0.593750 0.893750 0.581250 0.895312 0.575000 0.895312 0.547917 0.890625 0.529167 0.885938 0.516667 0.882812 0.510417 0.871875 0.495833 0.868750 0.493750 0.865625 0.491667 0.862500 0.491667 0.851562 0.491667
13 0.284375 0.708333 0.276562 0.712500 0.260937 0.720833 0.253125 0.722917 0.229687 0.720833 0.220312 0.720833 0.217188 0.725000 0.217188 0.727083 0.212500 0.733333 0.209375 0.741667 0.204687 0.750000 0.196875 0.760417 0.192188 0.770833 0.184375 0.781250 0.179688 0.793750 0.178125 0.800000 0.176563 0.810417 0.176563 0.827083 0.178125 0.835417 0.179688 0.841667 0.181250 0.845833 0.182812 0.850000 0.184375 0.852083 0.189062 0.854167 0.198437 0.868750 0.201563 0.872917 0.204687 0.875000 0.209375 0.877083 0.232813 0.877083 0.239063 0.875000 0.243750 0.872917 0.246875 0.868750 0.250000 0.868750 0.256250 0.862500 0.262500 0.858333 0.267188 0.856250 0.276562 0.854167 0.281250 0.852083 0.285938 0.850000 0.290625 0.845833 0.307812 0.822917 0.310937 0.814583 0.314063 0.808333 0.315625 0.800000 0.317188 0.793750 0.318750 0.785417 0.318750 0.772917 0.317188 0.760417 0.315625 0.752083 0.314063 0.745833 0.309375 0.733333 0.306250 0.727083 0.301563 0.720833 0.301563 0.718750 0.298438 0.714583 0.293750 0.710417 0.290625 0.708333 0.284375 0.708333
0 0.440625 0.585417 0.434375 0.589583 0.418750 0.597917 0.409375 0.604167 0.406250 0.606250 0.404687 0.608333 0.404687 0.610417 0.398438 0.622917 0.392188 0.631250 0.390625 0.635417 0.385937 0.650000 0.385937 0.660417 0.382812 0.668750 0.382812 0.716667 0.384375 0.727083 0.385937 0.733333 0.387500 0.739583 0.393750 0.754167 0.395313 0.758333 0.396875 0.760417 0.400000 0.762500 0.404687 0.758333 0.407813 0.758333 0.414062 0.750000 0.418750 0.745833 0.426563 0.743750 0.448437 0.743750 0.454688 0.745833 0.465625 0.754167 0.479687 0.760417 0.482812 0.756250 0.489063 0.745833 0.493750 0.743750 0.503125 0.743750 0.507812 0.745833 0.515625 0.745833 0.520312 0.739583 0.520312 0.731250 0.518750 0.722917 0.515625 0.714583 0.510938 0.702083 0.506250 0.695833 0.504687 0.689583 0.503125 0.687500 0.501563 0.687500 0.500000 0.685417 0.498437 0.681250 0.495312 0.672917 0.495312 0.668750 0.496875 0.664583 0.500000 0.658333 0.501563 0.656250 0.503125 0.654167 0.506250 0.650000 0.509375 0.647917 0.514062 0.650000 0.525000 0.658333 0.532813 0.662500 0.537500 0.662500 0.537500 0.658333 0.535937 0.652083 0.534375 0.647917 0.531250 0.641667 0.528125 0.635417 0.504687 0.604167 0.498437 0.597917 0.484375 0.587500 0.467187 0.585417 0.451562 0.583333 0.440625 0.585417
0 0.509375 0.650000 0.500000 0.662500 0.498437 0.666667 0.498437 0.675000 0.500000 0.679167 0.506250 0.687500 0.509375 0.693750 0.512500 0.700000 0.518750 0.714583 0.521875 0.725000 0.521875 0.747917 0.517188 0.756250 0.517188 0.760417 0.520312 0.766667 0.523438 0.772917 0.526563 0.777083 0.529687 0.777083 0.532813 0.779167 0.540625 0.777083 0.550000 0.772917 0.553125 0.772917 0.564063 0.785417 0.567187 0.783333 0.571875 0.775000 0.578125 0.760417 0.582812 0.747917 0.584375 0.741667 0.587500 0.727083 0.587500 0.716667 0.589063 0.710417 0.593750 0.700000 0.593750 0.691667 0.592187 0.689583 0.592187 0.679167 0.590625 0.670833 0.589063 0.662500 0.582812 0.654167 0.578125 0.652083 0.575000 0.652083 0.571875 0.654167 0.568750 0.662500 0.567187 0.672917 0.562500 0.675000 0.551562 0.675000 0.545312 0.672917 0.534375 0.664583 0.526563 0.662500 0.520312 0.656250 0.514062 0.652083 0.509375 0.650000
7 0.512500 0.072917 0.504687 0.075000 0.498437 0.077083 0.493750 0.079167 0.489063 0.081250 0.481250 0.087500 0.475000 0.093750 0.465625 0.106250 0.459375 0.118750 0.456250 0.125000 0.451562 0.139583 0.450000 0.150000 0.450000 0.191667 0.451562 0.200000 0.453125 0.208333 0.456250 0.222917 0.459375 0.231250 0.465625 0.245833 0.465625 0.252083 0.467187 0.258333 0.470313 0.266667 0.475000 0.279167 0.487500 0.295833 0.493750 0.302083 0.498437 0.306250 0.501563 0.308333 0.504687 0.310417 0.509375 0.312500 0.517188 0.314583 0.535937 0.314583 0.542188 0.312500 0.548438 0.310417 0.553125 0.306250 0.573438 0.279167 0.578125 0.266667 0.579688 0.254167 0.585938 0.237500 0.587500 0.231250 0.589063 0.225000 0.593750 0.204167 0.595313 0.191667 0.596875 0.172917 0.595313 0.147917 0.593750 0.141667 0.592187 0.135417 0.585938 0.118750 0.581250 0.108333 0.567187 0.089583 0.559375 0.083333 0.556250 0.081250 0.553125 0.079167 0.548438 0.077083 0.543750 0.075000 0.537500 0.072917 0.512500 0.072917
27 0.565625 0.314583 0.556250 0.316667 0.551562 0.318750 0.546875 0.320833 0.537500 0.327083 0.529687 0.335417 0.521875 0.345833 0.517188 0.354167 0.512500 0.366667 0.507812 0.385417 0.506250 0.393750 0.506250 0.414583 0.509375 0.429167 0.512500 0.439583 0.514062 0.443750 0.517188 0.450000 0.521875 0.458333 0.531250 0.470833 0.535937 0.475000 0.546875 0.481250 0.551562 0.483333 0.557813 0.485417 0.576562 0.485417 0.590625 0.479167 0.593750 0.477083 0.596875 0.475000 0.610938 0.458333 0.615625 0.452083 0.615625 0.450000 0.621875 0.441667 0.626563 0.431250 0.628125 0.427083 0.629687 0.420833 0.631250 0.412500 0.631250 0.383333 0.629687 0.372917 0.628125 0.366667 0.623437 0.354167 0.620313 0.347917 0.606250 0.329167 0.598437 0.322917 0.590625 0.318750 0.584375 0.316667 0.575000 0.314583 0.565625 0.314583
10 0.465625 0.325000 0.462500 0.331250 0.462500 0.341667 0.460938 0.347917 0.457813 0.352083 0.454688 0.352083 0.448437 0.347917 0.440625 0.343750 0.420312 0.329167 0.415625 0.327083 0.406250 0.329167 0.404687 0.333333 0.398438 0.350000 0.392188 0.368750 0.390625 0.379167 0.385937 0.393750 0.376563 0.418750 0.373437 0.422917 0.364063 0.447917 0.360938 0.458333 0.360938 0.462500 0.359375 0.466667 0.365625 0.475000 0.375000 0.481250 0.385937 0.485417 0.389062 0.487500 0.398438 0.495833 0.407813 0.502083 0.415625 0.506250 0.420312 0.508333 0.431250 0.508333 0.437500 0.506250 0.442188 0.500000 0.445312 0.491667 0.446875 0.483333 0.450000 0.479167 0.451562 0.470833 0.454688 0.462500 0.462500 0.447917 0.464062 0.443750 0.464062 0.439583 0.465625 0.435417 0.470313 0.429167 0.471875 0.425000 0.473438 0.416667 0.481250 0.402083 0.482812 0.395833 0.482812 0.385417 0.484375 0.379167 0.485938 0.375000 0.484375 0.366667 0.482812 0.360417 0.481250 0.356250 0.475000 0.347917 0.475000 0.343750 0.479687 0.333333 0.478125 0.325000 0.465625 0.325000
20 0.426563 0.156250 0.398438 0.160417 0.384375 0.162500 0.371875 0.166667 0.359375 0.168750 0.345313 0.170833 0.328125 0.172917 0.310937 0.172917 0.293750 0.175000 0.279687 0.177083 0.253125 0.183333 0.239063 0.183333 0.226562 0.185417 0.203125 0.189583 0.192188 0.191667 0.184375 0.193750 0.176563 0.195833 0.173437 0.197917 0.168750 0.204167 0.167187 0.208333 0.167187 0.222917 0.167187 0.254167 0.170313 0.268750 0.170313 0.287500 0.175000 0.304167 0.175000 0.329167 0.176563 0.347917 0.178125 0.356250 0.179688 0.360417 0.181250 0.364583 0.185938 0.370833 0.201563 0.372917 0.228125 0.372917 0.237500 0.368750 0.259375 0.368750 0.267188 0.366667 0.275000 0.362500 0.295312 0.362500 0.306250 0.360417 0.315625 0.358333 0.331250 0.352083 0.343750 0.352083 0.354687 0.350000 0.385937 0.343750 0.395313 0.341667 0.398438 0.337500 0.400000 0.337500 0.401562 0.335417 0.403125 0.329167 0.406250 0.325000 0.409375 0.322917 0.412500 0.322917 0.420312 0.325000 0.428125 0.331250 0.434375 0.333333 0.442188 0.333333 0.450000 0.331250 0.460938 0.327083 0.464062 0.322917 0.464062 0.314583 0.460938 0.281250 0.460938 0.243750 0.459375 0.239583 0.454688 0.233333 0.453125 0.225000 0.451562 0.218750 0.450000 0.210417 0.448437 0.200000 0.446875 0.189583 0.446875 0.170833 0.443750 0.158333 0.440625 0.156250 0.426563 0.156250
0 0.495312 0.745833 0.490625 0.747917 0.487500 0.750000 0.485938 0.752083 0.484375 0.756250 0.484375 0.770833 0.487500 0.783333 0.485938 0.795833 0.484375 0.802083 0.482812 0.806250 0.479687 0.812500 0.476562 0.816667 0.470313 0.816667 0.468750 0.814583 0.462500 0.814583 0.457813 0.818750 0.457813 0.825000 0.456250 0.827083 0.456250 0.839583 0.457813 0.845833 0.459375 0.850000 0.460938 0.854167 0.465625 0.856250 0.473438 0.864583 0.496875 0.864583 0.504687 0.868750 0.515625 0.868750 0.523438 0.866667 0.526563 0.864583 0.529687 0.862500 0.534375 0.856250 0.554688 0.827083 0.557813 0.820833 0.562500 0.806250 0.562500 0.793750 0.560937 0.787500 0.556250 0.781250 0.553125 0.779167 0.546875 0.779167 0.537500 0.785417 0.532813 0.785417 0.529687 0.783333 0.526563 0.781250 0.518750 0.768750 0.517188 0.768750 0.515625 0.766667 0.514062 0.760417 0.510938 0.754167 0.506250 0.747917 0.503125 0.745833 0.495312 0.745833
4 0.184375 0.852083 0.182812 0.864583 0.185938 0.870833 0.189062 0.872917 0.195312 0.872917 0.198437 0.870833 0.196875 0.866667 0.195312 0.864583 0.192188 0.860417 0.184375 0.852083
4 0.159375 0.570833 0.156250 0.572917 0.151562 0.579167 0.146875 0.591667 0.145313 0.602083 0.145313 0.627083 0.146875 0.635417 0.148438 0.641667 0.150000 0.645833 0.151562 0.650000 0.157812 0.658333 0.167187 0.666667 0.168750 0.666667 0.170313 0.668750 0.171875 0.672917 0.171875 0.706250 0.173437 0.729167 0.176563 0.762500 0.178125 0.764583 0.178125 0.779167 0.179688 0.781250 0.179688 0.785417 0.182812 0.783333 0.189062 0.772917 0.190625 0.768750 0.190625 0.760417 0.185938 0.729167 0.184375 0.712500 0.182812 0.695833 0.182812 0.677083 0.181250 0.670833 0.176563 0.660417 0.173437 0.650000 0.171875 0.639583 0.171875 0.595833 0.173437 0.587500 0.176563 0.581250 0.175000 0.572917 0.171875 0.570833 0.159375 0.570833
17 0.814063 0.170833 0.800000 0.175000 0.795312 0.177083 0.792188 0.181250 0.789062 0.187500 0.782813 0.204167 0.779687 0.210417 0.775000 0.216667 0.768750 0.218750 0.767188 0.227083 0.765625 0.247917 0.762500 0.254167 0.760938 0.262500 0.760938 0.270833 0.762500 0.279167 0.764062 0.283333 0.770312 0.291667 0.778125 0.295833 0.781250 0.300000 0.782813 0.306250 0.792188 0.322917 0.796875 0.331250 0.798438 0.335417 0.798438 0.341667 0.800000 0.345833 0.803125 0.350000 0.803125 0.352083 0.804688 0.354167 0.807813 0.356250 0.812500 0.356250 0.815625 0.352083 0.821875 0.352083 0.839063 0.354167 0.840625 0.358333 0.842187 0.364583 0.842187 0.385417 0.839063 0.389583 0.834375 0.391667 0.832812 0.397917 0.835938 0.402083 0.835938 0.406250 0.837500 0.410417 0.842187 0.414583 0.842187 0.418750 0.843750 0.422917 0.850000 0.427083 0.856250 0.425000 0.856250 0.422917 0.859375 0.418750 0.862500 0.418750 0.867188 0.412500 0.867188 0.408333 0.864062 0.383333 0.860938 0.381250 0.856250 0.381250 0.851562 0.375000 0.850000 0.370833 0.848437 0.358333 0.846875 0.345833 0.850000 0.320833 0.853125 0.322917 0.862500 0.335417 0.868750 0.339583 0.871875 0.339583 0.878125 0.335417 0.878125 0.325000 0.867188 0.308333 0.868750 0.302083 0.871875 0.302083 0.878125 0.293750 0.882812 0.285417 0.884375 0.281250 0.884375 0.277083 0.879687 0.270833 0.878125 0.270833 0.873437 0.264583 0.871875 0.258333 0.878125 0.252083 0.879687 0.247917 0.879687 0.243750 0.875000 0.237500 0.865625 0.235417 0.862500 0.231250 0.862500 0.212500 0.860938 0.208333 0.859375 0.204167 0.857812 0.202083 0.854688 0.200000 0.851562 0.197917 0.845313 0.195833 0.837500 0.195833 0.834375 0.193750 0.831250 0.191667 0.829688 0.189583 0.828125 0.185417 0.828125 0.179167 0.826562 0.175000 0.825000 0.172917 0.821875 0.170833 0.814063 0.170833
