4 0.384375 0.077083 0.379688 0.079167 0.376563 0.081250 0.373437 0.083333 0.367188 0.089583 0.356250 0.104167 0.351562 0.112500 0.339062 0.135417 0.334375 0.147917 0.332813 0.154167 0.332813 0.168750 0.334375 0.179167 0.339062 0.206250 0.343750 0.220833 0.343750 0.231250 0.342187 0.239583 0.340625 0.245833 0.339062 0.252083 0.335938 0.262500 0.331250 0.277083 0.325000 0.295833 0.317188 0.318750 0.289062 0.389583 0.281250 0.414583 0.278125 0.427083 0.270313 0.456250 0.265625 0.475000 0.257812 0.506250 0.256250 0.518750 0.256250 0.529167 0.259375 0.533333 0.268750 0.535417 0.270313 0.535417 0.271875 0.533333 0.273438 0.529167 0.276562 0.520833 0.282813 0.502083 0.296875 0.458333 0.301563 0.441667 0.301563 0.435417 0.304688 0.425000 0.307812 0.414583 0.315625 0.393750 0.321875 0.372917 0.326562 0.350000 0.332813 0.333333 0.339062 0.310417 0.340625 0.297917 0.345313 0.287500 0.348438 0.272917 0.350000 0.258333 0.354687 0.239583 0.356250 0.235417 0.364063 0.225000 0.368750 0.220833 0.381250 0.212500 0.396875 0.191667 0.407813 0.170833 0.412500 0.158333 0.418750 0.137500 0.420312 0.125000 0.420312 0.110417 0.418750 0.100000 0.417187 0.095833 0.415625 0.091667 0.407813 0.081250 0.404687 0.079167 0.400000 0.077083 0.384375 0.077083
5 0.840625 0.214583 0.837500 0.218750 0.835938 0.222917 0.834375 0.229167 0.832812 0.237500 0.831250 0.245833 0.829688 0.260417 0.828125 0.281250 0.826562 0.302083 0.825000 0.325000 0.823438 0.377083 0.821875 0.397917 0.820312 0.420833 0.817187 0.433333 0.818750 0.454167 0.825000 0.460417 0.825000 0.466667 0.821875 0.472917 0.820312 0.483333 0.818750 0.493750 0.818750 0.506250 0.810937 0.554167 0.809375 0.570833 0.807813 0.614583 0.806250 0.631250 0.804688 0.643750 0.801562 0.656250 0.800000 0.668750 0.798438 0.681250 0.798438 0.704167 0.804688 0.712500 0.815625 0.722917 0.820312 0.727083 0.825000 0.731250 0.829688 0.731250 0.831250 0.727083 0.832812 0.720833 0.834375 0.706250 0.835938 0.693750 0.837500 0.679167 0.839063 0.658333 0.840625 0.631250 0.842187 0.595833 0.843750 0.560417 0.843750 0.522917 0.846875 0.489583 0.846875 0.477083 0.845313 0.475000 0.845313 0.462500 0.848437 0.435417 0.851562 0.379167 0.851562 0.347917 0.851562 0.247917 0.851562 0.220833 0.846875 0.214583 0.840625 0.214583
6 0.279687 0.760417 0.278125 0.762500 0.275000 0.762500 0.273438 0.766667 0.271875 0.770833 0.268750 0.781250 0.265625 0.791667 0.260937 0.810417 0.260937 0.816667 0.264062 0.820833 0.273438 0.827083 0.278125 0.827083 0.285938 0.833333 0.295312 0.837500 0.331250 0.854167 0.345313 0.860417 0.351562 0.860417 0.357812 0.866667 0.360938 0.868750 0.371875 0.875000 0.389062 0.881250 0.401562 0.889583 0.414062 0.895833 0.434375 0.902083 0.453125 0.910417 0.460938 0.916667 0.465625 0.916667 0.473438 0.920833 0.485938 0.929167 0.506250 0.937500 0.517188 0.945833 0.521875 0.947917 0.528125 0.947917 0.531250 0.943750 0.532813 0.937500 0.539062 0.908333 0.548438 0.879167 0.550000 0.872917 0.550000 0.866667 0.553125 0.858333 0.551562 0.852083 0.532813 0.852083 0.520312 0.845833 0.507812 0.837500 0.503125 0.833333 0.489063 0.814583 0.485938 0.808333 0.485938 0.789583 0.487500 0.785417 0.492188 0.779167 0.493750 0.775000 0.493750 0.770833 0.490625 0.770833 0.489063 0.768750 0.479687 0.766667 0.465625 0.764583 0.451562 0.762500 0.418750 0.760417 0.334375 0.762500 0.335938 0.768750 0.340625 0.779167 0.346875 0.789583 0.360938 0.820833 0.367188 0.837500 0.367188 0.847917 0.362500 0.854167 0.356250 0.860417 0.346875 0.858333 0.342187 0.850000 0.335938 0.835417 0.321875 0.814583 0.314063 0.800000 0.312500 0.793750 0.301563 0.772917 0.296875 0.766667 0.296875 0.764583 0.293750 0.760417 0.279687 0.760417
6 0.353125 0.487500 0.350000 0.493750 0.346875 0.508333 0.340625 0.522917 0.339062 0.529167 0.337500 0.537500 0.340625 0.539583 0.342187 0.541667 0.439063 0.541667 0.442188 0.545833 0.440625 0.706250 0.437500 0.708333 0.325000 0.708333 0.320312 0.706250 0.317188 0.702083 0.318750 0.654167 0.318750 0.647917 0.317188 0.637500 0.318750 0.635417 0.318750 0.627083 0.317188 0.625000 0.317188 0.614583 0.314063 0.618750 0.314063 0.622917 0.310937 0.629167 0.306250 0.645833 0.296875 0.681250 0.296875 0.685417 0.295312 0.689583 0.296875 0.693750 0.298438 0.697917 0.310937 0.720833 0.315625 0.729167 0.321875 0.737500 0.381250 0.737500 0.421875 0.735417 0.440625 0.733333 0.454688 0.731250 0.467187 0.727083 0.490625 0.725000 0.515625 0.727083 0.517188 0.731250 0.517188 0.739583 0.514062 0.750000 0.515625 0.762500 0.521875 0.762500 0.539062 0.760417 0.546875 0.762500 0.551562 0.764583 0.554688 0.766667 0.562500 0.775000 0.567187 0.779167 0.573438 0.777083 0.575000 0.772917 0.576562 0.762500 0.587500 0.725000 0.590625 0.712500 0.595313 0.693750 0.596875 0.683333 0.593750 0.679167 0.584375 0.679167 0.578125 0.677083 0.573438 0.675000 0.570312 0.672917 0.567187 0.670833 0.554688 0.660417 0.550000 0.656250 0.543750 0.650000 0.537500 0.641667 0.537500 0.639583 0.529687 0.629167 0.523438 0.612500 0.521875 0.606250 0.521875 0.585417 0.523438 0.579167 0.525000 0.575000 0.526563 0.570833 0.531250 0.562500 0.528125 0.558333 0.525000 0.556250 0.521875 0.554167 0.514062 0.550000 0.506250 0.545833 0.487500 0.537500 0.481250 0.537500 0.481250 0.579167 0.479687 0.618750 0.478125 0.643750 0.476562 0.666667 0.475000 0.689583 0.473438 0.708333 0.471875 0.716667 0.468750 0.720833 0.454688 0.720833 0.450000 0.714583 0.448437 0.693750 0.448437 0.614583 0.450000 0.579167 0.451562 0.554167 0.453125 0.537500 0.454688 0.535417 0.454688 0.522917 0.451562 0.518750 0.446875 0.516667 0.437500 0.514583 0.432812 0.512500 0.415625 0.504167 0.404687 0.495833 0.400000 0.493750 0.390625 0.491667 0.364063 0.479167 0.353125 0.487500
6 0.442188 0.352083 0.437500 0.354167 0.434375 0.356250 0.429688 0.362500 0.421875 0.375000 0.403125 0.404167 0.395313 0.416667 0.387500 0.429167 0.373437 0.452083 0.368750 0.460417 0.365625 0.466667 0.364063 0.470833 0.364063 0.475000 0.367188 0.477083 0.371875 0.479167 0.379688 0.481250 0.384375 0.485417 0.406250 0.493750 0.414062 0.500000 0.426563 0.506250 0.445312 0.514583 0.450000 0.514583 0.451562 0.516667 0.454688 0.516667 0.456250 0.512500 0.457813 0.491667 0.457813 0.470833 0.462500 0.445833 0.464062 0.427083 0.464062 0.397917 0.462500 0.389583 0.460938 0.383333 0.459375 0.379167 0.453125 0.368750 0.450000 0.358333 0.445312 0.352083 0.442188 0.352083
6 0.279687 0.000000 0.275000 0.004167 0.273438 0.010417 0.267188 0.025000 0.267188 0.029167 0.257812 0.052083 0.245312 0.093750 0.240625 0.116667 0.239063 0.125000 0.235937 0.145833 0.232813 0.175000 0.231250 0.183333 0.229687 0.189583 0.228125 0.195833 0.221875 0.212500 0.214062 0.241667 0.206250 0.270833 0.195312 0.318750 0.189062 0.341667 0.184375 0.352083 0.179688 0.375000 0.178125 0.379167 0.179688 0.383333 0.184375 0.385417 0.189062 0.389583 0.204687 0.395833 0.240625 0.412500 0.253125 0.420833 0.267188 0.427083 0.276562 0.425000 0.278125 0.414583 0.282813 0.400000 0.290625 0.377083 0.301563 0.347917 0.323437 0.291667 0.334375 0.258333 0.339062 0.239583 0.340625 0.227083 0.340625 0.220833 0.339062 0.212500 0.337500 0.204167 0.332813 0.187500 0.331250 0.177083 0.331250 0.150000 0.337500 0.133333 0.340625 0.127083 0.354687 0.102083 0.364063 0.089583 0.371875 0.081250 0.376563 0.077083 0.381250 0.075000 0.387500 0.072917 0.396875 0.072917 0.403125 0.075000 0.406250 0.077083 0.409375 0.079167 0.415625 0.087500 0.418750 0.093750 0.420312 0.097917 0.421875 0.104167 0.421875 0.131250 0.420312 0.141667 0.417187 0.152083 0.414062 0.160417 0.409375 0.172917 0.406250 0.179167 0.398438 0.193750 0.384375 0.212500 0.365625 0.227083 0.360938 0.233333 0.357812 0.239583 0.356250 0.243750 0.354687 0.250000 0.350000 0.277083 0.340625 0.314583 0.329688 0.347917 0.323437 0.377083 0.310937 0.412500 0.307812 0.422917 0.304688 0.435417 0.306250 0.445833 0.309375 0.447917 0.317188 0.452083 0.340625 0.462500 0.345313 0.460417 0.356250 0.445833 0.365625 0.429167 0.378125 0.412500 0.384375 0.402083 0.387500 0.393750 0.396875 0.381250 0.401562 0.370833 0.417187 0.350000 0.421875 0.341667 0.423438 0.333333 0.423438 0.316667 0.425000 0.310417 0.426563 0.306250 0.428125 0.302083 0.432812 0.293750 0.442188 0.281250 0.446875 0.272917 0.453125 0.262500 0.454688 0.258333 0.456250 0.252083 0.456250 0.245833 0.457813 0.239583 0.459375 0.235417 0.460938 0.231250 0.470313 0.229167 0.475000 0.222917 0.476562 0.222917 0.479687 0.218750 0.479687 0.216667 0.482812 0.212500 0.490625 0.204167 0.496875 0.204167 0.504687 0.210417 0.514062 0.225000 0.517188 0.229167 0.518750 0.229167 0.520312 0.239583 0.517188 0.250000 0.514062 0.256250 0.507812 0.264583 0.498437 0.285417 0.496875 0.291667 0.496875 0.310417 0.495312 0.312500 0.496875 0.331250 0.496875 0.339583 0.495312 0.354167 0.493750 0.364583 0.489063 0.377083 0.485938 0.381250 0.481250 0.393750 0.482812 0.510417 0.482812 0.516667 0.481250 0.518750 0.481250 0.527083 0.484375 0.531250 0.489063 0.529167 0.489063 0.522917 0.490625 0.520833 0.490625 0.516667 0.484375 0.508333 0.484375 0.497917 0.489063 0.485417 0.493750 0.477083 0.501563 0.466667 0.506250 0.458333 0.509375 0.452083 0.515625 0.435417 0.520312 0.418750 0.521875 0.408333 0.526563 0.391667 0.531250 0.381250 0.537500 0.354167 0.542188 0.343750 0.548438 0.320833 0.551562 0.304167 0.557813 0.281250 0.564063 0.264583 0.568750 0.247917 0.575000 0.218750 0.581250 0.202083 0.584375 0.189583 0.585938 0.183333 0.589063 0.164583 0.592187 0.158333 0.593750 0.152083 0.593750 0.145833 0.596875 0.137500 0.596875 0.133333 0.595313 0.129167 0.593750 0.127083 0.590625 0.125000 0.582812 0.122917 0.575000 0.116667 0.565625 0.112500 0.529687 0.095833 0.496875 0.081250 0.476562 0.072917 0.460938 0.066667 0.428125 0.054167 0.403125 0.047917 0.384375 0.039583 0.367188 0.031250 0.342187 0.016667 0.329688 0.012500 0.317188 0.004167 0.309375 0.002083 0.287500 0.000000 0.279687 0.000000
6 0.540625 0.445833 0.534375 0.456250 0.528125 0.466667 0.526563 0.472917 0.510938 0.500000 0.500000 0.512500 0.495312 0.518750 0.493750 0.527083 0.495312 0.537500 0.498437 0.537500 0.503125 0.541667 0.510938 0.543750 0.529687 0.556250 0.534375 0.558333 0.542188 0.558333 0.568750 0.556250 0.576562 0.558333 0.587500 0.562500 0.593750 0.566667 0.606250 0.575000 0.612500 0.581250 0.623437 0.595833 0.629687 0.608333 0.631250 0.610417 0.634375 0.612500 0.640625 0.616667 0.654687 0.622917 0.659375 0.622917 0.660937 0.625000 0.665625 0.620833 0.662500 0.614583 0.650000 0.597917 0.640625 0.583333 0.637500 0.572917 0.629687 0.562500 0.625000 0.560417 0.620313 0.554167 0.617188 0.552083 0.610938 0.550000 0.604688 0.543750 0.601562 0.543750 0.598437 0.541667 0.595313 0.539583 0.584375 0.525000 0.578125 0.514583 0.573438 0.504167 0.567187 0.489583 0.560937 0.472917 0.557813 0.462500 0.554688 0.445833 0.553125 0.441667 0.551562 0.437500 0.540625 0.445833
6 0.817187 0.387500 0.814063 0.393750 0.800000 0.412500 0.796875 0.418750 0.795312 0.429167 0.789062 0.443750 0.789062 0.456250 0.785937 0.468750 0.784375 0.481250 0.784375 0.495833 0.781250 0.510417 0.781250 0.527083 0.779687 0.539583 0.776563 0.550000 0.776563 0.560417 0.773438 0.568750 0.768750 0.606250 0.768750 0.622917 0.762500 0.652083 0.762500 0.662500 0.759375 0.668750 0.759375 0.675000 0.760938 0.679167 0.764062 0.681250 0.771875 0.683333 0.784375 0.691667 0.793750 0.695833 0.795312 0.691667 0.796875 0.679167 0.796875 0.666667 0.800000 0.656250 0.801562 0.645833 0.801562 0.631250 0.804688 0.616667 0.806250 0.597917 0.806250 0.577083 0.807813 0.558333 0.812500 0.516667 0.814063 0.506250 0.815625 0.495833 0.818750 0.489583 0.818750 0.481250 0.823438 0.466667 0.823438 0.460417 0.820312 0.456250 0.817187 0.456250 0.814063 0.452083 0.814063 0.433333 0.817187 0.422917 0.817187 0.410417 0.818750 0.400000 0.821875 0.393750 0.821875 0.385417 0.820312 0.379167 0.817187 0.387500
6 0.856250 0.239583 0.853125 0.243750 0.851562 0.272917 0.851562 0.314583 0.854688 0.356250 0.854688 0.370833 0.853125 0.393750 0.850000 0.420833 0.848437 0.447917 0.848437 0.506250 0.845313 0.543750 0.845313 0.606250 0.848437 0.600000 0.850000 0.591667 0.853125 0.587500 0.854688 0.583333 0.857812 0.572917 0.859375 0.562500 0.870313 0.527083 0.875000 0.512500 0.881250 0.497917 0.889062 0.472917 0.900000 0.435417 0.907813 0.408333 0.910937 0.391667 0.931250 0.325000 0.937500 0.310417 0.942187 0.295833 0.943750 0.289583 0.945312 0.283333 0.945312 0.277083 0.943750 0.272917 0.939063 0.270833 0.929688 0.266667 0.917188 0.264583 0.889062 0.254167 0.878125 0.247917 0.871875 0.247917 0.860938 0.243750 0.856250 0.239583
6 0.620313 0.120833 0.617188 0.122917 0.614062 0.129167 0.606250 0.147917 0.600000 0.164583 0.593750 0.189583 0.589063 0.204167 0.581250 0.222917 0.581250 0.229167 0.576562 0.243750 0.568750 0.264583 0.567187 0.275000 0.562500 0.289583 0.559375 0.293750 0.548438 0.331250 0.545312 0.347917 0.540625 0.358333 0.539062 0.368750 0.534375 0.379167 0.529687 0.395833 0.528125 0.402083 0.526563 0.416667 0.525000 0.418750 0.525000 0.422917 0.528125 0.422917 0.531250 0.416667 0.532813 0.416667 0.535937 0.412500 0.543750 0.400000 0.564063 0.366667 0.576562 0.343750 0.578125 0.337500 0.581250 0.333333 0.582812 0.333333 0.585938 0.329167 0.585938 0.327083 0.590625 0.320833 0.592187 0.314583 0.596875 0.308333 0.601562 0.297917 0.607812 0.281250 0.614062 0.254167 0.623437 0.229167 0.631250 0.216667 0.659375 0.179167 0.664062 0.175000 0.667188 0.175000 0.670312 0.179167 0.668750 0.183333 0.678125 0.185417 0.678125 0.187500 0.682813 0.189583 0.685937 0.193750 0.685937 0.195833 0.689063 0.200000 0.690625 0.200000 0.693750 0.204167 0.692187 0.210417 0.689063 0.218750 0.681250 0.239583 0.676562 0.245833 0.675000 0.252083 0.671875 0.258333 0.662500 0.272917 0.656250 0.281250 0.648438 0.289583 0.631250 0.302083 0.623437 0.310417 0.606250 0.333333 0.600000 0.343750 0.598437 0.350000 0.614062 0.350000 0.618750 0.352083 0.623437 0.354167 0.626563 0.356250 0.632812 0.362500 0.646875 0.381250 0.650000 0.387500 0.651563 0.391667 0.653125 0.395833 0.653125 0.422917 0.654687 0.427083 0.671875 0.447917 0.675000 0.452083 0.709375 0.500000 0.726562 0.520833 0.734375 0.529167 0.740625 0.535417 0.746875 0.541667 0.751563 0.543750 0.760938 0.556250 0.762500 0.560417 0.762500 0.568750 0.759375 0.575000 0.753125 0.583333 0.750000 0.585417 0.742188 0.585417 0.739062 0.583333 0.732812 0.575000 0.721875 0.552083 0.717187 0.543750 0.710938 0.533333 0.703125 0.520833 0.687500 0.497917 0.651563 0.447917 0.646875 0.441667 0.643750 0.439583 0.623437 0.439583 0.618750 0.437500 0.615625 0.435417 0.612500 0.433333 0.600000 0.416667 0.596875 0.410417 0.592187 0.397917 0.590625 0.391667 0.589063 0.385417 0.584375 0.372917 0.582812 0.372917 0.581250 0.375000 0.575000 0.385417 0.565625 0.402083 0.562500 0.408333 0.560937 0.412500 0.573438 0.429167 0.582812 0.445833 0.587500 0.450000 0.595313 0.464583 0.607812 0.481250 0.635938 0.525000 0.640625 0.535417 0.653125 0.552083 0.657813 0.562500 0.667188 0.575000 0.676562 0.593750 0.685937 0.606250 0.692187 0.618750 0.701562 0.631250 0.707812 0.643750 0.709375 0.645833 0.712500 0.650000 0.718750 0.656250 0.721875 0.658333 0.725000 0.660417 0.740625 0.668750 0.745313 0.670833 0.750000 0.670833 0.750000 0.660417 0.754687 0.637500 0.756250 0.614583 0.757812 0.604167 0.760938 0.595833 0.760938 0.587500 0.764062 0.581250 0.764062 0.556250 0.765625 0.533333 0.767188 0.522917 0.771875 0.506250 0.773438 0.491667 0.773438 0.477083 0.776563 0.466667 0.776563 0.456250 0.779687 0.445833 0.779687 0.431250 0.781250 0.420833 0.785937 0.412500 0.792188 0.402083 0.795312 0.395833 0.795312 0.391667 0.800000 0.383333 0.803125 0.375000 0.803125 0.364583 0.806250 0.354167 0.804688 0.350000 0.806250 0.312500 0.803125 0.297917 0.803125 0.283333 0.800000 0.277083 0.796875 0.258333 0.798438 0.247917 0.801562 0.245833 0.806250 0.256250 0.810937 0.272917 0.810937 0.287500 0.812500 0.295833 0.818750 0.310417 0.820312 0.322917 0.818750 0.331250 0.821875 0.343750 0.823438 0.354167 0.825000 0.350000 0.825000 0.345833 0.825000 0.335417 0.823438 0.320833 0.825000 0.314583 0.823438 0.302083 0.826562 0.283333 0.826562 0.264583 0.828125 0.250000 0.831250 0.237500 0.829688 0.227083 0.826562 0.227083 0.814063 0.218750 0.796875 0.212500 0.789062 0.208333 0.764062 0.191667 0.753125 0.185417 0.745313 0.181250 0.735938 0.177083 0.731250 0.175000 0.717187 0.170833 0.704688 0.164583 0.689063 0.154167 0.676562 0.150000 0.665625 0.143750 0.662500 0.139583 0.654687 0.135417 0.642188 0.129167 0.637500 0.127083 0.628125 0.125000 0.623437 0.120833 0.620313 0.120833
3 0.664062 0.179167 0.660937 0.181250 0.631250 0.220833 0.623437 0.235417 0.618750 0.245833 0.615625 0.256250 0.615625 0.262500 0.612500 0.268750 0.612500 0.275000 0.609375 0.285417 0.607812 0.289583 0.606250 0.293750 0.601562 0.304167 0.596875 0.314583 0.593750 0.320833 0.587500 0.331250 0.575000 0.350000 0.568750 0.360417 0.565625 0.368750 0.562500 0.370833 0.557813 0.381250 0.551562 0.391667 0.545312 0.402083 0.525000 0.435417 0.512500 0.452083 0.507812 0.462500 0.498437 0.475000 0.493750 0.483333 0.490625 0.489583 0.487500 0.502083 0.487500 0.506250 0.492188 0.512500 0.496875 0.512500 0.503125 0.506250 0.507812 0.500000 0.507812 0.497917 0.514062 0.489583 0.521875 0.472917 0.532813 0.456250 0.540625 0.439583 0.545312 0.431250 0.553125 0.420833 0.571875 0.385417 0.582812 0.366667 0.593750 0.347917 0.600000 0.337500 0.623437 0.306250 0.629687 0.300000 0.634375 0.295833 0.643750 0.289583 0.653125 0.281250 0.662500 0.268750 0.668750 0.258333 0.673438 0.250000 0.678125 0.239583 0.682813 0.225000 0.687500 0.214583 0.692187 0.208333 0.692187 0.204167 0.682813 0.191667 0.675000 0.187500 0.667188 0.179167 0.664062 0.179167
4 0.603125 0.352083 0.598437 0.354167 0.595313 0.358333 0.593750 0.362500 0.592187 0.368750 0.592187 0.387500 0.593750 0.393750 0.598437 0.408333 0.601562 0.414583 0.612500 0.429167 0.621875 0.435417 0.642188 0.433333 0.645312 0.435417 0.657813 0.452083 0.692187 0.502083 0.698438 0.508333 0.709375 0.525000 0.715625 0.535417 0.721875 0.545833 0.728125 0.560417 0.732812 0.568750 0.737500 0.577083 0.739062 0.579167 0.742188 0.581250 0.748437 0.581250 0.751563 0.579167 0.754687 0.577083 0.756250 0.575000 0.757812 0.570833 0.759375 0.566667 0.759375 0.560417 0.757812 0.556250 0.751563 0.547917 0.742188 0.541667 0.735938 0.535417 0.728125 0.527083 0.717187 0.514583 0.693750 0.485417 0.692187 0.483333 0.662500 0.443750 0.660937 0.441667 0.657813 0.435417 0.650000 0.427083 0.650000 0.393750 0.648438 0.389583 0.646875 0.385417 0.631250 0.364583 0.626563 0.360417 0.623437 0.358333 0.620313 0.356250 0.615625 0.354167 0.609375 0.352083 0.603125 0.352083
3 0.465625 0.229167 0.462500 0.233333 0.460938 0.237500 0.459375 0.250000 0.457813 0.262500 0.457813 0.281250 0.454688 0.287500 0.454688 0.302083 0.451562 0.310417 0.453125 0.325000 0.450000 0.339583 0.450000 0.350000 0.451562 0.356250 0.453125 0.362500 0.454688 0.366667 0.462500 0.379167 0.465625 0.389583 0.465625 0.443750 0.460938 0.466667 0.459375 0.489583 0.459375 0.514583 0.457813 0.535417 0.454688 0.547917 0.453125 0.572917 0.451562 0.597917 0.451562 0.710417 0.453125 0.714583 0.459375 0.718750 0.465625 0.718750 0.468750 0.716667 0.470313 0.712500 0.471875 0.700000 0.473438 0.683333 0.475000 0.662500 0.476562 0.633333 0.478125 0.606250 0.479687 0.564583 0.478125 0.506250 0.479687 0.460417 0.479687 0.433333 0.478125 0.397917 0.479687 0.391667 0.481250 0.385417 0.484375 0.381250 0.484375 0.377083 0.487500 0.375000 0.490625 0.366667 0.492188 0.360417 0.493750 0.347917 0.495312 0.291667 0.496875 0.272917 0.496875 0.229167 0.489063 0.229167 0.471875 0.229167 0.465625 0.229167
3 0.451562 0.266667 0.446875 0.272917 0.445312 0.281250 0.439063 0.287500 0.437500 0.289583 0.437500 0.291667 0.431250 0.302083 0.426563 0.312500 0.425000 0.327083 0.425000 0.337500 0.425000 0.341667 0.423438 0.345833 0.415625 0.354167 0.404687 0.370833 0.398438 0.383333 0.389062 0.395833 0.387500 0.402083 0.385937 0.404167 0.376563 0.418750 0.364063 0.435417 0.357812 0.447917 0.354687 0.452083 0.353125 0.452083 0.350000 0.456250 0.350000 0.458333 0.345313 0.464583 0.343750 0.470833 0.339062 0.477083 0.328125 0.493750 0.325000 0.497917 0.323437 0.497917 0.320312 0.502083 0.307812 0.520833 0.304688 0.525000 0.290625 0.541667 0.281250 0.554167 0.279687 0.560417 0.275000 0.562500 0.275000 0.566667 0.273438 0.568750 0.273438 0.575000 0.275000 0.579167 0.281250 0.587500 0.284375 0.591667 0.289062 0.595833 0.292187 0.595833 0.296875 0.591667 0.303125 0.583333 0.312500 0.564583 0.312500 0.560417 0.320312 0.545833 0.320312 0.541667 0.325000 0.537500 0.328125 0.529167 0.339062 0.514583 0.345313 0.504167 0.348438 0.493750 0.354687 0.483333 0.360938 0.475000 0.365625 0.466667 0.364063 0.462500 0.370312 0.452083 0.376563 0.441667 0.385937 0.429167 0.390625 0.418750 0.407813 0.393750 0.407813 0.391667 0.415625 0.379167 0.417187 0.377083 0.418750 0.377083 0.420312 0.375000 0.426563 0.362500 0.434375 0.352083 0.442188 0.347917 0.446875 0.345833 0.450000 0.341667 0.450000 0.320833 0.451562 0.304167 0.453125 0.291667 0.456250 0.283333 0.456250 0.266667 0.451562 0.266667
3 0.492188 0.206250 0.487500 0.212500 0.482812 0.214583 0.479687 0.218750 0.478125 0.225000 0.475000 0.229167 0.489063 0.227083 0.498437 0.229167 0.496875 0.272917 0.496875 0.285417 0.500000 0.285417 0.503125 0.275000 0.503125 0.268750 0.504687 0.264583 0.512500 0.252083 0.517188 0.241667 0.518750 0.235417 0.517188 0.229167 0.506250 0.214583 0.495312 0.206250 0.492188 0.206250
4 0.551562 0.558333 0.545312 0.560417 0.540625 0.562500 0.535937 0.564583 0.532813 0.568750 0.531250 0.568750 0.529687 0.570833 0.528125 0.575000 0.526563 0.579167 0.525000 0.587500 0.525000 0.606250 0.526563 0.612500 0.528125 0.618750 0.531250 0.625000 0.534375 0.631250 0.539062 0.639583 0.542188 0.643750 0.545312 0.647917 0.550000 0.652083 0.554688 0.656250 0.562500 0.660417 0.567187 0.666667 0.570312 0.668750 0.573438 0.670833 0.578125 0.672917 0.582812 0.675000 0.593750 0.677083 0.604688 0.677083 0.625000 0.668750 0.635938 0.668750 0.640625 0.670833 0.648438 0.677083 0.659375 0.685417 0.664062 0.689583 0.668750 0.695833 0.685937 0.710417 0.720313 0.739583 0.740625 0.756250 0.753125 0.766667 0.756250 0.766667 0.764062 0.772917 0.775000 0.783333 0.778125 0.785417 0.781250 0.787500 0.784375 0.787500 0.787500 0.789583 0.793750 0.795833 0.803125 0.800000 0.807813 0.806250 0.815625 0.808333 0.839063 0.825000 0.843750 0.827083 0.848437 0.827083 0.853125 0.820833 0.853125 0.818750 0.856250 0.814583 0.854688 0.810417 0.848437 0.802083 0.832812 0.787500 0.820312 0.777083 0.812500 0.770833 0.793750 0.756250 0.779687 0.745833 0.753125 0.729167 0.750000 0.722917 0.743750 0.722917 0.737500 0.718750 0.728125 0.712500 0.715625 0.702083 0.712500 0.700000 0.709375 0.697917 0.682813 0.681250 0.662500 0.670833 0.648438 0.660417 0.643750 0.656250 0.635938 0.645833 0.634375 0.637500 0.634375 0.631250 0.632812 0.625000 0.631250 0.618750 0.626563 0.608333 0.623437 0.602083 0.609375 0.583333 0.604688 0.579167 0.596875 0.572917 0.593750 0.570833 0.585938 0.566667 0.581250 0.564583 0.576562 0.562500 0.570312 0.560417 0.560937 0.558333 0.551562 0.558333
5 0.559375 0.414583 0.553125 0.422917 0.553125 0.429167 0.554688 0.437500 0.557813 0.452083 0.559375 0.458333 0.567187 0.481250 0.568750 0.485417 0.570312 0.489583 0.576562 0.504167 0.587500 0.525000 0.593750 0.533333 0.598437 0.537500 0.601562 0.539583 0.612500 0.543750 0.618750 0.547917 0.628125 0.554167 0.634375 0.562500 0.643750 0.577083 0.650000 0.587500 0.653125 0.595833 0.662500 0.608333 0.667188 0.618750 0.675000 0.629167 0.692187 0.658333 0.709375 0.687500 0.712500 0.695833 0.718750 0.704167 0.725000 0.708333 0.728125 0.710417 0.737500 0.714583 0.743750 0.720833 0.746875 0.722917 0.751563 0.722917 0.751563 0.718750 0.750000 0.714583 0.748437 0.710417 0.739062 0.697917 0.732812 0.685417 0.720313 0.668750 0.715625 0.658333 0.701562 0.639583 0.693750 0.627083 0.665625 0.579167 0.628125 0.518750 0.610938 0.491667 0.600000 0.475000 0.578125 0.441667 0.564063 0.420833 0.559375 0.414583
3 0.300000 0.758333 0.300000 0.764583 0.301563 0.768750 0.306250 0.777083 0.323437 0.810417 0.328125 0.818750 0.337500 0.831250 0.340625 0.839583 0.345313 0.847917 0.354687 0.854167 0.357812 0.854167 0.362500 0.850000 0.365625 0.845833 0.365625 0.841667 0.362500 0.833333 0.357812 0.820833 0.348438 0.804167 0.345313 0.793750 0.337500 0.777083 0.334375 0.770833 0.329688 0.762500 0.323437 0.758333 0.300000 0.758333
3 0.164062 0.433333 0.160938 0.443750 0.157812 0.439583 0.154688 0.441667 0.153125 0.450000 0.145313 0.452083 0.142187 0.458333 0.137500 0.458333 0.139063 0.464583 0.151562 0.483333 0.156250 0.495833 0.159375 0.502083 0.173437 0.522917 0.176563 0.533333 0.189062 0.552083 0.192188 0.560417 0.198437 0.568750 0.212500 0.577083 0.215625 0.581250 0.215625 0.585417 0.217188 0.589583 0.225000 0.606250 0.228125 0.612500 0.232813 0.618750 0.235937 0.625000 0.240625 0.639583 0.251563 0.660417 0.254688 0.670833 0.259375 0.681250 0.278125 0.718750 0.281250 0.729167 0.285938 0.735417 0.289062 0.737500 0.293750 0.739583 0.307812 0.739583 0.309375 0.737500 0.314063 0.737500 0.314063 0.731250 0.310937 0.725000 0.307812 0.718750 0.303125 0.710417 0.296875 0.702083 0.290625 0.687500 0.285938 0.679167 0.278125 0.668750 0.273438 0.658333 0.264062 0.645833 0.259375 0.637500 0.251563 0.620833 0.243750 0.610417 0.239063 0.602083 0.234375 0.593750 0.231250 0.587500 0.229687 0.583333 0.228125 0.579167 0.226562 0.572917 0.225000 0.564583 0.226562 0.535417 0.225000 0.529167 0.220312 0.516667 0.215625 0.506250 0.209375 0.495833 0.204687 0.491667 0.195312 0.477083 0.189062 0.464583 0.173437 0.441667 0.167187 0.433333 0.164062 0.433333
4 0.795312 0.762500 0.792188 0.764583 0.792188 0.768750 0.796875 0.768750 0.803125 0.770833 0.806250 0.772917 0.812500 0.783333 0.818750 0.789583 0.821875 0.791667 0.826562 0.791667 0.829688 0.793750 0.834375 0.800000 0.842187 0.802083 0.842187 0.806250 0.839063 0.808333 0.851562 0.808333 0.848437 0.804167 0.843750 0.802083 0.839063 0.797917 0.834375 0.793750 0.832812 0.791667 0.832812 0.789583 0.831250 0.787500 0.828125 0.785417 0.821875 0.783333 0.812500 0.772917 0.809375 0.772917 0.806250 0.766667 0.798438 0.762500 0.795312 0.762500
4 0.781250 0.752083 0.782813 0.756250 0.782813 0.762500 0.787500 0.760417 0.792188 0.760417 0.790625 0.756250 0.787500 0.756250 0.784375 0.752083 0.781250 0.752083
4 0.212500 0.700000 0.203125 0.702083 0.196875 0.704167 0.182812 0.710417 0.171875 0.716667 0.167187 0.718750 0.159375 0.727083 0.150000 0.739583 0.148438 0.745833 0.148438 0.760417 0.150000 0.764583 0.156250 0.772917 0.160938 0.777083 0.165625 0.781250 0.176563 0.785417 0.179688 0.789583 0.184375 0.791667 0.192188 0.793750 0.200000 0.795833 0.212500 0.797917 0.231250 0.797917 0.240625 0.795833 0.245312 0.793750 0.248438 0.791667 0.251563 0.789583 0.256250 0.785417 0.262500 0.779167 0.264062 0.777083 0.265625 0.770833 0.275000 0.758333 0.293750 0.756250 0.326562 0.756250 0.421875 0.758333 0.451562 0.760417 0.470313 0.762500 0.484375 0.764583 0.493750 0.768750 0.501563 0.770833 0.504687 0.768750 0.507812 0.764583 0.512500 0.752083 0.514062 0.743750 0.514062 0.729167 0.510938 0.727083 0.500000 0.727083 0.481250 0.729167 0.446875 0.735417 0.428125 0.737500 0.395313 0.739583 0.306250 0.741667 0.293750 0.741667 0.287500 0.739583 0.281250 0.737500 0.276562 0.735417 0.271875 0.729167 0.271875 0.725000 0.267188 0.718750 0.256250 0.708333 0.253125 0.706250 0.250000 0.704167 0.245312 0.702083 0.240625 0.700000 0.212500 0.700000
3 0.798438 0.247917 0.796875 0.252083 0.796875 0.256250 0.798438 0.266667 0.801562 0.277083 0.801562 0.287500 0.804688 0.295833 0.806250 0.306250 0.807813 0.325000 0.807813 0.350000 0.806250 0.360417 0.804688 0.368750 0.803125 0.377083 0.798438 0.389583 0.785937 0.412500 0.784375 0.416667 0.781250 0.427083 0.779687 0.435417 0.778125 0.445833 0.773438 0.493750 0.771875 0.506250 0.768750 0.516667 0.767188 0.531250 0.765625 0.543750 0.765625 0.558333 0.762500 0.568750 0.762500 0.587500 0.760938 0.597917 0.756250 0.618750 0.754687 0.631250 0.753125 0.645833 0.751563 0.662500 0.751563 0.685417 0.754687 0.685417 0.757812 0.681250 0.759375 0.677083 0.760938 0.666667 0.762500 0.658333 0.764062 0.647917 0.764062 0.637500 0.768750 0.616667 0.768750 0.606250 0.771875 0.595833 0.775000 0.572917 0.776563 0.560417 0.782813 0.508333 0.782813 0.493750 0.784375 0.479167 0.785937 0.466667 0.787500 0.454167 0.789062 0.443750 0.790625 0.437500 0.792188 0.431250 0.795312 0.420833 0.796875 0.416667 0.806250 0.404167 0.812500 0.393750 0.817187 0.383333 0.818750 0.379167 0.820312 0.368750 0.820312 0.333333 0.818750 0.320833 0.817187 0.312500 0.814063 0.297917 0.809375 0.285417 0.807813 0.279167 0.807813 0.268750 0.806250 0.258333 0.804688 0.252083 0.801562 0.247917 0.798438 0.247917
4 0.521875 0.764583 0.512500 0.766667 0.507812 0.768750 0.504687 0.770833 0.501563 0.772917 0.496875 0.777083 0.490625 0.785417 0.489063 0.789583 0.487500 0.793750 0.487500 0.802083 0.489063 0.808333 0.490625 0.812500 0.495312 0.820833 0.496875 0.822917 0.498437 0.822917 0.503125 0.827083 0.509375 0.835417 0.512500 0.837500 0.515625 0.839583 0.523438 0.843750 0.528125 0.845833 0.534375 0.847917 0.551562 0.847917 0.557813 0.845833 0.567187 0.839583 0.570312 0.835417 0.579688 0.829167 0.585938 0.827083 0.595313 0.827083 0.606250 0.829167 0.637500 0.837500 0.671875 0.843750 0.709375 0.850000 0.723437 0.850000 0.737500 0.854167 0.753125 0.856250 0.770312 0.856250 0.770312 0.847917 0.765625 0.845833 0.759375 0.843750 0.753125 0.841667 0.739062 0.837500 0.717187 0.831250 0.709375 0.829167 0.692187 0.825000 0.664062 0.818750 0.640625 0.814583 0.628125 0.814583 0.617188 0.810417 0.606250 0.810417 0.595313 0.808333 0.590625 0.806250 0.581250 0.800000 0.570312 0.785417 0.564063 0.779167 0.559375 0.777083 0.554688 0.770833 0.551562 0.768750 0.548438 0.766667 0.540625 0.764583 0.521875 0.764583
