21 0.442188 0.212500 0.439063 0.214583 0.435937 0.216667 0.428125 0.225000 0.401562 0.260417 0.390625 0.277083 0.385937 0.285417 0.382812 0.291667 0.381250 0.297917 0.381250 0.318750 0.382812 0.322917 0.384375 0.327083 0.389062 0.333333 0.392188 0.335417 0.396875 0.337500 0.409375 0.337500 0.414062 0.335417 0.426563 0.327083 0.432812 0.320833 0.443750 0.306250 0.450000 0.295833 0.460938 0.277083 0.467187 0.266667 0.468750 0.262500 0.470313 0.256250 0.471875 0.247917 0.471875 0.235417 0.470313 0.227083 0.467187 0.220833 0.464062 0.216667 0.460938 0.214583 0.457813 0.212500 0.442188 0.212500
7 0.573438 0.075000 0.568750 0.077083 0.560937 0.081250 0.557813 0.083333 0.554688 0.085417 0.539062 0.097917 0.526563 0.114583 0.523438 0.120833 0.518750 0.133333 0.514062 0.152083 0.515625 0.208333 0.515625 0.222917 0.514062 0.245833 0.515625 0.252083 0.517188 0.258333 0.518750 0.262500 0.520312 0.266667 0.525000 0.277083 0.528125 0.281250 0.528125 0.283333 0.529687 0.285417 0.537500 0.293750 0.542188 0.297917 0.545312 0.300000 0.548438 0.302083 0.553125 0.304167 0.571875 0.306250 0.582812 0.304167 0.587500 0.302083 0.590625 0.300000 0.598437 0.291667 0.606250 0.287500 0.610938 0.281250 0.618750 0.264583 0.621875 0.254167 0.625000 0.241667 0.626563 0.237500 0.628125 0.233333 0.637500 0.216667 0.642188 0.206250 0.645312 0.195833 0.646875 0.187500 0.646875 0.145833 0.645312 0.137500 0.639062 0.120833 0.632812 0.112500 0.629687 0.104167 0.617188 0.087500 0.610938 0.081250 0.607812 0.079167 0.604688 0.077083 0.598437 0.075000 0.573438 0.075000
13 0.475000 0.295833 0.465625 0.297917 0.457813 0.302083 0.448437 0.308333 0.443750 0.312500 0.434375 0.322917 0.429688 0.329167 0.425000 0.337500 0.418750 0.354167 0.415625 0.364583 0.414062 0.370833 0.412500 0.391667 0.414062 0.410417 0.415625 0.418750 0.418750 0.429167 0.421875 0.433333 0.423438 0.441667 0.425000 0.445833 0.435937 0.460417 0.440625 0.462500 0.451562 0.475000 0.456250 0.479167 0.459375 0.481250 0.471875 0.483333 0.496875 0.483333 0.504687 0.481250 0.512500 0.477083 0.515625 0.475000 0.518750 0.472917 0.523438 0.468750 0.528125 0.464583 0.540625 0.447917 0.543750 0.441667 0.546875 0.435417 0.548438 0.431250 0.551562 0.420833 0.553125 0.414583 0.554688 0.404167 0.554688 0.372917 0.553125 0.364583 0.551562 0.358333 0.550000 0.352083 0.548438 0.347917 0.546875 0.343750 0.543750 0.337500 0.540625 0.331250 0.528125 0.314583 0.521875 0.308333 0.509375 0.300000 0.503125 0.297917 0.495312 0.295833 0.475000 0.295833
0 0.425000 0.760417 0.420312 0.766667 0.420312 0.768750 0.415625 0.775000 0.410938 0.775000 0.407813 0.772917 0.404687 0.770833 0.401562 0.766667 0.398438 0.764583 0.387500 0.764583 0.384375 0.766667 0.379688 0.772917 0.378125 0.779167 0.379688 0.800000 0.376563 0.804167 0.370312 0.804167 0.365625 0.808333 0.359375 0.812500 0.356250 0.816667 0.354687 0.816667 0.353125 0.841667 0.357812 0.852083 0.365625 0.862500 0.368750 0.864583 0.376563 0.864583 0.389062 0.862500 0.403125 0.868750 0.417187 0.868750 0.421875 0.866667 0.425000 0.862500 0.429688 0.860417 0.432812 0.854167 0.434375 0.854167 0.439063 0.847917 0.440625 0.841667 0.443750 0.837500 0.453125 0.827083 0.457813 0.814583 0.457813 0.806250 0.456250 0.804167 0.456250 0.797917 0.457813 0.795833 0.457813 0.787500 0.456250 0.781250 0.453125 0.777083 0.453125 0.775000 0.451562 0.772917 0.450000 0.772917 0.446875 0.768750 0.443750 0.766667 0.440625 0.764583 0.429688 0.762500 0.428125 0.760417 0.425000 0.760417
0 0.312500 0.787500 0.307812 0.789583 0.303125 0.791667 0.293750 0.797917 0.290625 0.802083 0.284375 0.804167 0.278125 0.810417 0.275000 0.810417 0.268750 0.820833 0.271875 0.825000 0.279687 0.833333 0.284375 0.835417 0.290625 0.839583 0.295312 0.841667 0.300000 0.843750 0.309375 0.845833 0.321875 0.847917 0.353125 0.845833 0.350000 0.837500 0.348438 0.818750 0.337500 0.818750 0.334375 0.816667 0.331250 0.814583 0.328125 0.810417 0.326562 0.810417 0.325000 0.808333 0.323437 0.804167 0.320312 0.795833 0.318750 0.787500 0.312500 0.787500
0 0.312500 0.658333 0.309375 0.660417 0.306250 0.664583 0.303125 0.670833 0.300000 0.677083 0.295312 0.689583 0.295312 0.697917 0.300000 0.708333 0.300000 0.716667 0.296875 0.725000 0.295312 0.733333 0.295312 0.739583 0.300000 0.745833 0.300000 0.754167 0.298438 0.760417 0.293750 0.772917 0.295312 0.777083 0.300000 0.785417 0.301563 0.787500 0.303125 0.787500 0.306250 0.789583 0.312500 0.785417 0.315625 0.781250 0.318750 0.772917 0.325000 0.762500 0.332813 0.752083 0.332813 0.747917 0.326562 0.731250 0.320312 0.720833 0.317188 0.714583 0.317188 0.706250 0.318750 0.702083 0.328125 0.689583 0.332813 0.687500 0.334375 0.683333 0.332813 0.679167 0.321875 0.662500 0.320312 0.660417 0.317188 0.658333 0.312500 0.658333
0 0.384375 0.687500 0.381250 0.689583 0.375000 0.695833 0.376563 0.700000 0.375000 0.704167 0.371875 0.708333 0.365625 0.708333 0.354687 0.704167 0.348438 0.700000 0.342187 0.693750 0.335938 0.689583 0.332813 0.689583 0.329688 0.691667 0.320312 0.704167 0.318750 0.710417 0.320312 0.716667 0.323437 0.722917 0.329688 0.733333 0.335938 0.750000 0.337500 0.756250 0.335938 0.768750 0.328125 0.777083 0.323437 0.785417 0.323437 0.789583 0.321875 0.793750 0.325000 0.800000 0.326562 0.806250 0.329688 0.810417 0.332813 0.812500 0.335938 0.814583 0.350000 0.816667 0.353125 0.816667 0.356250 0.814583 0.359375 0.812500 0.362500 0.808333 0.368750 0.804167 0.375000 0.802083 0.378125 0.800000 0.376563 0.783333 0.376563 0.775000 0.378125 0.770833 0.384375 0.762500 0.392188 0.760417 0.403125 0.764583 0.403125 0.754167 0.404687 0.747917 0.407813 0.737500 0.412500 0.727083 0.415625 0.716667 0.415625 0.710417 0.409375 0.708333 0.401562 0.700000 0.393750 0.689583 0.390625 0.687500 0.384375 0.687500
23 0.218750 0.183333 0.214062 0.185417 0.210938 0.187500 0.206250 0.193750 0.204687 0.197917 0.204687 0.202083 0.203125 0.206250 0.204687 0.214583 0.206250 0.218750 0.212500 0.227083 0.232813 0.243750 0.243750 0.256250 0.246875 0.258333 0.256250 0.258333 0.260937 0.256250 0.265625 0.250000 0.267188 0.245833 0.267188 0.231250 0.264062 0.225000 0.257812 0.216667 0.243750 0.204167 0.237500 0.193750 0.234375 0.189583 0.231250 0.187500 0.228125 0.185417 0.223438 0.183333 0.218750 0.183333
0 0.396875 0.652083 0.389062 0.662500 0.387500 0.666667 0.387500 0.670833 0.385937 0.675000 0.389062 0.685417 0.393750 0.687500 0.401562 0.697917 0.404687 0.697917 0.407813 0.700000 0.409375 0.702083 0.410938 0.708333 0.417187 0.710417 0.417187 0.716667 0.414062 0.725000 0.407813 0.741667 0.406250 0.750000 0.407813 0.766667 0.410938 0.768750 0.415625 0.768750 0.434375 0.743750 0.435937 0.743750 0.439063 0.739583 0.442188 0.741667 0.448437 0.750000 0.457813 0.756250 0.462500 0.756250 0.465625 0.754167 0.471875 0.745833 0.473438 0.741667 0.475000 0.733333 0.476562 0.720833 0.476562 0.706250 0.473438 0.700000 0.473438 0.693750 0.470313 0.683333 0.468750 0.677083 0.459375 0.664583 0.453125 0.658333 0.448437 0.654167 0.445312 0.652083 0.396875 0.652083
0 0.689063 0.577083 0.675000 0.581250 0.670312 0.583333 0.659375 0.593750 0.656250 0.595833 0.653125 0.597917 0.642188 0.604167 0.631250 0.610417 0.620313 0.614583 0.598437 0.629167 0.593750 0.631250 0.587500 0.633333 0.581250 0.633333 0.560937 0.641667 0.556250 0.643750 0.548438 0.650000 0.537500 0.652083 0.534375 0.654167 0.532813 0.670833 0.534375 0.679167 0.537500 0.685417 0.537500 0.691667 0.539062 0.697917 0.545312 0.712500 0.548438 0.722917 0.554688 0.745833 0.556250 0.752083 0.556250 0.758333 0.559375 0.764583 0.560937 0.781250 0.564063 0.787500 0.564063 0.793750 0.565625 0.800000 0.573438 0.820833 0.573438 0.827083 0.575000 0.833333 0.576562 0.837500 0.579688 0.841667 0.582812 0.843750 0.589063 0.841667 0.596875 0.839583 0.603125 0.837500 0.614062 0.833333 0.617188 0.831250 0.642188 0.812500 0.646875 0.812500 0.657813 0.806250 0.665625 0.800000 0.681250 0.793750 0.689063 0.785417 0.693750 0.783333 0.701562 0.781250 0.706250 0.779167 0.725000 0.764583 0.735938 0.760417 0.739062 0.758333 0.743750 0.754167 0.746875 0.750000 0.746875 0.737500 0.745313 0.729167 0.737500 0.702083 0.729688 0.683333 0.725000 0.668750 0.723437 0.658333 0.715625 0.637500 0.712500 0.627083 0.709375 0.610417 0.704688 0.593750 0.701562 0.587500 0.701562 0.583333 0.700000 0.579167 0.696875 0.577083 0.689063 0.577083
0 0.362500 0.472917 0.360938 0.475000 0.348438 0.475000 0.337500 0.479167 0.323437 0.479167 0.320312 0.481250 0.317188 0.485417 0.310937 0.487500 0.301563 0.493750 0.292187 0.504167 0.276562 0.525000 0.268750 0.527083 0.257812 0.535417 0.246875 0.539583 0.243750 0.541667 0.235937 0.550000 0.232813 0.552083 0.225000 0.554167 0.212500 0.562500 0.201563 0.570833 0.196875 0.577083 0.195312 0.583333 0.195312 0.597917 0.196875 0.606250 0.198437 0.610417 0.200000 0.614583 0.201563 0.616667 0.210938 0.618750 0.214062 0.618750 0.217188 0.620833 0.218750 0.622917 0.218750 0.625000 0.225000 0.637500 0.228125 0.643750 0.234375 0.647917 0.237500 0.647917 0.246875 0.645833 0.256250 0.639583 0.264062 0.633333 0.268750 0.627083 0.271875 0.625000 0.350000 0.625000 0.357812 0.618750 0.360938 0.620833 0.364063 0.625000 0.368750 0.627083 0.379688 0.629167 0.390625 0.627083 0.395313 0.620833 0.398438 0.618750 0.401562 0.618750 0.415625 0.622917 0.428125 0.622917 0.435937 0.620833 0.443750 0.610417 0.445312 0.604167 0.446875 0.591667 0.448437 0.581250 0.448437 0.550000 0.446875 0.543750 0.445312 0.539583 0.440625 0.537500 0.435937 0.533333 0.428125 0.531250 0.421875 0.522917 0.420312 0.516667 0.418750 0.508333 0.417187 0.504167 0.414062 0.500000 0.414062 0.497917 0.412500 0.495833 0.410938 0.495833 0.407813 0.491667 0.404687 0.489583 0.401562 0.487500 0.395313 0.487500 0.385937 0.475000 0.373437 0.472917 0.362500 0.472917
0 0.253125 0.645833 0.245312 0.650000 0.237500 0.650000 0.228125 0.652083 0.223438 0.658333 0.220312 0.664583 0.220312 0.670833 0.217188 0.677083 0.217188 0.695833 0.220312 0.702083 0.220312 0.708333 0.226562 0.716667 0.239063 0.727083 0.242188 0.729167 0.245312 0.729167 0.248438 0.733333 0.251563 0.733333 0.257812 0.741667 0.264062 0.747917 0.268750 0.747917 0.284375 0.739583 0.289062 0.739583 0.292187 0.737500 0.293750 0.733333 0.295312 0.729167 0.296875 0.722917 0.296875 0.716667 0.298438 0.714583 0.298438 0.710417 0.296875 0.704167 0.295312 0.700000 0.292187 0.693750 0.284375 0.679167 0.278125 0.670833 0.275000 0.662500 0.270313 0.656250 0.268750 0.656250 0.262500 0.647917 0.259375 0.645833 0.253125 0.645833
6 0.831250 0.408333 0.812500 0.412500 0.793750 0.412500 0.757812 0.418750 0.740625 0.418750 0.740625 0.487500 0.742188 0.518750 0.743750 0.525000 0.745313 0.529167 0.748437 0.533333 0.750000 0.533333 0.753125 0.537500 0.760938 0.550000 0.767188 0.560417 0.771875 0.568750 0.775000 0.575000 0.782813 0.593750 0.785937 0.604167 0.789062 0.614583 0.793750 0.633333 0.795312 0.641667 0.796875 0.652083 0.798438 0.664583 0.798438 0.716667 0.796875 0.729167 0.795312 0.739583 0.790625 0.758333 0.787500 0.768750 0.784375 0.779167 0.782813 0.783333 0.781250 0.787500 0.776563 0.797917 0.773438 0.804167 0.770312 0.810417 0.753125 0.837500 0.750000 0.843750 0.748437 0.847917 0.748437 0.866667 0.750000 0.872917 0.751563 0.877083 0.754687 0.877083 0.756250 0.879167 0.779687 0.879167 0.781250 0.877083 0.785937 0.877083 0.785937 0.864583 0.787500 0.856250 0.792188 0.835417 0.798438 0.814583 0.800000 0.800000 0.804688 0.785417 0.806250 0.770833 0.810937 0.756250 0.814063 0.741667 0.818750 0.716667 0.821875 0.697917 0.821875 0.687500 0.829688 0.647917 0.829688 0.633333 0.834375 0.616667 0.837500 0.597917 0.837500 0.570833 0.834375 0.562500 0.828125 0.547917 0.828125 0.522917 0.829688 0.512500 0.832812 0.500000 0.840625 0.468750 0.848437 0.443750 0.859375 0.416667 0.859375 0.412500 0.860938 0.408333 0.831250 0.408333
6 0.893750 0.404167 0.882812 0.406250 0.881250 0.408333 0.878125 0.408333 0.879687 0.412500 0.889062 0.412500 0.893750 0.416667 0.898438 0.418750 0.900000 0.422917 0.900000 0.427083 0.896875 0.433333 0.895312 0.439583 0.893750 0.445833 0.889062 0.468750 0.889062 0.477083 0.884375 0.493750 0.882812 0.502083 0.881250 0.512500 0.881250 0.527083 0.876563 0.543750 0.873437 0.554167 0.871875 0.558333 0.860938 0.570833 0.857812 0.575000 0.854688 0.585417 0.853125 0.602083 0.853125 0.614583 0.851562 0.627083 0.846875 0.660417 0.842187 0.679167 0.840625 0.689583 0.839063 0.710417 0.834375 0.731250 0.834375 0.741667 0.831250 0.752083 0.826562 0.791667 0.825000 0.810417 0.823438 0.831250 0.821875 0.860417 0.821875 0.881250 0.826562 0.881250 0.828125 0.883333 0.842187 0.883333 0.854688 0.885417 0.896875 0.895833 0.912500 0.897917 0.918750 0.897917 0.918750 0.893750 0.920312 0.891667 0.920312 0.877083 0.923438 0.872917 0.939063 0.872917 0.940625 0.866667 0.939063 0.847917 0.943750 0.837500 0.945312 0.831250 0.945312 0.827083 0.943750 0.808333 0.942187 0.791667 0.939063 0.777083 0.939063 0.762500 0.931250 0.706250 0.926562 0.645833 0.923438 0.633333 0.921875 0.620833 0.921875 0.600000 0.920312 0.579167 0.918750 0.566667 0.914062 0.550000 0.912500 0.535417 0.912500 0.520833 0.915625 0.512500 0.921875 0.497917 0.923438 0.491667 0.925000 0.481250 0.926562 0.468750 0.928125 0.452083 0.926562 0.431250 0.920312 0.429167 0.912500 0.429167 0.907813 0.422917 0.907813 0.404167 0.893750 0.404167
3 0.862500 0.414583 0.860938 0.418750 0.857812 0.427083 0.848437 0.452083 0.839063 0.483333 0.837500 0.489583 0.835938 0.502083 0.832812 0.508333 0.831250 0.514583 0.829688 0.527083 0.829688 0.545833 0.839063 0.566667 0.840625 0.570833 0.840625 0.595833 0.839063 0.612500 0.834375 0.629167 0.831250 0.656250 0.828125 0.675000 0.825000 0.683333 0.823438 0.704167 0.820312 0.720833 0.815625 0.745833 0.809375 0.766667 0.806250 0.789583 0.801562 0.812500 0.793750 0.839583 0.790625 0.854167 0.789062 0.862500 0.789062 0.877083 0.792188 0.881250 0.800000 0.889583 0.803125 0.891667 0.817187 0.891667 0.817187 0.887500 0.818750 0.885417 0.820312 0.870833 0.820312 0.843750 0.821875 0.818750 0.823438 0.800000 0.825000 0.785417 0.828125 0.760417 0.829688 0.747917 0.832812 0.737500 0.837500 0.693750 0.840625 0.675000 0.845313 0.656250 0.846875 0.645833 0.850000 0.622917 0.851562 0.610417 0.851562 0.593750 0.853125 0.579167 0.854688 0.575000 0.857812 0.570833 0.859375 0.570833 0.865625 0.564583 0.867188 0.562500 0.867188 0.560417 0.870313 0.556250 0.871875 0.552083 0.876563 0.531250 0.879687 0.527083 0.879687 0.506250 0.882812 0.491667 0.889062 0.458333 0.892188 0.443750 0.896875 0.429167 0.895312 0.420833 0.892188 0.420833 0.884375 0.414583 0.876563 0.412500 0.862500 0.414583
0 0.212500 0.664583 0.207813 0.666667 0.200000 0.670833 0.189062 0.683333 0.185938 0.687500 0.184375 0.691667 0.182812 0.700000 0.184375 0.720833 0.193750 0.727083 0.201563 0.735417 0.210938 0.745833 0.212500 0.747917 0.217188 0.756250 0.226562 0.766667 0.232813 0.772917 0.237500 0.777083 0.242188 0.779167 0.248438 0.779167 0.251563 0.777083 0.253125 0.775000 0.259375 0.764583 0.260937 0.760417 0.262500 0.756250 0.262500 0.750000 0.260937 0.745833 0.259375 0.743750 0.257812 0.743750 0.250000 0.735417 0.239063 0.729167 0.231250 0.720833 0.223438 0.716667 0.220312 0.712500 0.218750 0.708333 0.215625 0.695833 0.214062 0.683333 0.215625 0.675000 0.218750 0.668750 0.218750 0.664583 0.212500 0.664583
0 0.287500 0.741667 0.281250 0.743750 0.276562 0.745833 0.271875 0.747917 0.268750 0.750000 0.264062 0.756250 0.260937 0.764583 0.256250 0.772917 0.250000 0.781250 0.239063 0.779167 0.232813 0.787500 0.231250 0.787500 0.220312 0.802083 0.218750 0.808333 0.218750 0.812500 0.220312 0.816667 0.225000 0.827083 0.229687 0.833333 0.242188 0.833333 0.248438 0.827083 0.257812 0.825000 0.260937 0.822917 0.265625 0.818750 0.270313 0.814583 0.281250 0.804167 0.282813 0.800000 0.289062 0.777083 0.292187 0.772917 0.293750 0.768750 0.296875 0.758333 0.298438 0.752083 0.298438 0.745833 0.295312 0.741667 0.287500 0.741667
0 0.254688 0.827083 0.250000 0.829167 0.245312 0.831250 0.239063 0.837500 0.235937 0.843750 0.234375 0.847917 0.232813 0.854167 0.232813 0.870833 0.235937 0.879167 0.237500 0.883333 0.239063 0.885417 0.242188 0.887500 0.248438 0.891667 0.259375 0.893750 0.271875 0.893750 0.292187 0.891667 0.301563 0.889583 0.306250 0.887500 0.310937 0.885417 0.321875 0.870833 0.325000 0.864583 0.326562 0.860417 0.325000 0.850000 0.321875 0.847917 0.309375 0.847917 0.300000 0.845833 0.293750 0.843750 0.289062 0.841667 0.285938 0.839583 0.282813 0.837500 0.279687 0.833333 0.270313 0.827083 0.254688 0.827083
22 0.375000 0.164583 0.371875 0.168750 0.370312 0.175000 0.364063 0.177083 0.360938 0.179167 0.360938 0.183333 0.353125 0.193750 0.351562 0.200000 0.348438 0.212500 0.345313 0.233333 0.340625 0.245833 0.339062 0.252083 0.339062 0.258333 0.337500 0.264583 0.335938 0.270833 0.331250 0.281250 0.328125 0.293750 0.321875 0.318750 0.323437 0.327083 0.326562 0.329167 0.329688 0.329167 0.340625 0.337500 0.343750 0.337500 0.348438 0.337500 0.350000 0.333333 0.350000 0.329167 0.356250 0.310417 0.359375 0.302083 0.365625 0.289583 0.367188 0.285417 0.367188 0.279167 0.370312 0.268750 0.371875 0.264583 0.376563 0.256250 0.379688 0.247917 0.387500 0.220833 0.387500 0.210417 0.395313 0.189583 0.396875 0.183333 0.396875 0.179167 0.395313 0.175000 0.390625 0.170833 0.381250 0.164583 0.375000 0.164583
20 0.795312 0.150000 0.782813 0.158333 0.775000 0.166667 0.764062 0.172917 0.743750 0.191667 0.735938 0.197917 0.714063 0.212500 0.703125 0.220833 0.698438 0.227083 0.690625 0.233333 0.682813 0.237500 0.667188 0.252083 0.650000 0.264583 0.635938 0.275000 0.609375 0.293750 0.606250 0.295833 0.600000 0.297917 0.596875 0.300000 0.592187 0.304167 0.587500 0.310417 0.579688 0.316667 0.567187 0.325000 0.559375 0.335417 0.559375 0.350000 0.564063 0.356250 0.568750 0.366667 0.576562 0.387500 0.581250 0.397917 0.585938 0.404167 0.590625 0.418750 0.598437 0.433333 0.606250 0.452083 0.614062 0.475000 0.632812 0.475000 0.642188 0.472917 0.646875 0.470833 0.653125 0.464583 0.657813 0.458333 0.662500 0.454167 0.670312 0.447917 0.673438 0.445833 0.679688 0.443750 0.685937 0.439583 0.709375 0.420833 0.720313 0.408333 0.725000 0.404167 0.731250 0.400000 0.737500 0.397917 0.740625 0.395833 0.751563 0.387500 0.781250 0.362500 0.792188 0.354167 0.814063 0.339583 0.843750 0.314583 0.857812 0.306250 0.860938 0.302083 0.862500 0.302083 0.864062 0.300000 0.865625 0.295833 0.867188 0.287500 0.865625 0.281250 0.859375 0.264583 0.848437 0.239583 0.842187 0.229167 0.835938 0.210417 0.823438 0.185417 0.814063 0.160417 0.806250 0.150000 0.795312 0.150000
