3 0.743750 0.329167 0.740625 0.331250 0.737500 0.335417 0.739062 0.339583 0.746875 0.350000 0.757812 0.360417 0.770312 0.375000 0.784375 0.393750 0.798438 0.408333 0.835938 0.458333 0.851562 0.477083 0.854688 0.479167 0.860938 0.479167 0.864062 0.477083 0.867188 0.475000 0.876563 0.462500 0.878125 0.458333 0.878125 0.454167 0.875000 0.450000 0.870313 0.445833 0.865625 0.441667 0.853125 0.431250 0.840625 0.422917 0.821875 0.406250 0.810937 0.395833 0.798438 0.381250 0.785937 0.370833 0.759375 0.341667 0.746875 0.329167 0.743750 0.329167
3 0.603125 0.152083 0.600000 0.156250 0.595313 0.166667 0.592187 0.177083 0.590625 0.183333 0.589063 0.191667 0.589063 0.197917 0.593750 0.206250 0.598437 0.214583 0.612500 0.235417 0.629687 0.258333 0.635938 0.264583 0.642188 0.268750 0.643750 0.272917 0.648438 0.277083 0.651563 0.279167 0.654687 0.281250 0.682813 0.281250 0.685937 0.283333 0.690625 0.287500 0.698438 0.295833 0.706250 0.306250 0.714063 0.314583 0.721875 0.318750 0.729688 0.312500 0.728125 0.308333 0.720313 0.300000 0.712500 0.291667 0.701562 0.283333 0.690625 0.272917 0.685937 0.266667 0.684375 0.262500 0.682813 0.254167 0.682813 0.245833 0.681250 0.241667 0.679688 0.237500 0.670312 0.225000 0.659375 0.212500 0.639062 0.189583 0.610938 0.158333 0.606250 0.154167 0.603125 0.152083
5 0.746875 0.512500 0.742188 0.516667 0.737500 0.520833 0.731250 0.527083 0.721875 0.537500 0.706250 0.558333 0.698438 0.570833 0.693750 0.579167 0.690625 0.585417 0.682813 0.602083 0.681250 0.606250 0.679688 0.616667 0.679688 0.658333 0.678125 0.666667 0.676562 0.672917 0.673438 0.677083 0.673438 0.681250 0.664062 0.700000 0.653125 0.731250 0.642188 0.754167 0.634375 0.772917 0.629687 0.789583 0.625000 0.800000 0.615625 0.818750 0.610938 0.829167 0.609375 0.837500 0.601562 0.852083 0.600000 0.856250 0.598437 0.862500 0.598437 0.872917 0.600000 0.877083 0.601562 0.881250 0.603125 0.883333 0.604688 0.883333 0.609375 0.883333 0.612500 0.883333 0.615625 0.879167 0.618750 0.872917 0.620313 0.868750 0.621875 0.860417 0.632812 0.831250 0.635938 0.827083 0.643750 0.806250 0.645312 0.797917 0.646875 0.793750 0.670312 0.733333 0.687500 0.693750 0.687500 0.689583 0.698438 0.664583 0.715625 0.614583 0.742188 0.543750 0.745313 0.539583 0.751563 0.520833 0.750000 0.512500 0.746875 0.512500
3 0.268750 0.339583 0.265625 0.343750 0.264062 0.347917 0.262500 0.358333 0.260937 0.372917 0.257812 0.404167 0.254688 0.439583 0.254688 0.458333 0.260937 0.472917 0.262500 0.479167 0.262500 0.502083 0.256250 0.535417 0.253125 0.575000 0.251563 0.587500 0.250000 0.600000 0.246875 0.608333 0.245312 0.622917 0.240625 0.666667 0.239063 0.687500 0.239063 0.714583 0.235937 0.731250 0.235937 0.777083 0.237500 0.779167 0.237500 0.783333 0.240625 0.785417 0.253125 0.783333 0.254688 0.779167 0.256250 0.772917 0.260937 0.745833 0.262500 0.735417 0.264062 0.722917 0.265625 0.700000 0.267188 0.652083 0.267188 0.595833 0.268750 0.564583 0.270313 0.547917 0.273438 0.516667 0.275000 0.504167 0.276562 0.497917 0.278125 0.491667 0.282813 0.483333 0.287500 0.477083 0.289062 0.477083 0.295312 0.468750 0.296875 0.464583 0.298438 0.460417 0.300000 0.454167 0.301563 0.433333 0.303125 0.406250 0.304688 0.377083 0.304688 0.354167 0.303125 0.350000 0.300000 0.345833 0.293750 0.343750 0.284375 0.341667 0.273438 0.339583 0.268750 0.339583
3 0.675000 0.620833 0.673438 0.622917 0.668750 0.622917 0.653125 0.629167 0.623437 0.641667 0.604688 0.650000 0.601562 0.652083 0.598437 0.654167 0.592187 0.662500 0.593750 0.675000 0.606250 0.675000 0.612500 0.672917 0.617188 0.668750 0.621875 0.668750 0.629687 0.662500 0.646875 0.654167 0.664062 0.647917 0.671875 0.643750 0.675000 0.641667 0.678125 0.637500 0.678125 0.620833 0.675000 0.620833
3 0.873437 0.518750 0.859375 0.522917 0.846875 0.522917 0.839063 0.525000 0.832812 0.527083 0.828125 0.529167 0.823438 0.531250 0.815625 0.535417 0.812500 0.537500 0.809375 0.539583 0.803125 0.545833 0.789062 0.562500 0.784375 0.566667 0.779687 0.570833 0.773438 0.575000 0.764062 0.581250 0.753125 0.587500 0.729688 0.595833 0.726562 0.597917 0.721875 0.604167 0.720313 0.620833 0.726562 0.618750 0.740625 0.612500 0.750000 0.606250 0.764062 0.600000 0.770312 0.597917 0.778125 0.595833 0.787500 0.593750 0.826562 0.593750 0.834375 0.591667 0.846875 0.587500 0.853125 0.585417 0.860938 0.579167 0.868750 0.577083 0.882812 0.568750 0.885938 0.564583 0.889062 0.564583 0.892188 0.560417 0.885938 0.558333 0.882812 0.554167 0.889062 0.547917 0.884375 0.545833 0.882812 0.543750 0.879687 0.541667 0.882812 0.539583 0.884375 0.533333 0.876563 0.533333 0.873437 0.529167 0.876563 0.525000 0.879687 0.518750 0.873437 0.518750
3 0.459375 0.514583 0.456250 0.516667 0.453125 0.520833 0.446875 0.527083 0.445312 0.531250 0.443750 0.533333 0.439063 0.535417 0.439063 0.541667 0.435937 0.547917 0.434375 0.556250 0.432812 0.568750 0.431250 0.583333 0.431250 0.602083 0.428125 0.622917 0.428125 0.631250 0.429688 0.635417 0.432812 0.639583 0.437500 0.639583 0.439063 0.641667 0.442188 0.641667 0.445312 0.637500 0.450000 0.616667 0.451562 0.595833 0.454688 0.577083 0.457813 0.568750 0.459375 0.550000 0.462500 0.541667 0.464062 0.518750 0.464062 0.514583 0.459375 0.514583
3 0.479687 0.154167 0.478125 0.160417 0.476562 0.172917 0.475000 0.183333 0.473438 0.206250 0.471875 0.216667 0.467187 0.237500 0.465625 0.250000 0.464062 0.268750 0.464062 0.277083 0.465625 0.279167 0.465625 0.289583 0.467187 0.295833 0.470313 0.302083 0.471875 0.310417 0.471875 0.325000 0.465625 0.347917 0.464062 0.358333 0.462500 0.379167 0.459375 0.397917 0.454688 0.425000 0.451562 0.433333 0.450000 0.443750 0.446875 0.472917 0.445312 0.485417 0.442188 0.491667 0.442188 0.497917 0.445312 0.495833 0.448437 0.493750 0.451562 0.489583 0.459375 0.485417 0.467187 0.475000 0.468750 0.468750 0.470313 0.462500 0.470313 0.439583 0.471875 0.418750 0.476562 0.366667 0.478125 0.350000 0.479687 0.335417 0.481250 0.325000 0.482812 0.318750 0.484375 0.314583 0.498437 0.295833 0.501563 0.289583 0.503125 0.285417 0.504687 0.279167 0.506250 0.270833 0.507812 0.262500 0.509375 0.250000 0.510938 0.231250 0.510938 0.208333 0.515625 0.175000 0.515625 0.158333 0.510938 0.158333 0.503125 0.154167 0.496875 0.156250 0.493750 0.152083 0.490625 0.152083 0.489063 0.154167 0.485938 0.154167 0.484375 0.152083 0.479687 0.154167
4 0.531250 0.385417 0.525000 0.387500 0.520312 0.389583 0.514062 0.393750 0.504687 0.400000 0.498437 0.406250 0.493750 0.414583 0.490625 0.420833 0.485938 0.433333 0.484375 0.445833 0.482812 0.452083 0.481250 0.456250 0.470313 0.472917 0.465625 0.479167 0.454688 0.491667 0.443750 0.500000 0.435937 0.508333 0.428125 0.518750 0.420312 0.527083 0.414062 0.531250 0.406250 0.541667 0.398438 0.550000 0.392188 0.554167 0.387500 0.562500 0.385937 0.562500 0.378125 0.570833 0.362500 0.591667 0.351562 0.604167 0.350000 0.604167 0.342187 0.614583 0.340625 0.618750 0.342187 0.625000 0.346875 0.625000 0.350000 0.622917 0.364063 0.610417 0.370312 0.602083 0.389062 0.585417 0.407813 0.564583 0.426563 0.545833 0.442188 0.533333 0.454688 0.516667 0.459375 0.514583 0.464062 0.508333 0.465625 0.508333 0.468750 0.504167 0.468750 0.502083 0.471875 0.497917 0.476562 0.493750 0.481250 0.489583 0.490625 0.483333 0.496875 0.481250 0.507812 0.479167 0.520312 0.479167 0.526563 0.477083 0.531250 0.475000 0.534375 0.472917 0.537500 0.470833 0.542188 0.466667 0.553125 0.452083 0.557813 0.443750 0.562500 0.433333 0.564063 0.427083 0.565625 0.418750 0.565625 0.402083 0.564063 0.397917 0.562500 0.393750 0.560937 0.391667 0.559375 0.391667 0.556250 0.387500 0.551562 0.385417 0.531250 0.385417
4 0.839063 0.185417 0.832812 0.187500 0.828125 0.189583 0.815625 0.197917 0.807813 0.204167 0.796875 0.218750 0.793750 0.225000 0.790625 0.233333 0.785937 0.245833 0.781250 0.264583 0.779687 0.268750 0.770312 0.283333 0.767188 0.287500 0.760938 0.291667 0.748437 0.300000 0.740625 0.308333 0.729688 0.316667 0.676562 0.352083 0.665625 0.360417 0.639062 0.381250 0.623437 0.393750 0.600000 0.412500 0.587500 0.422917 0.573438 0.435417 0.567187 0.441667 0.559375 0.452083 0.559375 0.460417 0.564063 0.468750 0.568750 0.470833 0.575000 0.466667 0.582812 0.462500 0.592187 0.456250 0.607812 0.445833 0.621875 0.435417 0.629687 0.429167 0.634375 0.422917 0.642188 0.416667 0.645312 0.416667 0.656250 0.408333 0.660937 0.402083 0.665625 0.400000 0.670312 0.395833 0.681250 0.383333 0.706250 0.362500 0.717187 0.350000 0.732812 0.337500 0.748437 0.320833 0.765625 0.306250 0.773438 0.300000 0.778125 0.297917 0.800000 0.297917 0.812500 0.302083 0.821875 0.302083 0.829688 0.300000 0.835938 0.297917 0.840625 0.295833 0.851562 0.289583 0.854688 0.287500 0.868750 0.268750 0.870313 0.262500 0.875000 0.256250 0.876563 0.247917 0.878125 0.241667 0.879687 0.227083 0.879687 0.218750 0.878125 0.210417 0.876563 0.206250 0.873437 0.200000 0.868750 0.193750 0.859375 0.187500 0.853125 0.185417 0.839063 0.185417
4 0.246875 0.787500 0.240625 0.789583 0.237500 0.793750 0.235937 0.797917 0.235937 0.812500 0.237500 0.816667 0.240625 0.820833 0.243750 0.822917 0.256250 0.822917 0.309375 0.820833 0.329688 0.825000 0.353125 0.827083 0.381250 0.827083 0.387500 0.831250 0.392188 0.841667 0.401562 0.854167 0.404687 0.856250 0.409375 0.858333 0.417187 0.860417 0.431250 0.860417 0.442188 0.858333 0.446875 0.856250 0.450000 0.854167 0.454688 0.850000 0.459375 0.843750 0.460938 0.837500 0.460938 0.829167 0.459375 0.825000 0.457813 0.820833 0.448437 0.808333 0.443750 0.804167 0.434375 0.797917 0.428125 0.795833 0.420312 0.795833 0.418750 0.793750 0.412500 0.793750 0.410938 0.795833 0.403125 0.795833 0.400000 0.797917 0.393750 0.804167 0.390625 0.808333 0.385937 0.814583 0.356250 0.814583 0.334375 0.812500 0.314063 0.808333 0.287500 0.802083 0.279687 0.800000 0.273438 0.797917 0.267188 0.793750 0.260937 0.791667 0.254688 0.789583 0.246875 0.787500
4 0.754687 0.781250 0.745313 0.783333 0.735938 0.789583 0.721875 0.806250 0.718750 0.806250 0.715625 0.808333 0.704688 0.806250 0.681250 0.800000 0.659375 0.791667 0.651563 0.791667 0.648438 0.795833 0.646875 0.800000 0.646875 0.806250 0.650000 0.808333 0.656250 0.808333 0.664062 0.812500 0.673438 0.814583 0.682813 0.816667 0.704688 0.818750 0.714063 0.820833 0.720313 0.825000 0.721875 0.831250 0.725000 0.835417 0.728125 0.845833 0.731250 0.852083 0.735938 0.860417 0.740625 0.864583 0.751563 0.872917 0.760938 0.879167 0.765625 0.881250 0.775000 0.883333 0.784375 0.885417 0.817187 0.885417 0.826562 0.883333 0.831250 0.881250 0.835938 0.879167 0.839063 0.877083 0.846875 0.866667 0.848437 0.862500 0.848437 0.845833 0.846875 0.841667 0.845313 0.837500 0.842187 0.831250 0.829688 0.814583 0.818750 0.804167 0.812500 0.800000 0.800000 0.791667 0.784375 0.785417 0.776563 0.783333 0.765625 0.783333 0.764062 0.781250 0.754687 0.781250
4 0.495312 0.737500 0.489063 0.745833 0.487500 0.750000 0.485938 0.754167 0.484375 0.764583 0.484375 0.770833 0.484375 0.772917 0.492188 0.777083 0.507812 0.779167 0.542188 0.781250 0.554688 0.783333 0.565625 0.785417 0.582812 0.791667 0.609375 0.797917 0.625000 0.795833 0.628125 0.787500 0.626563 0.783333 0.623437 0.783333 0.621875 0.781250 0.615625 0.779167 0.592187 0.772917 0.585938 0.768750 0.550000 0.758333 0.539062 0.754167 0.523438 0.745833 0.507812 0.739583 0.501563 0.737500 0.495312 0.737500
3 0.253125 0.122917 0.251563 0.131250 0.250000 0.141667 0.248438 0.160417 0.246875 0.193750 0.245312 0.208333 0.242188 0.218750 0.240625 0.231250 0.239063 0.252083 0.239063 0.256250 0.240625 0.268750 0.243750 0.279167 0.243750 0.289583 0.242188 0.297917 0.239063 0.312500 0.234375 0.325000 0.232813 0.333333 0.232813 0.343750 0.228125 0.360417 0.226562 0.368750 0.225000 0.379167 0.223438 0.402083 0.220312 0.420833 0.215625 0.439583 0.212500 0.458333 0.206250 0.500000 0.204687 0.512500 0.204687 0.527083 0.203125 0.539583 0.198437 0.560417 0.196875 0.570833 0.195312 0.602083 0.196875 0.608333 0.200000 0.610417 0.210938 0.610417 0.212500 0.606250 0.214062 0.602083 0.215625 0.595833 0.217188 0.589583 0.220312 0.575000 0.221875 0.566667 0.226562 0.539583 0.229687 0.520833 0.231250 0.510417 0.232813 0.485417 0.235937 0.475000 0.237500 0.460417 0.239063 0.445833 0.240625 0.425000 0.240625 0.400000 0.242188 0.379167 0.246875 0.339583 0.250000 0.327083 0.250000 0.314583 0.251563 0.304167 0.253125 0.297917 0.254688 0.291667 0.262500 0.281250 0.268750 0.275000 0.270313 0.275000 0.273438 0.270833 0.278125 0.260417 0.279687 0.256250 0.281250 0.252083 0.282813 0.243750 0.284375 0.235417 0.285938 0.225000 0.285938 0.191667 0.287500 0.164583 0.290625 0.141667 0.290625 0.135417 0.289062 0.131250 0.285938 0.129167 0.279687 0.127083 0.270313 0.127083 0.267188 0.122917 0.257812 0.120833 0.253125 0.122917
6 0.367188 0.510417 0.365625 0.514583 0.364063 0.527083 0.364063 0.543750 0.362500 0.550000 0.360938 0.556250 0.354687 0.564583 0.351562 0.566667 0.348438 0.568750 0.337500 0.572917 0.331250 0.572917 0.325000 0.575000 0.321875 0.579167 0.320312 0.583333 0.318750 0.587500 0.317188 0.593750 0.315625 0.606250 0.309375 0.622917 0.306250 0.635417 0.304688 0.647917 0.300000 0.660417 0.292187 0.697917 0.284375 0.720833 0.281250 0.733333 0.276562 0.752083 0.271875 0.772917 0.270313 0.785417 0.268750 0.789583 0.271875 0.793750 0.276562 0.795833 0.284375 0.797917 0.292187 0.800000 0.301563 0.802083 0.310937 0.804167 0.321875 0.806250 0.334375 0.808333 0.351562 0.810417 0.371875 0.812500 0.379688 0.812500 0.384375 0.810417 0.387500 0.808333 0.393750 0.800000 0.398438 0.795833 0.401562 0.793750 0.404687 0.791667 0.426563 0.791667 0.432812 0.793750 0.445312 0.802083 0.450000 0.806250 0.459375 0.818750 0.460938 0.822917 0.462500 0.827083 0.462500 0.839583 0.459375 0.847917 0.456250 0.852083 0.451562 0.856250 0.448437 0.858333 0.443750 0.860417 0.439063 0.862500 0.412500 0.862500 0.407813 0.860417 0.403125 0.858333 0.400000 0.856250 0.389062 0.839583 0.384375 0.833333 0.381250 0.831250 0.357812 0.829167 0.337500 0.829167 0.318750 0.825000 0.295312 0.822917 0.264062 0.822917 0.260937 0.825000 0.257812 0.833333 0.257812 0.841667 0.259375 0.845833 0.262500 0.847917 0.265625 0.850000 0.275000 0.854167 0.279687 0.856250 0.293750 0.860417 0.298438 0.864583 0.314063 0.868750 0.328125 0.875000 0.354687 0.889583 0.375000 0.897917 0.396875 0.904167 0.406250 0.908333 0.420312 0.914583 0.442188 0.925000 0.450000 0.931250 0.462500 0.937500 0.467187 0.937500 0.475000 0.943750 0.487500 0.950000 0.492188 0.952083 0.496875 0.952083 0.501563 0.954167 0.506250 0.958333 0.510938 0.958333 0.515625 0.962500 0.520312 0.964583 0.526563 0.964583 0.529687 0.960417 0.531250 0.954167 0.534375 0.941667 0.539062 0.912500 0.542188 0.906250 0.550000 0.872917 0.551562 0.858333 0.556250 0.843750 0.557813 0.829167 0.564063 0.808333 0.565625 0.800000 0.565625 0.793750 0.562500 0.789583 0.550000 0.789583 0.537500 0.785417 0.523438 0.783333 0.507812 0.783333 0.492188 0.781250 0.484375 0.779167 0.481250 0.775000 0.481250 0.770833 0.479687 0.766667 0.481250 0.758333 0.482812 0.752083 0.484375 0.747917 0.487500 0.741667 0.492188 0.735417 0.495312 0.733333 0.501563 0.733333 0.507812 0.735417 0.518750 0.739583 0.529687 0.743750 0.545312 0.750000 0.550000 0.754167 0.556250 0.756250 0.562500 0.758333 0.571875 0.760417 0.575000 0.756250 0.576562 0.752083 0.578125 0.745833 0.587500 0.706250 0.589063 0.697917 0.590625 0.689583 0.589063 0.672917 0.589063 0.662500 0.590625 0.658333 0.600000 0.645833 0.601562 0.641667 0.603125 0.635417 0.606250 0.620833 0.606250 0.610417 0.603125 0.606250 0.598437 0.604167 0.584375 0.597917 0.564063 0.589583 0.556250 0.587500 0.551562 0.589583 0.545312 0.600000 0.540625 0.602083 0.535937 0.606250 0.517188 0.629167 0.509375 0.635417 0.501563 0.645833 0.487500 0.658333 0.479687 0.668750 0.471875 0.675000 0.464062 0.685417 0.459375 0.687500 0.453125 0.693750 0.448437 0.700000 0.442188 0.706250 0.418750 0.725000 0.415625 0.725000 0.412500 0.722917 0.404687 0.712500 0.404687 0.702083 0.423438 0.677083 0.439063 0.658333 0.453125 0.641667 0.462500 0.635417 0.470313 0.625000 0.481250 0.614583 0.485938 0.612500 0.498437 0.597917 0.503125 0.593750 0.512500 0.587500 0.520312 0.579167 0.523438 0.575000 0.515625 0.568750 0.503125 0.562500 0.479687 0.552083 0.475000 0.552083 0.468750 0.547917 0.465625 0.547917 0.462500 0.552083 0.460938 0.558333 0.459375 0.568750 0.453125 0.616667 0.451562 0.625000 0.448437 0.639583 0.446875 0.643750 0.439063 0.645833 0.432812 0.643750 0.429688 0.641667 0.428125 0.639583 0.426563 0.635417 0.425000 0.631250 0.425000 0.622917 0.426563 0.604167 0.429688 0.581250 0.431250 0.560417 0.431250 0.556250 0.429688 0.552083 0.425000 0.552083 0.418750 0.560417 0.414062 0.562500 0.407813 0.568750 0.387500 0.591667 0.376563 0.602083 0.371875 0.606250 0.370312 0.606250 0.360938 0.616667 0.357812 0.620833 0.351562 0.625000 0.346875 0.629167 0.340625 0.629167 0.337500 0.625000 0.337500 0.616667 0.342187 0.608333 0.346875 0.602083 0.356250 0.593750 0.357812 0.591667 0.359375 0.585417 0.364063 0.583333 0.373437 0.572917 0.375000 0.568750 0.378125 0.564583 0.384375 0.560417 0.393750 0.550000 0.401562 0.541667 0.409375 0.531250 0.409375 0.525000 0.406250 0.522917 0.403125 0.520833 0.389062 0.514583 0.378125 0.510417 0.373437 0.510417 0.371875 0.508333 0.367188 0.510417
6 0.489063 0.487500 0.485938 0.489583 0.479687 0.497917 0.475000 0.500000 0.470313 0.506250 0.467187 0.512500 0.468750 0.533333 0.473438 0.535417 0.478125 0.537500 0.484375 0.539583 0.489063 0.533333 0.489063 0.527083 0.495312 0.510417 0.496875 0.500000 0.500000 0.493750 0.498437 0.487500 0.489063 0.487500
6 0.275000 0.000000 0.270313 0.006250 0.268750 0.010417 0.265625 0.022917 0.260937 0.039583 0.254688 0.064583 0.248438 0.091667 0.245312 0.106250 0.243750 0.125000 0.240625 0.133333 0.240625 0.141667 0.235937 0.164583 0.232813 0.179167 0.229687 0.191667 0.225000 0.210417 0.217188 0.233333 0.210938 0.262500 0.206250 0.272917 0.201563 0.289583 0.195312 0.318750 0.179688 0.366667 0.178125 0.372917 0.179688 0.385417 0.182812 0.387500 0.185938 0.389583 0.193750 0.393750 0.201563 0.397917 0.206250 0.400000 0.210938 0.402083 0.218750 0.402083 0.220312 0.397917 0.221875 0.391667 0.223438 0.372917 0.229687 0.345833 0.229687 0.337500 0.231250 0.327083 0.234375 0.320833 0.235937 0.306250 0.240625 0.291667 0.240625 0.277083 0.235937 0.264583 0.235937 0.252083 0.237500 0.250000 0.237500 0.235417 0.242188 0.214583 0.243750 0.204167 0.243750 0.183333 0.246875 0.168750 0.248438 0.152083 0.248438 0.131250 0.250000 0.122917 0.253125 0.118750 0.259375 0.118750 0.260937 0.120833 0.268750 0.120833 0.282813 0.125000 0.287500 0.127083 0.290625 0.129167 0.292187 0.154167 0.289062 0.181250 0.289062 0.210417 0.287500 0.231250 0.285938 0.239583 0.284375 0.247917 0.282813 0.254167 0.278125 0.266667 0.264062 0.283333 0.257812 0.293750 0.256250 0.297917 0.254688 0.302083 0.253125 0.310417 0.251563 0.322917 0.250000 0.350000 0.246875 0.362500 0.245312 0.379167 0.243750 0.402083 0.243750 0.418750 0.246875 0.420833 0.254688 0.420833 0.254688 0.414583 0.256250 0.412500 0.257812 0.400000 0.259375 0.385417 0.259375 0.370833 0.260937 0.356250 0.262500 0.345833 0.265625 0.341667 0.265625 0.339583 0.273438 0.337500 0.284375 0.339583 0.293750 0.341667 0.300000 0.343750 0.304688 0.350000 0.306250 0.356250 0.306250 0.379167 0.304688 0.410417 0.301563 0.437500 0.301563 0.443750 0.303125 0.447917 0.309375 0.452083 0.317188 0.454167 0.321875 0.458333 0.331250 0.462500 0.335938 0.460417 0.337500 0.456250 0.339062 0.447917 0.339062 0.439583 0.343750 0.425000 0.348438 0.400000 0.348438 0.391667 0.351562 0.377083 0.354687 0.362500 0.359375 0.347917 0.362500 0.333333 0.367188 0.310417 0.368750 0.302083 0.370312 0.283333 0.371875 0.275000 0.375000 0.266667 0.375000 0.258333 0.378125 0.250000 0.379688 0.241667 0.379688 0.233333 0.381250 0.225000 0.385937 0.204167 0.392188 0.189583 0.395313 0.179167 0.400000 0.160417 0.406250 0.133333 0.409375 0.118750 0.410938 0.110417 0.410938 0.102083 0.412500 0.093750 0.415625 0.079167 0.417187 0.075000 0.420312 0.070833 0.423438 0.068750 0.432812 0.068750 0.435937 0.072917 0.437500 0.077083 0.437500 0.110417 0.435937 0.122917 0.434375 0.135417 0.432812 0.145833 0.425000 0.191667 0.420312 0.218750 0.412500 0.254167 0.409375 0.272917 0.407813 0.283333 0.406250 0.304167 0.404687 0.312500 0.403125 0.316667 0.398438 0.322917 0.393750 0.325000 0.392188 0.331250 0.389062 0.335417 0.387500 0.343750 0.385937 0.356250 0.384375 0.368750 0.382812 0.397917 0.381250 0.410417 0.378125 0.431250 0.376563 0.441667 0.373437 0.450000 0.370312 0.472917 0.371875 0.483333 0.375000 0.485417 0.378125 0.487500 0.398438 0.495833 0.406250 0.502083 0.410938 0.502083 0.420312 0.508333 0.425000 0.510417 0.429688 0.510417 0.434375 0.506250 0.440625 0.497917 0.442188 0.491667 0.442188 0.479167 0.443750 0.468750 0.448437 0.447917 0.448437 0.437500 0.460938 0.375000 0.462500 0.352083 0.464062 0.343750 0.468750 0.327083 0.468750 0.304167 0.464062 0.293750 0.462500 0.287500 0.462500 0.264583 0.464062 0.245833 0.465625 0.233333 0.468750 0.222917 0.468750 0.212500 0.471875 0.202083 0.473438 0.191667 0.473438 0.179167 0.475000 0.168750 0.476562 0.156250 0.478125 0.152083 0.481250 0.147917 0.484375 0.147917 0.493750 0.147917 0.498437 0.152083 0.506250 0.152083 0.509375 0.156250 0.514062 0.154167 0.517188 0.156250 0.518750 0.166667 0.517188 0.181250 0.514062 0.195833 0.514062 0.220833 0.512500 0.239583 0.510938 0.256250 0.509375 0.266667 0.506250 0.281250 0.503125 0.291667 0.493750 0.304167 0.487500 0.314583 0.485938 0.318750 0.484375 0.322917 0.482812 0.329167 0.481250 0.341667 0.479687 0.358333 0.479687 0.375000 0.475000 0.408333 0.473438 0.427083 0.473438 0.456250 0.479687 0.450000 0.481250 0.445833 0.481250 0.439583 0.484375 0.429167 0.485938 0.425000 0.490625 0.414583 0.493750 0.408333 0.496875 0.404167 0.504687 0.395833 0.510938 0.391667 0.520312 0.385417 0.528125 0.383333 0.531250 0.381250 0.532813 0.379167 0.534375 0.375000 0.534375 0.370833 0.539062 0.360417 0.542188 0.343750 0.551562 0.316667 0.557813 0.287500 0.562500 0.277083 0.567187 0.260417 0.578125 0.214583 0.584375 0.200000 0.584375 0.189583 0.589063 0.172917 0.593750 0.162500 0.596875 0.152083 0.596875 0.141667 0.593750 0.137500 0.590625 0.135417 0.587500 0.133333 0.579688 0.129167 0.562500 0.122917 0.542188 0.112500 0.529687 0.106250 0.526563 0.102083 0.521875 0.102083 0.509375 0.095833 0.501563 0.091667 0.485938 0.081250 0.468750 0.075000 0.456250 0.066667 0.451562 0.066667 0.439063 0.060417 0.418750 0.047917 0.398438 0.039583 0.390625 0.033333 0.382812 0.031250 0.356250 0.014583 0.335938 0.004167 0.328125 0.002083 0.285938 0.000000 0.275000 0.000000
4 0.670312 0.402083 0.664062 0.404167 0.660937 0.406250 0.657813 0.408333 0.640625 0.420833 0.635938 0.425000 0.629687 0.433333 0.623437 0.437500 0.620313 0.441667 0.617188 0.447917 0.614062 0.454167 0.609375 0.468750 0.607812 0.475000 0.606250 0.483333 0.606250 0.491667 0.604688 0.500000 0.603125 0.504167 0.601562 0.508333 0.592187 0.520833 0.585938 0.527083 0.565625 0.545833 0.556250 0.554167 0.542188 0.566667 0.528125 0.575000 0.518750 0.583333 0.500000 0.600000 0.487500 0.612500 0.468750 0.631250 0.454688 0.647917 0.448437 0.652083 0.437500 0.666667 0.426563 0.677083 0.409375 0.700000 0.407813 0.704167 0.407813 0.712500 0.414062 0.720833 0.418750 0.720833 0.426563 0.714583 0.439063 0.704167 0.443750 0.700000 0.448437 0.695833 0.453125 0.689583 0.459375 0.685417 0.460938 0.681250 0.467187 0.677083 0.473438 0.670833 0.479687 0.664583 0.493750 0.647917 0.500000 0.643750 0.507812 0.633333 0.515625 0.627083 0.526563 0.614583 0.537500 0.602083 0.550000 0.585417 0.554688 0.583333 0.560937 0.577083 0.581250 0.552083 0.589063 0.543750 0.595313 0.537500 0.603125 0.529167 0.612500 0.522917 0.646875 0.522917 0.657813 0.520833 0.662500 0.518750 0.671875 0.512500 0.678125 0.506250 0.684375 0.500000 0.693750 0.489583 0.696875 0.485417 0.696875 0.483333 0.701562 0.477083 0.704688 0.470833 0.710938 0.454167 0.712500 0.443750 0.712500 0.431250 0.710938 0.422917 0.707812 0.414583 0.701562 0.408333 0.698438 0.406250 0.695312 0.404167 0.690625 0.402083 0.670312 0.402083
6 0.834375 0.595833 0.823438 0.597917 0.790625 0.597917 0.781250 0.602083 0.770312 0.602083 0.764062 0.604167 0.757812 0.606250 0.746875 0.614583 0.735938 0.616667 0.731250 0.622917 0.721875 0.622917 0.715625 0.627083 0.714063 0.631250 0.707812 0.647917 0.709375 0.654167 0.712500 0.656250 0.718750 0.660417 0.734375 0.668750 0.739062 0.668750 0.740625 0.670833 0.743750 0.670833 0.745313 0.666667 0.746875 0.625000 0.754687 0.622917 0.771875 0.622917 0.779687 0.625000 0.785937 0.622917 0.798438 0.625000 0.806250 0.625000 0.840625 0.622917 0.843750 0.618750 0.846875 0.606250 0.848437 0.595833 0.845313 0.591667 0.834375 0.595833
6 0.610938 0.447917 0.606250 0.450000 0.600000 0.454167 0.582812 0.466667 0.571875 0.470833 0.565625 0.475000 0.560937 0.468750 0.556250 0.458333 0.553125 0.458333 0.546875 0.466667 0.542188 0.468750 0.537500 0.475000 0.534375 0.477083 0.531250 0.479167 0.526563 0.481250 0.520312 0.483333 0.507812 0.483333 0.504687 0.487500 0.503125 0.491667 0.498437 0.506250 0.490625 0.533333 0.492188 0.543750 0.495312 0.545833 0.503125 0.550000 0.510938 0.552083 0.526563 0.562500 0.532813 0.564583 0.537500 0.564583 0.546875 0.558333 0.556250 0.547917 0.560937 0.545833 0.565625 0.541667 0.570312 0.535417 0.575000 0.531250 0.579688 0.529167 0.584375 0.525000 0.593750 0.514583 0.598437 0.508333 0.600000 0.504167 0.601562 0.500000 0.603125 0.493750 0.604688 0.485417 0.604688 0.477083 0.606250 0.470833 0.609375 0.464583 0.610938 0.456250 0.610938 0.447917
6 0.873437 0.256250 0.868750 0.268750 0.854688 0.287500 0.848437 0.291667 0.840625 0.297917 0.837500 0.300000 0.834375 0.302083 0.826562 0.304167 0.804688 0.304167 0.793750 0.300000 0.782813 0.300000 0.776563 0.302083 0.773438 0.304167 0.757812 0.316667 0.751563 0.325000 0.750000 0.329167 0.760938 0.341667 0.765625 0.343750 0.781250 0.362500 0.787500 0.368750 0.800000 0.379167 0.812500 0.393750 0.818750 0.400000 0.823438 0.404167 0.828125 0.406250 0.832812 0.410417 0.837500 0.416667 0.842187 0.420833 0.867188 0.439583 0.875000 0.447917 0.876563 0.447917 0.878125 0.450000 0.881250 0.456250 0.879687 0.460417 0.878125 0.464583 0.875000 0.468750 0.865625 0.479167 0.862500 0.481250 0.859375 0.481250 0.856250 0.483333 0.853125 0.481250 0.848437 0.477083 0.837500 0.464583 0.834375 0.460417 0.834375 0.458333 0.831250 0.454167 0.815625 0.433333 0.793750 0.406250 0.775000 0.383333 0.767188 0.377083 0.765625 0.375000 0.753125 0.358333 0.745313 0.350000 0.739062 0.343750 0.735938 0.341667 0.732812 0.341667 0.723437 0.347917 0.712500 0.360417 0.696875 0.372917 0.692187 0.379167 0.681250 0.387500 0.678125 0.391667 0.673438 0.397917 0.690625 0.397917 0.695312 0.400000 0.700000 0.402083 0.704688 0.406250 0.710938 0.414583 0.712500 0.418750 0.714063 0.422917 0.714063 0.454167 0.710938 0.462500 0.706250 0.475000 0.701562 0.483333 0.689063 0.500000 0.681250 0.508333 0.676562 0.512500 0.671875 0.516667 0.668750 0.518750 0.660937 0.522917 0.654687 0.525000 0.643750 0.527083 0.612500 0.527083 0.603125 0.533333 0.589063 0.550000 0.582812 0.554167 0.567187 0.572917 0.565625 0.575000 0.564063 0.579167 0.565625 0.583333 0.568750 0.585417 0.571875 0.587500 0.579688 0.591667 0.596875 0.597917 0.626563 0.614583 0.643750 0.622917 0.648438 0.625000 0.657813 0.625000 0.671875 0.618750 0.675000 0.616667 0.676562 0.614583 0.678125 0.610417 0.679688 0.602083 0.681250 0.597917 0.685937 0.591667 0.690625 0.579167 0.693750 0.572917 0.700000 0.562500 0.726562 0.527083 0.732812 0.520833 0.739062 0.514583 0.743750 0.510417 0.746875 0.508333 0.750000 0.508333 0.754687 0.514583 0.754687 0.520833 0.753125 0.527083 0.748437 0.539583 0.742188 0.558333 0.739062 0.562500 0.734375 0.577083 0.734375 0.581250 0.732812 0.585417 0.735938 0.589583 0.743750 0.587500 0.748437 0.585417 0.753125 0.583333 0.764062 0.577083 0.770312 0.572917 0.779687 0.566667 0.784375 0.562500 0.790625 0.556250 0.803125 0.541667 0.807813 0.537500 0.820312 0.529167 0.832812 0.522917 0.840625 0.520833 0.850000 0.518750 0.859375 0.518750 0.860938 0.516667 0.870313 0.516667 0.873437 0.514583 0.875000 0.510417 0.875000 0.506250 0.878125 0.500000 0.882812 0.483333 0.887500 0.460417 0.892188 0.450000 0.895312 0.437500 0.903125 0.402083 0.909375 0.379167 0.912500 0.368750 0.917188 0.352083 0.920312 0.347917 0.923438 0.337500 0.925000 0.327083 0.937500 0.291667 0.939063 0.285417 0.939063 0.279167 0.935937 0.275000 0.932813 0.272917 0.925000 0.268750 0.912500 0.266667 0.906250 0.264583 0.895312 0.258333 0.889062 0.256250 0.882812 0.254167 0.873437 0.256250
6 0.587500 0.204167 0.584375 0.208333 0.582812 0.212500 0.581250 0.216667 0.578125 0.227083 0.573438 0.243750 0.568750 0.266667 0.565625 0.277083 0.560937 0.287500 0.556250 0.310417 0.540625 0.360417 0.539062 0.366667 0.537500 0.372917 0.539062 0.381250 0.548438 0.381250 0.554688 0.383333 0.559375 0.385417 0.565625 0.393750 0.567187 0.397917 0.568750 0.404167 0.568750 0.418750 0.567187 0.420833 0.567187 0.435417 0.570312 0.433333 0.576562 0.427083 0.579688 0.427083 0.584375 0.422917 0.592187 0.414583 0.600000 0.410417 0.612500 0.397917 0.626563 0.389583 0.642188 0.375000 0.671875 0.352083 0.698438 0.335417 0.706250 0.329167 0.710938 0.325000 0.714063 0.318750 0.706250 0.308333 0.698438 0.300000 0.690625 0.291667 0.685937 0.287500 0.682813 0.285417 0.678125 0.283333 0.671875 0.283333 0.657813 0.285417 0.653125 0.283333 0.650000 0.281250 0.645312 0.277083 0.640625 0.272917 0.634375 0.266667 0.618750 0.247917 0.617188 0.245833 0.600000 0.220833 0.592187 0.206250 0.587500 0.204167
6 0.609375 0.131250 0.607812 0.135417 0.604688 0.145833 0.604688 0.150000 0.609375 0.156250 0.610938 0.156250 0.617188 0.164583 0.621875 0.166667 0.623437 0.168750 0.628125 0.177083 0.629687 0.177083 0.637500 0.185417 0.646875 0.197917 0.665625 0.216667 0.676562 0.229167 0.679688 0.233333 0.682813 0.239583 0.684375 0.243750 0.685937 0.250000 0.685937 0.258333 0.687500 0.262500 0.689063 0.266667 0.690625 0.268750 0.695312 0.270833 0.703125 0.281250 0.714063 0.289583 0.725000 0.302083 0.729688 0.306250 0.734375 0.308333 0.743750 0.302083 0.753125 0.291667 0.756250 0.289583 0.759375 0.289583 0.767188 0.283333 0.770312 0.279167 0.771875 0.279167 0.773438 0.277083 0.773438 0.275000 0.776563 0.270833 0.778125 0.266667 0.779687 0.262500 0.782813 0.247917 0.787500 0.233333 0.792188 0.222917 0.793750 0.212500 0.790625 0.212500 0.785937 0.208333 0.778125 0.206250 0.770312 0.200000 0.762500 0.197917 0.754687 0.191667 0.746875 0.187500 0.737500 0.183333 0.723437 0.177083 0.703125 0.170833 0.687500 0.160417 0.667188 0.152083 0.648438 0.139583 0.640625 0.137500 0.629687 0.129167 0.623437 0.129167 0.615625 0.125000 0.609375 0.131250
5 0.425000 0.070833 0.421875 0.072917 0.420312 0.075000 0.418750 0.079167 0.417187 0.083333 0.415625 0.089583 0.414062 0.097917 0.414062 0.106250 0.412500 0.114583 0.409375 0.129167 0.406250 0.143750 0.403125 0.150000 0.396875 0.181250 0.389062 0.202083 0.384375 0.220833 0.382812 0.229167 0.381250 0.237500 0.379688 0.254167 0.371875 0.287500 0.367188 0.314583 0.367188 0.325000 0.362500 0.337500 0.360938 0.352083 0.356250 0.366667 0.353125 0.381250 0.346875 0.412500 0.346875 0.420833 0.337500 0.462500 0.329688 0.506250 0.325000 0.537500 0.323437 0.552083 0.326562 0.572917 0.332813 0.570833 0.339062 0.568750 0.350000 0.564583 0.353125 0.562500 0.357812 0.556250 0.359375 0.552083 0.360938 0.547917 0.362500 0.533333 0.364063 0.518750 0.365625 0.489583 0.367188 0.477083 0.368750 0.464583 0.371875 0.445833 0.376563 0.427083 0.378125 0.416667 0.379688 0.406250 0.381250 0.391667 0.381250 0.375000 0.382812 0.362500 0.384375 0.350000 0.385937 0.339583 0.387500 0.333333 0.389062 0.329167 0.390625 0.325000 0.392188 0.322917 0.395313 0.320833 0.396875 0.320833 0.400000 0.318750 0.401562 0.316667 0.403125 0.312500 0.404687 0.302083 0.404687 0.287500 0.407813 0.279167 0.407813 0.268750 0.410938 0.250000 0.418750 0.214583 0.423438 0.187500 0.426563 0.168750 0.429688 0.150000 0.431250 0.139583 0.432812 0.129167 0.434375 0.116667 0.434375 0.075000 0.431250 0.070833 0.425000 0.070833
