7 0.673438 0.050000 0.667188 0.052083 0.662500 0.054167 0.650000 0.064583 0.642188 0.068750 0.634375 0.070833 0.631250 0.072917 0.628125 0.075000 0.623437 0.079167 0.617188 0.085417 0.601562 0.106250 0.596875 0.116667 0.590625 0.133333 0.589063 0.141667 0.587500 0.152083 0.585938 0.164583 0.585938 0.191667 0.587500 0.200000 0.589063 0.208333 0.590625 0.214583 0.601562 0.241667 0.601562 0.252083 0.598437 0.256250 0.593750 0.258333 0.584375 0.270833 0.584375 0.277083 0.587500 0.283333 0.590625 0.289583 0.598437 0.297917 0.603125 0.302083 0.609375 0.304167 0.617188 0.306250 0.637500 0.306250 0.646875 0.304167 0.659375 0.295833 0.676562 0.272917 0.685937 0.258333 0.696875 0.250000 0.704688 0.241667 0.707812 0.237500 0.710938 0.229167 0.715625 0.216667 0.723437 0.206250 0.726562 0.200000 0.729688 0.189583 0.734375 0.170833 0.734375 0.141667 0.731250 0.129167 0.732812 0.114583 0.731250 0.097917 0.729688 0.091667 0.725000 0.079167 0.720313 0.072917 0.720313 0.070833 0.717187 0.066667 0.715625 0.066667 0.710938 0.060417 0.698438 0.052083 0.692187 0.050000 0.673438 0.050000
1 0.301563 0.766667 0.301563 0.777083 0.304688 0.781250 0.310937 0.785417 0.315625 0.791667 0.320312 0.802083 0.320312 0.808333 0.321875 0.812500 0.331250 0.825000 0.332813 0.829167 0.334375 0.837500 0.337500 0.841667 0.348438 0.850000 0.356250 0.852083 0.359375 0.854167 0.362500 0.856250 0.367188 0.862500 0.371875 0.866667 0.378125 0.868750 0.384375 0.875000 0.387500 0.877083 0.400000 0.883333 0.409375 0.887500 0.412500 0.887500 0.426563 0.883333 0.428125 0.877083 0.426563 0.866667 0.423438 0.864583 0.421875 0.860417 0.420312 0.847917 0.420312 0.843750 0.423438 0.831250 0.421875 0.818750 0.418750 0.818750 0.409375 0.822917 0.382812 0.822917 0.376563 0.820833 0.371875 0.818750 0.367188 0.816667 0.364063 0.814583 0.360938 0.812500 0.356250 0.808333 0.351562 0.804167 0.335938 0.783333 0.329688 0.766667 0.309375 0.764583 0.301563 0.766667
1 0.565625 0.139583 0.560937 0.141667 0.557813 0.143750 0.554688 0.147917 0.553125 0.154167 0.548438 0.160417 0.540625 0.164583 0.534375 0.172917 0.525000 0.187500 0.521875 0.193750 0.520312 0.197917 0.518750 0.210417 0.512500 0.220833 0.500000 0.237500 0.501563 0.270833 0.500000 0.281250 0.500000 0.287500 0.501563 0.295833 0.504687 0.306250 0.507812 0.310417 0.510938 0.325000 0.517188 0.331250 0.521875 0.335417 0.526563 0.339583 0.529687 0.341667 0.534375 0.341667 0.540625 0.339583 0.543750 0.335417 0.543750 0.331250 0.542188 0.329167 0.540625 0.318750 0.550000 0.304167 0.562500 0.287500 0.570312 0.281250 0.578125 0.270833 0.584375 0.266667 0.593750 0.254167 0.598437 0.252083 0.598437 0.239583 0.596875 0.235417 0.592187 0.227083 0.589063 0.218750 0.585938 0.208333 0.584375 0.202083 0.582812 0.187500 0.578125 0.172917 0.575000 0.158333 0.575000 0.147917 0.571875 0.139583 0.565625 0.139583
1 0.735938 0.166667 0.735938 0.175000 0.731250 0.191667 0.726562 0.204167 0.720313 0.212500 0.715625 0.220833 0.710938 0.235417 0.710938 0.241667 0.714063 0.247917 0.726562 0.262500 0.734375 0.270833 0.737500 0.272917 0.743750 0.275000 0.746875 0.277083 0.751563 0.283333 0.756250 0.287500 0.771875 0.287500 0.779687 0.283333 0.779687 0.272917 0.778125 0.254167 0.775000 0.233333 0.775000 0.200000 0.773438 0.189583 0.771875 0.185417 0.770312 0.181250 0.751563 0.181250 0.745313 0.179167 0.745313 0.177083 0.742188 0.172917 0.740625 0.166667 0.735938 0.166667
14 0.331250 0.135417 0.329688 0.137500 0.326562 0.137500 0.325000 0.141667 0.323437 0.145833 0.323437 0.152083 0.326562 0.156250 0.329688 0.158333 0.332813 0.158333 0.335938 0.160417 0.343750 0.170833 0.345313 0.177083 0.345313 0.187500 0.343750 0.191667 0.337500 0.200000 0.337500 0.208333 0.329688 0.225000 0.329688 0.237500 0.328125 0.241667 0.326562 0.245833 0.323437 0.250000 0.321875 0.254167 0.320312 0.266667 0.321875 0.275000 0.323437 0.285417 0.325000 0.293750 0.326562 0.300000 0.335938 0.325000 0.339062 0.331250 0.343750 0.339583 0.346875 0.343750 0.350000 0.347917 0.356250 0.356250 0.359375 0.358333 0.368750 0.364583 0.375000 0.370833 0.371875 0.372917 0.375000 0.370833 0.378125 0.370833 0.382812 0.372917 0.387500 0.377083 0.393750 0.379167 0.400000 0.379167 0.410938 0.381250 0.421875 0.383333 0.425000 0.381250 0.431250 0.383333 0.437500 0.379167 0.442188 0.381250 0.443750 0.379167 0.446875 0.379167 0.448437 0.372917 0.451562 0.370833 0.459375 0.366667 0.464062 0.362500 0.481250 0.339583 0.484375 0.331250 0.489063 0.318750 0.495312 0.293750 0.496875 0.285417 0.496875 0.243750 0.495312 0.233333 0.490625 0.214583 0.489063 0.210417 0.487500 0.206250 0.484375 0.200000 0.481250 0.193750 0.476562 0.185417 0.462500 0.175000 0.464062 0.183333 0.475000 0.197917 0.478125 0.204167 0.484375 0.220833 0.484375 0.227083 0.482812 0.231250 0.479687 0.235417 0.478125 0.239583 0.478125 0.252083 0.475000 0.260417 0.473438 0.268750 0.475000 0.275000 0.476562 0.281250 0.484375 0.293750 0.484375 0.302083 0.482812 0.306250 0.481250 0.310417 0.476562 0.320833 0.467187 0.335417 0.456250 0.350000 0.450000 0.356250 0.446875 0.358333 0.442188 0.358333 0.434375 0.364583 0.426563 0.366667 0.410938 0.368750 0.400000 0.368750 0.385937 0.362500 0.375000 0.356250 0.371875 0.354167 0.367188 0.350000 0.362500 0.345833 0.357812 0.339583 0.345313 0.320833 0.340625 0.312500 0.339062 0.308333 0.339062 0.297917 0.335938 0.293750 0.334375 0.289583 0.334375 0.277083 0.331250 0.272917 0.331250 0.247917 0.334375 0.239583 0.332813 0.231250 0.337500 0.218750 0.342187 0.210417 0.346875 0.193750 0.348438 0.189583 0.351562 0.185417 0.356250 0.183333 0.368750 0.164583 0.368750 0.160417 0.365625 0.160417 0.359375 0.164583 0.356250 0.162500 0.337500 0.137500 0.334375 0.135417 0.331250 0.135417
20 0.275000 0.156250 0.270313 0.160417 0.268750 0.164583 0.267188 0.175000 0.262500 0.185417 0.260937 0.197917 0.259375 0.204167 0.254688 0.220833 0.248438 0.235417 0.246875 0.241667 0.245312 0.247917 0.242188 0.270833 0.237500 0.285417 0.235937 0.300000 0.234375 0.304167 0.231250 0.308333 0.220312 0.345833 0.215625 0.366667 0.212500 0.385417 0.198437 0.441667 0.189062 0.475000 0.184375 0.479167 0.181250 0.485417 0.175000 0.502083 0.175000 0.514583 0.176563 0.518750 0.181250 0.520833 0.190625 0.527083 0.198437 0.535417 0.209375 0.541667 0.214062 0.547917 0.214062 0.550000 0.217188 0.554167 0.220312 0.556250 0.225000 0.556250 0.226562 0.558333 0.229687 0.558333 0.234375 0.556250 0.237500 0.554167 0.239063 0.552083 0.240625 0.547917 0.243750 0.539583 0.245312 0.533333 0.245312 0.527083 0.246875 0.520833 0.250000 0.514583 0.251563 0.508333 0.256250 0.477083 0.267188 0.433333 0.271875 0.416667 0.279687 0.397917 0.282813 0.387500 0.285938 0.370833 0.287500 0.364583 0.290625 0.360417 0.290625 0.356250 0.295312 0.347917 0.298438 0.339583 0.301563 0.329167 0.303125 0.318750 0.307812 0.308333 0.309375 0.297917 0.314063 0.287500 0.315625 0.277083 0.320312 0.266667 0.321875 0.252083 0.331250 0.214583 0.334375 0.204167 0.340625 0.189583 0.342187 0.183333 0.342187 0.177083 0.339062 0.168750 0.335938 0.164583 0.332813 0.162500 0.325000 0.158333 0.314063 0.156250 0.307812 0.158333 0.275000 0.156250
19 0.737500 0.329167 0.726562 0.331250 0.721875 0.333333 0.717187 0.335417 0.707812 0.341667 0.703125 0.345833 0.695312 0.354167 0.685937 0.366667 0.676562 0.375000 0.665625 0.389583 0.662500 0.395833 0.660937 0.400000 0.659375 0.404167 0.657813 0.412500 0.657813 0.437500 0.659375 0.443750 0.660937 0.450000 0.662500 0.454167 0.665625 0.460417 0.682813 0.483333 0.690625 0.485417 0.700000 0.487500 0.709375 0.489583 0.739062 0.491667 0.748437 0.491667 0.750000 0.489583 0.760938 0.489583 0.765625 0.487500 0.775000 0.481250 0.792188 0.458333 0.795312 0.452083 0.798438 0.441667 0.800000 0.435417 0.801562 0.429167 0.803125 0.420833 0.803125 0.395833 0.801562 0.387500 0.800000 0.381250 0.796875 0.370833 0.793750 0.364583 0.789062 0.356250 0.784375 0.350000 0.778125 0.343750 0.773438 0.339583 0.770312 0.337500 0.762500 0.333333 0.757812 0.331250 0.748437 0.329167 0.737500 0.329167
11 0.893750 0.347917 0.884375 0.350000 0.878125 0.352083 0.873437 0.354167 0.868750 0.356250 0.848437 0.370833 0.826562 0.381250 0.821875 0.381250 0.812500 0.387500 0.809375 0.389583 0.806250 0.397917 0.806250 0.418750 0.804688 0.429167 0.803125 0.435417 0.796875 0.452083 0.793750 0.458333 0.782813 0.472917 0.782813 0.483333 0.784375 0.487500 0.785937 0.491667 0.798438 0.508333 0.810937 0.516667 0.815625 0.518750 0.820312 0.520833 0.826562 0.522917 0.870313 0.520833 0.873437 0.520833 0.884375 0.525000 0.915625 0.525000 0.923438 0.522917 0.929688 0.518750 0.939063 0.512500 0.950000 0.497917 0.960938 0.472917 0.967187 0.468750 0.978125 0.468750 0.984375 0.466667 0.989062 0.464583 0.998437 0.456250 0.996875 0.385417 0.995313 0.385417 0.992188 0.381250 0.989062 0.379167 0.984375 0.377083 0.957812 0.379167 0.954688 0.379167 0.951562 0.377083 0.948438 0.375000 0.939063 0.362500 0.934375 0.358333 0.925000 0.352083 0.920312 0.350000 0.909375 0.347917 0.893750 0.347917
13 0.701562 0.506250 0.700000 0.508333 0.690625 0.508333 0.684375 0.510417 0.679688 0.512500 0.675000 0.514583 0.671875 0.516667 0.664062 0.522917 0.659375 0.527083 0.656250 0.531250 0.650000 0.539583 0.648438 0.543750 0.646875 0.550000 0.645312 0.556250 0.643750 0.570833 0.642188 0.585417 0.639062 0.616667 0.639062 0.633333 0.640625 0.639583 0.642188 0.645833 0.645312 0.652083 0.648438 0.658333 0.653125 0.666667 0.664062 0.679167 0.668750 0.683333 0.676562 0.689583 0.684375 0.693750 0.689063 0.695833 0.696875 0.697917 0.718750 0.697917 0.725000 0.695833 0.729688 0.693750 0.732812 0.689583 0.750000 0.689583 0.756250 0.687500 0.760938 0.685417 0.770312 0.679167 0.775000 0.675000 0.782813 0.664583 0.785937 0.658333 0.789062 0.652083 0.790625 0.647917 0.792188 0.641667 0.793750 0.635417 0.793750 0.606250 0.792188 0.597917 0.790625 0.591667 0.785937 0.579167 0.782813 0.572917 0.768750 0.556250 0.767188 0.554167 0.765625 0.547917 0.762500 0.541667 0.751563 0.527083 0.746875 0.522917 0.739062 0.516667 0.735938 0.514583 0.731250 0.512500 0.726562 0.510417 0.720313 0.508333 0.710938 0.508333 0.709375 0.506250 0.701562 0.506250
17 0.245312 0.572917 0.245312 0.577083 0.248438 0.583333 0.257812 0.595833 0.262500 0.610417 0.254688 0.610417 0.251563 0.608333 0.240625 0.600000 0.235937 0.593750 0.231250 0.589583 0.225000 0.589583 0.225000 0.597917 0.239063 0.618750 0.234375 0.625000 0.231250 0.627083 0.228125 0.627083 0.225000 0.625000 0.220312 0.620833 0.215625 0.614583 0.210938 0.612500 0.206250 0.606250 0.200000 0.604167 0.196875 0.602083 0.179688 0.585417 0.171875 0.579167 0.160938 0.579167 0.157812 0.583333 0.157812 0.593750 0.162500 0.600000 0.167187 0.602083 0.173437 0.610417 0.178125 0.612500 0.184375 0.618750 0.189062 0.622917 0.192188 0.629167 0.198437 0.633333 0.204687 0.641667 0.212500 0.645833 0.217188 0.652083 0.217188 0.660417 0.214062 0.670833 0.214062 0.679167 0.215625 0.683333 0.218750 0.689583 0.221875 0.693750 0.225000 0.695833 0.231250 0.695833 0.234375 0.697917 0.235937 0.704167 0.234375 0.708333 0.223438 0.725000 0.218750 0.733333 0.215625 0.743750 0.209375 0.752083 0.204687 0.756250 0.201563 0.758333 0.193750 0.756250 0.193750 0.754167 0.187500 0.752083 0.179688 0.758333 0.175000 0.758333 0.171875 0.760417 0.168750 0.764583 0.165625 0.770833 0.165625 0.777083 0.162500 0.781250 0.160938 0.787500 0.167187 0.795833 0.168750 0.802083 0.171875 0.804167 0.176563 0.797917 0.179688 0.795833 0.185938 0.793750 0.193750 0.791667 0.195312 0.785417 0.195312 0.779167 0.198437 0.775000 0.203125 0.770833 0.206250 0.768750 0.210938 0.766667 0.215625 0.766667 0.220312 0.762500 0.229687 0.762500 0.235937 0.754167 0.239063 0.754167 0.242188 0.752083 0.245312 0.754167 0.246875 0.758333 0.250000 0.756250 0.254688 0.750000 0.260937 0.739583 0.264062 0.737500 0.267188 0.735417 0.278125 0.729167 0.282813 0.729167 0.285938 0.733333 0.289062 0.739583 0.289062 0.741667 0.290625 0.743750 0.293750 0.745833 0.296875 0.747917 0.307812 0.747917 0.310937 0.745833 0.320312 0.733333 0.321875 0.729167 0.321875 0.695833 0.320312 0.689583 0.318750 0.685417 0.312500 0.677083 0.310937 0.677083 0.304688 0.668750 0.310937 0.660417 0.315625 0.658333 0.325000 0.645833 0.329688 0.643750 0.350000 0.643750 0.353125 0.641667 0.356250 0.639583 0.360938 0.633333 0.365625 0.631250 0.367188 0.627083 0.328125 0.627083 0.325000 0.622917 0.325000 0.618750 0.328125 0.614583 0.329688 0.604167 0.331250 0.600000 0.335938 0.593750 0.340625 0.591667 0.357812 0.585417 0.360938 0.583333 0.365625 0.579167 0.364063 0.575000 0.360938 0.572917 0.353125 0.572917 0.345313 0.575000 0.342187 0.579167 0.329688 0.585417 0.326562 0.583333 0.320312 0.577083 0.317188 0.575000 0.300000 0.575000 0.290625 0.581250 0.284375 0.591667 0.278125 0.593750 0.267188 0.587500 0.264062 0.585417 0.259375 0.581250 0.253125 0.572917 0.250000 0.570833 0.245312 0.572917
26 0.426563 0.116667 0.418750 0.120833 0.410938 0.125000 0.403125 0.131250 0.387500 0.137500 0.382812 0.141667 0.368750 0.158333 0.368750 0.164583 0.359375 0.177083 0.351562 0.185417 0.348438 0.189583 0.346875 0.193750 0.346875 0.197917 0.345313 0.202083 0.343750 0.206250 0.339062 0.216667 0.334375 0.222917 0.332813 0.231250 0.332813 0.237500 0.334375 0.247917 0.332813 0.272917 0.335938 0.277083 0.335938 0.289583 0.340625 0.300000 0.340625 0.308333 0.348438 0.318750 0.350000 0.325000 0.357812 0.337500 0.362500 0.343750 0.364063 0.343750 0.370312 0.352083 0.375000 0.352083 0.382812 0.358333 0.387500 0.358333 0.392188 0.362500 0.398438 0.362500 0.401562 0.366667 0.423438 0.366667 0.431250 0.364583 0.439063 0.358333 0.443750 0.358333 0.446875 0.354167 0.450000 0.354167 0.453125 0.352083 0.467187 0.333333 0.470313 0.325000 0.481250 0.310417 0.482812 0.306250 0.482812 0.293750 0.481250 0.289583 0.475000 0.279167 0.475000 0.270833 0.473438 0.268750 0.473438 0.262500 0.476562 0.254167 0.476562 0.239583 0.482812 0.229167 0.482812 0.220833 0.479687 0.210417 0.475000 0.197917 0.467187 0.189583 0.464062 0.185417 0.462500 0.179167 0.460938 0.172917 0.459375 0.156250 0.457813 0.150000 0.453125 0.137500 0.439063 0.118750 0.435937 0.116667 0.426563 0.116667
25 0.296875 0.354167 0.295312 0.358333 0.295312 0.362500 0.289062 0.377083 0.287500 0.387500 0.282813 0.397917 0.281250 0.408333 0.279687 0.414583 0.276562 0.418750 0.273438 0.429167 0.268750 0.445833 0.264062 0.462500 0.264062 0.468750 0.259375 0.481250 0.257812 0.487500 0.248438 0.531250 0.248438 0.539583 0.246875 0.541667 0.246875 0.547917 0.250000 0.550000 0.259375 0.552083 0.270313 0.552083 0.292187 0.558333 0.303125 0.560417 0.315625 0.562500 0.329688 0.562500 0.359375 0.570833 0.375000 0.572917 0.395313 0.572917 0.412500 0.575000 0.432812 0.579167 0.442188 0.583333 0.454688 0.585417 0.492188 0.589583 0.506250 0.591667 0.532813 0.597917 0.553125 0.602083 0.570312 0.606250 0.592187 0.612500 0.618750 0.622917 0.629687 0.625000 0.635938 0.620833 0.637500 0.610417 0.639062 0.593750 0.639062 0.579167 0.640625 0.564583 0.645312 0.543750 0.646875 0.533333 0.648438 0.512500 0.651563 0.454167 0.654687 0.433333 0.654687 0.416667 0.651563 0.412500 0.642188 0.410417 0.615625 0.412500 0.601562 0.412500 0.581250 0.408333 0.571875 0.404167 0.551562 0.400000 0.521875 0.393750 0.504687 0.393750 0.467187 0.383333 0.454688 0.381250 0.435937 0.381250 0.404687 0.383333 0.390625 0.379167 0.371875 0.370833 0.353125 0.366667 0.346875 0.364583 0.335938 0.358333 0.328125 0.358333 0.321875 0.354167 0.312500 0.352083 0.296875 0.354167
16 0.198437 0.829167 0.187500 0.841667 0.178125 0.847917 0.173437 0.852083 0.154688 0.870833 0.146875 0.881250 0.142187 0.885417 0.135937 0.891667 0.132812 0.891667 0.129688 0.895833 0.128125 0.900000 0.126562 0.910417 0.125000 0.922917 0.125000 0.950000 0.129688 0.956250 0.135937 0.958333 0.140625 0.960417 0.159375 0.962500 0.165625 0.966667 0.176563 0.968750 0.231250 0.970833 0.234375 0.970833 0.237500 0.968750 0.243750 0.960417 0.246875 0.950000 0.265625 0.927083 0.268750 0.922917 0.287500 0.895833 0.289062 0.891667 0.290625 0.860417 0.290625 0.843750 0.287500 0.839583 0.284375 0.837500 0.279687 0.835417 0.271875 0.833333 0.259375 0.831250 0.246875 0.829167 0.198437 0.829167
29 0.409375 0.602083 0.398438 0.608333 0.395313 0.610417 0.387500 0.618750 0.384375 0.620833 0.378125 0.622917 0.371875 0.627083 0.356250 0.643750 0.351562 0.645833 0.339062 0.662500 0.335938 0.668750 0.332813 0.675000 0.331250 0.679167 0.328125 0.689583 0.326562 0.695833 0.325000 0.710417 0.323437 0.737500 0.323437 0.747917 0.325000 0.760417 0.332813 0.768750 0.334375 0.770833 0.335938 0.775000 0.337500 0.781250 0.340625 0.787500 0.346875 0.795833 0.353125 0.802083 0.359375 0.808333 0.371875 0.816667 0.378125 0.818750 0.384375 0.820833 0.406250 0.820833 0.415625 0.816667 0.428125 0.816667 0.432812 0.814583 0.437500 0.810417 0.442188 0.806250 0.456250 0.787500 0.459375 0.777083 0.464062 0.770833 0.468750 0.758333 0.470313 0.752083 0.471875 0.745833 0.473438 0.737500 0.473438 0.725000 0.479687 0.689583 0.479687 0.660417 0.478125 0.650000 0.471875 0.633333 0.460938 0.618750 0.456250 0.614583 0.451562 0.610417 0.448437 0.608333 0.434375 0.602083 0.409375 0.602083
