6 0.615625 0.460417 0.612500 0.468750 0.614062 0.481250 0.612500 0.489583 0.607812 0.506250 0.606250 0.514583 0.606250 0.537500 0.603125 0.547917 0.595313 0.547917 0.585938 0.545833 0.567187 0.539583 0.556250 0.539583 0.546875 0.537500 0.523438 0.529167 0.515625 0.531250 0.514062 0.539583 0.512500 0.558333 0.512500 0.591667 0.509375 0.620833 0.507812 0.652083 0.507812 0.656250 0.510938 0.660417 0.514062 0.660417 0.520312 0.658333 0.529687 0.660417 0.535937 0.662500 0.543750 0.664583 0.550000 0.670833 0.553125 0.670833 0.556250 0.672917 0.564063 0.681250 0.565625 0.683333 0.576562 0.700000 0.576562 0.704167 0.590625 0.737500 0.592187 0.743750 0.593750 0.754167 0.595313 0.768750 0.595313 0.772917 0.593750 0.787500 0.592187 0.800000 0.590625 0.808333 0.589063 0.812500 0.587500 0.816667 0.582812 0.827083 0.576562 0.837500 0.576562 0.839583 0.575000 0.841667 0.570312 0.845833 0.570312 0.847917 0.567187 0.852083 0.564063 0.852083 0.556250 0.860417 0.548438 0.864583 0.543750 0.866667 0.539062 0.868750 0.523438 0.870833 0.512500 0.866667 0.504687 0.864583 0.498437 0.866667 0.498437 0.870833 0.496875 0.872917 0.495312 0.895833 0.495312 0.900000 0.496875 0.904167 0.503125 0.908333 0.532813 0.908333 0.557813 0.910417 0.573438 0.914583 0.590625 0.916667 0.610938 0.918750 0.632812 0.918750 0.646875 0.922917 0.665625 0.922917 0.682813 0.927083 0.706250 0.927083 0.723437 0.929167 0.740625 0.931250 0.756250 0.935417 0.773438 0.937500 0.796875 0.937500 0.810937 0.941667 0.832812 0.943750 0.856250 0.945833 0.859375 0.941667 0.859375 0.881250 0.857812 0.860417 0.854688 0.837500 0.834375 0.835417 0.814063 0.835417 0.810937 0.831250 0.807813 0.831250 0.796875 0.822917 0.778125 0.810417 0.767188 0.802083 0.759375 0.793750 0.751563 0.789583 0.740625 0.775000 0.734375 0.770833 0.701562 0.727083 0.696875 0.718750 0.693750 0.712500 0.692187 0.708333 0.690625 0.704167 0.689063 0.695833 0.685937 0.672917 0.685937 0.656250 0.687500 0.641667 0.689063 0.633333 0.693750 0.618750 0.696875 0.612500 0.700000 0.606250 0.709375 0.593750 0.714063 0.589583 0.720313 0.583333 0.725000 0.583333 0.729688 0.579167 0.734375 0.577083 0.740625 0.575000 0.757812 0.575000 0.764062 0.579167 0.773438 0.581250 0.781250 0.583333 0.806250 0.583333 0.821875 0.593750 0.831250 0.595833 0.834375 0.597917 0.837500 0.602083 0.840625 0.604167 0.850000 0.608333 0.859375 0.610417 0.860938 0.606250 0.862500 0.604167 0.862500 0.585417 0.865625 0.581250 0.865625 0.541667 0.868750 0.529167 0.867188 0.500000 0.867188 0.495833 0.868750 0.493750 0.868750 0.487500 0.865625 0.483333 0.853125 0.481250 0.837500 0.479167 0.812500 0.479167 0.793750 0.475000 0.767188 0.475000 0.754687 0.470833 0.750000 0.470833 0.748437 0.472917 0.745313 0.472917 0.725000 0.470833 0.707812 0.466667 0.675000 0.466667 0.639062 0.464583 0.623437 0.462500 0.620313 0.458333 0.615625 0.460417
9 0.126562 0.050000 0.103125 0.052083 0.098437 0.054167 0.095312 0.056250 0.090625 0.062500 0.081250 0.077083 0.076563 0.085417 0.073438 0.091667 0.068750 0.104167 0.059375 0.129167 0.056250 0.143750 0.053125 0.147917 0.051562 0.154167 0.051562 0.168750 0.048438 0.183333 0.048438 0.189583 0.050000 0.195833 0.056250 0.212500 0.060937 0.222917 0.081250 0.247917 0.089063 0.258333 0.090625 0.266667 0.100000 0.285417 0.114062 0.304167 0.121875 0.312500 0.128125 0.318750 0.132812 0.322917 0.140625 0.327083 0.153125 0.333333 0.175000 0.343750 0.203125 0.356250 0.214062 0.358333 0.218750 0.360417 0.223438 0.364583 0.228125 0.366667 0.232813 0.366667 0.237500 0.368750 0.246875 0.375000 0.256250 0.377083 0.259375 0.381250 0.267188 0.383333 0.285938 0.383333 0.292187 0.381250 0.298438 0.379167 0.303125 0.377083 0.315625 0.368750 0.320312 0.364583 0.334375 0.345833 0.339062 0.337500 0.343750 0.325000 0.345313 0.314583 0.346875 0.300000 0.346875 0.287500 0.345313 0.285417 0.345313 0.270833 0.342187 0.258333 0.340625 0.252083 0.335938 0.241667 0.332813 0.235417 0.323437 0.222917 0.317188 0.210417 0.298438 0.185417 0.290625 0.172917 0.276562 0.147917 0.262500 0.127083 0.253125 0.114583 0.245312 0.106250 0.234375 0.095833 0.229687 0.091667 0.223438 0.087500 0.214062 0.081250 0.200000 0.075000 0.192188 0.072917 0.179688 0.072917 0.173437 0.070833 0.168750 0.066667 0.164062 0.060417 0.156250 0.054167 0.153125 0.052083 0.139063 0.050000 0.126562 0.050000
6 0.389062 0.437500 0.337500 0.439583 0.290625 0.441667 0.260937 0.445833 0.210938 0.445833 0.176563 0.447917 0.153125 0.450000 0.146875 0.454167 0.146875 0.504167 0.148438 0.550000 0.150000 0.595833 0.153125 0.616667 0.156250 0.616667 0.159375 0.614583 0.162500 0.612500 0.167187 0.606250 0.179688 0.597917 0.187500 0.595833 0.190625 0.593750 0.193750 0.591667 0.209375 0.572917 0.215625 0.568750 0.228125 0.560417 0.242188 0.554167 0.250000 0.552083 0.281250 0.554167 0.306250 0.552083 0.317188 0.554167 0.323437 0.556250 0.331250 0.560417 0.334375 0.562500 0.337500 0.564583 0.343750 0.572917 0.345313 0.572917 0.350000 0.579167 0.354687 0.587500 0.357812 0.595833 0.362500 0.608333 0.364063 0.616667 0.365625 0.625000 0.365625 0.652083 0.364063 0.660417 0.362500 0.666667 0.357812 0.677083 0.357812 0.683333 0.339062 0.708333 0.332813 0.712500 0.326562 0.714583 0.321875 0.718750 0.314063 0.729167 0.307812 0.735417 0.301563 0.741667 0.296875 0.745833 0.287500 0.752083 0.273438 0.758333 0.264062 0.760417 0.240625 0.760417 0.232813 0.756250 0.223438 0.756250 0.217188 0.758333 0.210938 0.762500 0.201563 0.762500 0.200000 0.764583 0.192188 0.764583 0.190625 0.762500 0.181250 0.762500 0.175000 0.760417 0.170313 0.758333 0.165625 0.756250 0.160938 0.752083 0.157812 0.752083 0.157812 0.756250 0.156250 0.758333 0.157812 0.831250 0.160938 0.833333 0.170313 0.833333 0.192188 0.831250 0.210938 0.827083 0.232813 0.825000 0.259375 0.825000 0.282813 0.822917 0.303125 0.818750 0.331250 0.818750 0.356250 0.814583 0.385937 0.812500 0.418750 0.812500 0.432812 0.808333 0.432812 0.779167 0.431250 0.720833 0.429688 0.672917 0.428125 0.625000 0.426563 0.583333 0.423438 0.543750 0.423438 0.487500 0.421875 0.447917 0.418750 0.437500 0.389062 0.437500
6 0.393750 0.081250 0.392188 0.085417 0.390625 0.097917 0.387500 0.125000 0.385937 0.143750 0.384375 0.160417 0.382812 0.179167 0.381250 0.197917 0.381250 0.218750 0.379688 0.235417 0.378125 0.250000 0.373437 0.279167 0.373437 0.297917 0.365625 0.360417 0.360938 0.410417 0.360938 0.433333 0.364063 0.435417 0.375000 0.435417 0.423438 0.435417 0.425000 0.439583 0.426563 0.475000 0.426563 0.525000 0.429688 0.533333 0.437500 0.535417 0.448437 0.535417 0.468750 0.541667 0.481250 0.543750 0.493750 0.545833 0.509375 0.543750 0.507812 0.527083 0.504687 0.525000 0.485938 0.520833 0.482812 0.516667 0.481250 0.510417 0.482812 0.495833 0.484375 0.481250 0.489063 0.460417 0.492188 0.435417 0.495312 0.400000 0.496875 0.389583 0.500000 0.381250 0.500000 0.370833 0.501563 0.362500 0.503125 0.358333 0.515625 0.356250 0.548438 0.366667 0.557813 0.368750 0.567187 0.368750 0.593750 0.375000 0.609375 0.379167 0.617188 0.381250 0.621875 0.383333 0.625000 0.387500 0.625000 0.400000 0.623437 0.414583 0.620313 0.427083 0.618750 0.439583 0.618750 0.454167 0.621875 0.456250 0.635938 0.458333 0.676562 0.456250 0.678125 0.450000 0.679688 0.435417 0.681250 0.420833 0.682813 0.389583 0.684375 0.372917 0.687500 0.360417 0.689063 0.343750 0.692187 0.312500 0.692187 0.295833 0.695312 0.268750 0.700000 0.227083 0.710938 0.158333 0.710938 0.139583 0.706250 0.133333 0.698438 0.131250 0.682813 0.129167 0.665625 0.127083 0.645312 0.125000 0.617188 0.125000 0.614062 0.127083 0.612500 0.131250 0.612500 0.139583 0.609375 0.147917 0.609375 0.158333 0.607812 0.166667 0.603125 0.183333 0.601562 0.202083 0.598437 0.216667 0.596875 0.222917 0.592187 0.237500 0.587500 0.250000 0.582812 0.260417 0.562500 0.287500 0.557813 0.291667 0.545312 0.300000 0.540625 0.302083 0.534375 0.304167 0.518750 0.304167 0.510938 0.302083 0.506250 0.300000 0.501563 0.297917 0.498437 0.295833 0.495312 0.293750 0.490625 0.289583 0.468750 0.260417 0.462500 0.243750 0.460938 0.237500 0.459375 0.231250 0.457813 0.222917 0.454688 0.202083 0.451562 0.183333 0.450000 0.172917 0.448437 0.162500 0.446875 0.145833 0.445312 0.112500 0.443750 0.100000 0.442188 0.095833 0.439063 0.093750 0.434375 0.091667 0.429688 0.089583 0.423438 0.087500 0.410938 0.085417 0.404687 0.081250 0.393750 0.081250
9 0.496875 0.875000 0.496875 0.904167 0.498437 0.897917 0.496875 0.875000
9 0.509375 0.662500 0.504687 0.664583 0.495312 0.670833 0.489063 0.677083 0.481250 0.687500 0.476562 0.695833 0.470313 0.712500 0.465625 0.718750 0.462500 0.727083 0.457813 0.739583 0.456250 0.745833 0.454688 0.756250 0.453125 0.768750 0.453125 0.781250 0.454688 0.793750 0.456250 0.802083 0.457813 0.808333 0.459375 0.812500 0.464062 0.822917 0.467187 0.829167 0.475000 0.839583 0.475000 0.841667 0.481250 0.850000 0.485938 0.854167 0.490625 0.858333 0.493750 0.860417 0.496875 0.862500 0.507812 0.866667 0.535937 0.866667 0.542188 0.864583 0.548438 0.862500 0.553125 0.860417 0.564063 0.852083 0.570312 0.843750 0.582812 0.825000 0.587500 0.814583 0.589063 0.810417 0.590625 0.802083 0.590625 0.789583 0.593750 0.779167 0.593750 0.758333 0.592187 0.752083 0.589063 0.747917 0.589063 0.739583 0.585938 0.733333 0.585938 0.727083 0.582812 0.716667 0.581250 0.712500 0.579688 0.708333 0.573438 0.697917 0.564063 0.683333 0.556250 0.675000 0.551562 0.670833 0.548438 0.668750 0.545312 0.666667 0.540625 0.664583 0.535937 0.662500 0.509375 0.662500
9 0.901563 0.220833 0.889062 0.225000 0.882812 0.227083 0.876563 0.231250 0.865625 0.239583 0.860938 0.239583 0.856250 0.243750 0.846875 0.245833 0.837500 0.250000 0.810937 0.264583 0.801562 0.266667 0.796875 0.268750 0.790625 0.272917 0.781250 0.279167 0.776563 0.285417 0.771875 0.287500 0.762500 0.300000 0.759375 0.306250 0.754687 0.318750 0.753125 0.325000 0.751563 0.339583 0.751563 0.358333 0.753125 0.370833 0.754687 0.377083 0.756250 0.383333 0.757812 0.387500 0.760938 0.391667 0.760938 0.395833 0.764062 0.402083 0.773438 0.416667 0.781250 0.425000 0.784375 0.427083 0.787500 0.429167 0.801562 0.435417 0.807813 0.437500 0.815625 0.439583 0.828125 0.441667 0.839063 0.443750 0.851562 0.445833 0.871875 0.443750 0.878125 0.447917 0.885938 0.450000 0.896875 0.452083 0.912500 0.450000 0.915625 0.450000 0.921875 0.460417 0.935937 0.477083 0.940625 0.481250 0.950000 0.487500 0.962500 0.493750 0.968750 0.493750 0.973437 0.497917 0.995313 0.497917 0.998437 0.495833 0.998437 0.477083 0.981250 0.479167 0.965625 0.477083 0.956250 0.472917 0.953125 0.470833 0.950000 0.468750 0.942187 0.462500 0.935937 0.454167 0.934375 0.450000 0.943750 0.445833 0.951562 0.441667 0.954688 0.437500 0.959375 0.437500 0.965625 0.429167 0.973437 0.422917 0.976562 0.420833 0.979688 0.418750 0.998437 0.418750 0.998437 0.222917 0.989062 0.233333 0.975000 0.235417 0.954688 0.233333 0.951562 0.229167 0.948438 0.227083 0.943750 0.225000 0.939063 0.222917 0.931250 0.220833 0.901563 0.220833
9 0.254688 0.554167 0.246875 0.556250 0.239063 0.558333 0.234375 0.560417 0.226562 0.564583 0.217188 0.570833 0.209375 0.577083 0.203125 0.583333 0.201563 0.585417 0.198437 0.591667 0.195312 0.595833 0.192188 0.597917 0.189062 0.600000 0.179688 0.602083 0.175000 0.604167 0.170313 0.608333 0.157812 0.620833 0.156250 0.620833 0.154688 0.622917 0.153125 0.629167 0.145313 0.643750 0.139063 0.660417 0.137500 0.666667 0.135937 0.675000 0.135937 0.697917 0.137500 0.706250 0.143750 0.722917 0.146875 0.729167 0.150000 0.735417 0.159375 0.747917 0.168750 0.754167 0.179688 0.758333 0.187500 0.760417 0.203125 0.760417 0.212500 0.758333 0.223438 0.752083 0.231250 0.752083 0.237500 0.756250 0.246875 0.758333 0.256250 0.758333 0.257812 0.756250 0.268750 0.756250 0.276562 0.754167 0.281250 0.752083 0.285938 0.750000 0.289062 0.747917 0.296875 0.741667 0.310937 0.729167 0.318750 0.718750 0.321875 0.716667 0.325000 0.714583 0.328125 0.714583 0.331250 0.712500 0.339062 0.706250 0.348438 0.693750 0.354687 0.683333 0.360938 0.666667 0.362500 0.658333 0.364063 0.647917 0.364063 0.629167 0.362500 0.618750 0.360938 0.610417 0.356250 0.595833 0.353125 0.589583 0.350000 0.583333 0.339062 0.568750 0.326562 0.560417 0.321875 0.558333 0.314063 0.556250 0.301563 0.556250 0.284375 0.558333 0.271875 0.554167 0.254688 0.554167
9 0.490625 0.000000 0.484375 0.004167 0.478125 0.004167 0.475000 0.006250 0.467187 0.018750 0.465625 0.018750 0.462500 0.022917 0.457813 0.033333 0.456250 0.037500 0.454688 0.041667 0.453125 0.047917 0.451562 0.054167 0.450000 0.062500 0.448437 0.075000 0.446875 0.095833 0.446875 0.114583 0.448437 0.135417 0.451562 0.160417 0.451562 0.185417 0.454688 0.208333 0.456250 0.216667 0.457813 0.222917 0.465625 0.245833 0.471875 0.262500 0.478125 0.272917 0.485938 0.283333 0.492188 0.289583 0.498437 0.291667 0.504687 0.297917 0.509375 0.300000 0.518750 0.302083 0.528125 0.302083 0.535937 0.300000 0.542188 0.297917 0.546875 0.295833 0.556250 0.289583 0.560937 0.285417 0.571875 0.272917 0.576562 0.266667 0.581250 0.258333 0.584375 0.252083 0.587500 0.245833 0.589063 0.239583 0.595313 0.216667 0.596875 0.210417 0.600000 0.195833 0.604688 0.172917 0.606250 0.143750 0.609375 0.135417 0.610938 0.125000 0.612500 0.112500 0.614062 0.089583 0.614062 0.077083 0.612500 0.062500 0.610938 0.054167 0.609375 0.047917 0.607812 0.041667 0.601562 0.022917 0.587500 0.004167 0.582812 0.002083 0.576562 0.000000 0.490625 0.000000
9 0.734375 0.577083 0.726562 0.583333 0.721875 0.583333 0.715625 0.591667 0.709375 0.595833 0.700000 0.608333 0.696875 0.614583 0.695312 0.618750 0.690625 0.637500 0.689063 0.645833 0.687500 0.656250 0.687500 0.679167 0.689063 0.689583 0.690625 0.700000 0.695312 0.712500 0.700000 0.722917 0.709375 0.737500 0.728125 0.762500 0.732812 0.764583 0.751563 0.787500 0.756250 0.789583 0.760938 0.795833 0.767188 0.797917 0.770312 0.800000 0.775000 0.804167 0.781250 0.812500 0.784375 0.814583 0.787500 0.816667 0.792188 0.816667 0.796875 0.818750 0.800000 0.820833 0.803125 0.825000 0.815625 0.831250 0.820312 0.833333 0.826562 0.835417 0.857812 0.835417 0.865625 0.833333 0.873437 0.829167 0.881250 0.820833 0.885938 0.820833 0.898438 0.806250 0.909375 0.791667 0.912500 0.781250 0.917188 0.775000 0.921875 0.772917 0.923438 0.770833 0.931250 0.758333 0.932813 0.754167 0.935937 0.735417 0.935937 0.729167 0.932813 0.725000 0.932813 0.716667 0.931250 0.712500 0.929688 0.708333 0.918750 0.695833 0.917188 0.687500 0.915625 0.681250 0.914062 0.677083 0.910937 0.670833 0.907813 0.664583 0.901563 0.654167 0.895312 0.645833 0.882812 0.631250 0.879687 0.629167 0.876563 0.629167 0.870313 0.622917 0.859375 0.618750 0.854688 0.612500 0.851562 0.610417 0.843750 0.608333 0.840625 0.606250 0.837500 0.602083 0.834375 0.600000 0.823438 0.593750 0.807813 0.585417 0.801562 0.583333 0.789062 0.581250 0.771875 0.581250 0.756250 0.577083 0.734375 0.577083
