13 0.235937 0.770833 0.231250 0.772917 0.223438 0.777083 0.220312 0.779167 0.217188 0.781250 0.209375 0.789583 0.203125 0.795833 0.195312 0.806250 0.190625 0.814583 0.187500 0.820833 0.182812 0.833333 0.181250 0.839583 0.179688 0.845833 0.178125 0.856250 0.178125 0.887500 0.179688 0.895833 0.181250 0.902083 0.184375 0.912500 0.185938 0.916667 0.193750 0.931250 0.201563 0.943750 0.212500 0.952083 0.220312 0.956250 0.225000 0.958333 0.231250 0.960417 0.239063 0.962500 0.251563 0.962500 0.259375 0.960417 0.265625 0.958333 0.270313 0.956250 0.278125 0.952083 0.281250 0.950000 0.285938 0.945833 0.298438 0.931250 0.304688 0.920833 0.310937 0.906250 0.312500 0.900000 0.317188 0.883333 0.318750 0.860417 0.320312 0.839583 0.320312 0.808333 0.318750 0.802083 0.315625 0.793750 0.314063 0.789583 0.312500 0.787500 0.306250 0.781250 0.304688 0.781250 0.301563 0.777083 0.292187 0.779167 0.284375 0.775000 0.260937 0.775000 0.243750 0.770833 0.235937 0.770833
12 0.215625 0.583333 0.209375 0.585417 0.195312 0.591667 0.192188 0.593750 0.189062 0.595833 0.184375 0.600000 0.181250 0.604167 0.178125 0.608333 0.178125 0.610417 0.173437 0.616667 0.171875 0.622917 0.165625 0.631250 0.159375 0.635417 0.148438 0.650000 0.143750 0.658333 0.142187 0.662500 0.140625 0.668750 0.139063 0.677083 0.139063 0.704167 0.140625 0.712500 0.145313 0.725000 0.148438 0.731250 0.157812 0.743750 0.162500 0.747917 0.165625 0.750000 0.168750 0.752083 0.173437 0.754167 0.179688 0.756250 0.200000 0.754167 0.206250 0.756250 0.212500 0.760417 0.218750 0.762500 0.225000 0.762500 0.243750 0.756250 0.248438 0.754167 0.251563 0.752083 0.254688 0.750000 0.262500 0.743750 0.267188 0.739583 0.278125 0.725000 0.281250 0.718750 0.287500 0.702083 0.289062 0.695833 0.290625 0.689583 0.292187 0.679167 0.292187 0.662500 0.290625 0.650000 0.289062 0.641667 0.285938 0.631250 0.281250 0.620833 0.275000 0.610417 0.271875 0.606250 0.267188 0.604167 0.262500 0.597917 0.250000 0.589583 0.235937 0.583333 0.215625 0.583333
17 0.273438 0.060417 0.271875 0.064583 0.271875 0.072917 0.273438 0.083333 0.278125 0.106250 0.279687 0.120833 0.279687 0.141667 0.282813 0.154167 0.284375 0.166667 0.282813 0.175000 0.281250 0.175000 0.278125 0.179167 0.273438 0.181250 0.270313 0.185417 0.268750 0.185417 0.267188 0.187500 0.265625 0.193750 0.260937 0.197917 0.256250 0.193750 0.250000 0.193750 0.242188 0.189583 0.237500 0.183333 0.235937 0.177083 0.235937 0.168750 0.234375 0.164583 0.229687 0.164583 0.229687 0.183333 0.225000 0.189583 0.218750 0.191667 0.210938 0.202083 0.207813 0.208333 0.206250 0.212500 0.206250 0.218750 0.201563 0.225000 0.198437 0.227083 0.195312 0.229167 0.184375 0.233333 0.181250 0.237500 0.176563 0.239583 0.175000 0.245833 0.176563 0.250000 0.181250 0.250000 0.184375 0.252083 0.185938 0.256250 0.181250 0.262500 0.179688 0.266667 0.181250 0.270833 0.189062 0.275000 0.195312 0.283333 0.192188 0.291667 0.192188 0.304167 0.184375 0.314583 0.184375 0.322917 0.187500 0.327083 0.185938 0.335417 0.178125 0.333333 0.175000 0.333333 0.165625 0.343750 0.160938 0.345833 0.157812 0.347917 0.156250 0.358333 0.157812 0.368750 0.160938 0.377083 0.164062 0.377083 0.168750 0.383333 0.168750 0.385417 0.173437 0.389583 0.181250 0.379167 0.184375 0.377083 0.193750 0.372917 0.193750 0.364583 0.190625 0.356250 0.198437 0.345833 0.209375 0.337500 0.217188 0.327083 0.225000 0.320833 0.248438 0.300000 0.251563 0.297917 0.254688 0.295833 0.260937 0.293750 0.267188 0.293750 0.273438 0.289583 0.276562 0.289583 0.282813 0.297917 0.287500 0.300000 0.296875 0.300000 0.301563 0.297917 0.306250 0.291667 0.307812 0.287500 0.307812 0.266667 0.306250 0.260417 0.301563 0.247917 0.293750 0.235417 0.292187 0.231250 0.295312 0.229167 0.296875 0.227083 0.306250 0.227083 0.310937 0.225000 0.314063 0.222917 0.317188 0.220833 0.321875 0.216667 0.328125 0.210417 0.332813 0.202083 0.332813 0.193750 0.331250 0.187500 0.328125 0.179167 0.325000 0.175000 0.320312 0.172917 0.314063 0.172917 0.307812 0.170833 0.304688 0.166667 0.303125 0.158333 0.301563 0.150000 0.300000 0.131250 0.298438 0.125000 0.295312 0.118750 0.293750 0.110417 0.290625 0.083333 0.287500 0.066667 0.285938 0.062500 0.281250 0.060417 0.273438 0.060417
10 0.631250 0.245833 0.628125 0.247917 0.625000 0.254167 0.623437 0.258333 0.621875 0.262500 0.618750 0.272917 0.617188 0.279167 0.614062 0.297917 0.612500 0.312500 0.610938 0.337500 0.607812 0.350000 0.606250 0.364583 0.606250 0.381250 0.603125 0.397917 0.601562 0.422917 0.603125 0.462500 0.607812 0.464583 0.610938 0.468750 0.614062 0.470833 0.621875 0.475000 0.629687 0.477083 0.639062 0.479167 0.654687 0.479167 0.668750 0.477083 0.682813 0.472917 0.684375 0.460417 0.684375 0.443750 0.687500 0.427083 0.690625 0.375000 0.692187 0.358333 0.693750 0.345833 0.698438 0.327083 0.703125 0.297917 0.703125 0.281250 0.700000 0.275000 0.700000 0.268750 0.701562 0.266667 0.701562 0.258333 0.698438 0.254167 0.690625 0.252083 0.676562 0.250000 0.660937 0.247917 0.640625 0.245833 0.631250 0.245833
13 0.401562 0.614583 0.390625 0.616667 0.379688 0.620833 0.370312 0.627083 0.365625 0.631250 0.348438 0.654167 0.345313 0.660417 0.340625 0.672917 0.339062 0.679167 0.337500 0.685417 0.335938 0.695833 0.335938 0.725000 0.337500 0.735417 0.340625 0.741667 0.340625 0.747917 0.342187 0.752083 0.343750 0.756250 0.348438 0.766667 0.364063 0.787500 0.371875 0.793750 0.375000 0.795833 0.378125 0.797917 0.382812 0.800000 0.393750 0.804167 0.417187 0.804167 0.421875 0.800000 0.426563 0.800000 0.431250 0.797917 0.439063 0.793750 0.445312 0.787500 0.450000 0.783333 0.459375 0.770833 0.464062 0.762500 0.470313 0.745833 0.471875 0.739583 0.473438 0.733333 0.475000 0.718750 0.475000 0.700000 0.473438 0.687500 0.471875 0.681250 0.470313 0.672917 0.462500 0.654167 0.445312 0.631250 0.437500 0.625000 0.434375 0.622917 0.431250 0.620833 0.426563 0.620833 0.421875 0.616667 0.410938 0.614583 0.401562 0.614583
26 0.221875 0.350000 0.215625 0.354167 0.214062 0.360417 0.212500 0.362500 0.207813 0.364583 0.207813 0.368750 0.209375 0.385417 0.203125 0.393750 0.200000 0.395833 0.196875 0.397917 0.192188 0.400000 0.185938 0.400000 0.181250 0.402083 0.175000 0.406250 0.175000 0.422917 0.176563 0.431250 0.178125 0.433333 0.178125 0.437500 0.173437 0.443750 0.165625 0.443750 0.156250 0.439583 0.143750 0.439583 0.140625 0.441667 0.137500 0.443750 0.129688 0.452083 0.126562 0.456250 0.125000 0.460417 0.125000 0.470833 0.128125 0.481250 0.132812 0.495833 0.134375 0.500000 0.135937 0.504167 0.150000 0.520833 0.153125 0.525000 0.160938 0.537500 0.165625 0.541667 0.173437 0.547917 0.176563 0.550000 0.187500 0.556250 0.192188 0.558333 0.200000 0.558333 0.204687 0.554167 0.212500 0.554167 0.223438 0.558333 0.229687 0.556250 0.232813 0.554167 0.240625 0.547917 0.245312 0.543750 0.251563 0.537500 0.257812 0.527083 0.260937 0.520833 0.260937 0.518750 0.262500 0.516667 0.265625 0.514583 0.275000 0.512500 0.282813 0.512500 0.292187 0.506250 0.300000 0.506250 0.307812 0.495833 0.309375 0.491667 0.309375 0.468750 0.306250 0.452083 0.303125 0.447917 0.300000 0.447917 0.292187 0.437500 0.292187 0.422917 0.293750 0.416667 0.295312 0.412500 0.292187 0.408333 0.289062 0.406250 0.267188 0.404167 0.260937 0.402083 0.257812 0.397917 0.257812 0.393750 0.260937 0.385417 0.260937 0.375000 0.259375 0.370833 0.257812 0.368750 0.256250 0.368750 0.253125 0.364583 0.245312 0.358333 0.237500 0.354167 0.232813 0.352083 0.225000 0.350000 0.221875 0.350000
23 0.681250 0.133333 0.681250 0.143750 0.679688 0.150000 0.675000 0.166667 0.671875 0.170833 0.670312 0.175000 0.668750 0.181250 0.668750 0.185417 0.670312 0.191667 0.673438 0.195833 0.676562 0.197917 0.684375 0.197917 0.687500 0.195833 0.700000 0.179167 0.706250 0.172917 0.712500 0.166667 0.723437 0.158333 0.723437 0.152083 0.720313 0.150000 0.717187 0.150000 0.701562 0.141667 0.693750 0.135417 0.685937 0.131250 0.681250 0.133333
10 0.862500 0.297917 0.846875 0.300000 0.843750 0.302083 0.840625 0.304167 0.837500 0.308333 0.834375 0.310417 0.821875 0.314583 0.818750 0.318750 0.817187 0.322917 0.815625 0.331250 0.815625 0.379167 0.815625 0.493750 0.815625 0.506250 0.818750 0.516667 0.826562 0.516667 0.834375 0.518750 0.837500 0.520833 0.840625 0.525000 0.840625 0.529167 0.857812 0.529167 0.859375 0.527083 0.878125 0.527083 0.884375 0.522917 0.893750 0.520833 0.918750 0.520833 0.921875 0.516667 0.921875 0.504167 0.920312 0.412500 0.920312 0.300000 0.896875 0.297917 0.862500 0.297917
23 0.801562 0.147917 0.798438 0.150000 0.790625 0.158333 0.787500 0.164583 0.770312 0.183333 0.765625 0.189583 0.764062 0.193750 0.764062 0.214583 0.770312 0.222917 0.773438 0.225000 0.784375 0.225000 0.787500 0.222917 0.793750 0.216667 0.807813 0.200000 0.817187 0.193750 0.825000 0.183333 0.826562 0.177083 0.826562 0.160417 0.823438 0.156250 0.823438 0.154167 0.821875 0.152083 0.818750 0.150000 0.815625 0.147917 0.809375 0.145833 0.801562 0.147917
13 0.426563 0.362500 0.420312 0.364583 0.414062 0.366667 0.409375 0.368750 0.400000 0.375000 0.392188 0.381250 0.385937 0.387500 0.371875 0.408333 0.367188 0.418750 0.362500 0.431250 0.359375 0.441667 0.357812 0.447917 0.356250 0.458333 0.356250 0.493750 0.357812 0.504167 0.359375 0.510417 0.360938 0.516667 0.365625 0.529167 0.370312 0.539583 0.378125 0.552083 0.387500 0.564583 0.400000 0.575000 0.409375 0.581250 0.414062 0.583333 0.420312 0.585417 0.429688 0.587500 0.443750 0.587500 0.456250 0.585417 0.470313 0.579167 0.478125 0.575000 0.481250 0.572917 0.485938 0.568750 0.490625 0.564583 0.496875 0.558333 0.501563 0.552083 0.501563 0.550000 0.507812 0.541667 0.510938 0.535417 0.514062 0.529167 0.515625 0.525000 0.517188 0.520833 0.521875 0.502083 0.523438 0.491667 0.523438 0.452083 0.521875 0.443750 0.520312 0.437500 0.517188 0.427083 0.512500 0.414583 0.509375 0.408333 0.506250 0.402083 0.496875 0.391667 0.493750 0.385417 0.489063 0.381250 0.482812 0.375000 0.479687 0.372917 0.467187 0.366667 0.460938 0.364583 0.453125 0.362500 0.426563 0.362500
22 0.501563 0.829167 0.492188 0.841667 0.484375 0.854167 0.478125 0.866667 0.475000 0.872917 0.475000 0.891667 0.478125 0.895833 0.487500 0.897917 0.487500 0.902083 0.490625 0.906250 0.492188 0.906250 0.496875 0.912500 0.501563 0.914583 0.510938 0.914583 0.514062 0.912500 0.520312 0.904167 0.521875 0.900000 0.521875 0.883333 0.518750 0.870833 0.518750 0.854167 0.517188 0.843750 0.514062 0.839583 0.514062 0.835417 0.509375 0.829167 0.501563 0.829167
18 0.454688 0.197917 0.451562 0.200000 0.446875 0.204167 0.442188 0.208333 0.428125 0.225000 0.410938 0.245833 0.364063 0.308333 0.337500 0.345833 0.328125 0.360417 0.315625 0.381250 0.309375 0.391667 0.306250 0.397917 0.303125 0.404167 0.298438 0.416667 0.296875 0.422917 0.296875 0.435417 0.301563 0.441667 0.310937 0.447917 0.326562 0.456250 0.340625 0.460417 0.346875 0.460417 0.350000 0.458333 0.354687 0.452083 0.356250 0.447917 0.357812 0.437500 0.367188 0.412500 0.370312 0.406250 0.378125 0.393750 0.387500 0.381250 0.396875 0.372917 0.401562 0.368750 0.414062 0.362500 0.423438 0.360417 0.428125 0.358333 0.434375 0.352083 0.439063 0.345833 0.462500 0.314583 0.470313 0.304167 0.471875 0.300000 0.470313 0.283333 0.471875 0.279167 0.476562 0.272917 0.479687 0.272917 0.484375 0.279167 0.487500 0.285417 0.489063 0.291667 0.490625 0.302083 0.496875 0.320833 0.506250 0.343750 0.512500 0.368750 0.518750 0.383333 0.523438 0.397917 0.526563 0.408333 0.528125 0.418750 0.540625 0.454167 0.548438 0.481250 0.550000 0.487500 0.551562 0.500000 0.557813 0.516667 0.560937 0.529167 0.567187 0.529167 0.570312 0.527083 0.579688 0.514583 0.585938 0.510417 0.589063 0.506250 0.589063 0.485417 0.587500 0.477083 0.582812 0.458333 0.575000 0.435417 0.575000 0.429167 0.570312 0.412500 0.565625 0.395833 0.562500 0.385417 0.554688 0.366667 0.550000 0.352083 0.546875 0.337500 0.542188 0.322917 0.534375 0.306250 0.534375 0.302083 0.529687 0.289583 0.521875 0.272917 0.510938 0.252083 0.501563 0.239583 0.500000 0.239583 0.489063 0.225000 0.476562 0.210417 0.470313 0.204167 0.465625 0.200000 0.462500 0.197917 0.454688 0.197917
21 0.768750 0.589583 0.740625 0.591667 0.728125 0.593750 0.721875 0.595833 0.715625 0.597917 0.710938 0.600000 0.707812 0.602083 0.701562 0.610417 0.700000 0.614583 0.700000 0.620833 0.698438 0.622917 0.698438 0.627083 0.700000 0.629167 0.700000 0.635417 0.703125 0.641667 0.706250 0.645833 0.710938 0.650000 0.714063 0.652083 0.718750 0.654167 0.723437 0.656250 0.732812 0.658333 0.767188 0.658333 0.781250 0.656250 0.792188 0.654167 0.796875 0.652083 0.809375 0.643750 0.815625 0.635417 0.817187 0.631250 0.818750 0.625000 0.818750 0.616667 0.817187 0.610417 0.815625 0.606250 0.810937 0.600000 0.807813 0.597917 0.804688 0.595833 0.800000 0.593750 0.795312 0.591667 0.771875 0.589583 0.768750 0.589583
21 0.640625 0.618750 0.635938 0.620833 0.632812 0.622917 0.628125 0.629167 0.625000 0.635417 0.623437 0.639583 0.621875 0.645833 0.618750 0.664583 0.618750 0.714583 0.620313 0.741667 0.621875 0.770833 0.623437 0.777083 0.626563 0.785417 0.631250 0.797917 0.639062 0.808333 0.648438 0.814583 0.659375 0.814583 0.664062 0.812500 0.667188 0.810417 0.671875 0.806250 0.675000 0.800000 0.678125 0.793750 0.679688 0.787500 0.681250 0.772917 0.681250 0.656250 0.679688 0.645833 0.678125 0.641667 0.676562 0.637500 0.668750 0.627083 0.660937 0.620833 0.657813 0.618750 0.640625 0.618750
22 0.539062 0.666667 0.535937 0.668750 0.532813 0.670833 0.518750 0.689583 0.518750 0.702083 0.526563 0.712500 0.526563 0.722917 0.532813 0.731250 0.535937 0.733333 0.551562 0.733333 0.556250 0.731250 0.562500 0.722917 0.562500 0.700000 0.560937 0.693750 0.559375 0.689583 0.557813 0.685417 0.545312 0.668750 0.542188 0.666667 0.539062 0.666667
10 0.743750 0.277083 0.737500 0.279167 0.734375 0.281250 0.723437 0.295833 0.720313 0.302083 0.717187 0.308333 0.715625 0.312500 0.714063 0.350000 0.714063 0.422917 0.710938 0.445833 0.709375 0.466667 0.710938 0.483333 0.715625 0.485417 0.725000 0.489583 0.732812 0.491667 0.746875 0.491667 0.757812 0.495833 0.770312 0.497917 0.798438 0.497917 0.801562 0.493750 0.801562 0.456250 0.803125 0.431250 0.804688 0.412500 0.806250 0.395833 0.807813 0.379167 0.812500 0.347917 0.815625 0.316667 0.815625 0.302083 0.817187 0.300000 0.815625 0.285417 0.804688 0.283333 0.784375 0.281250 0.765625 0.279167 0.743750 0.277083
