10 0.212500 0.364583 0.210938 0.366667 0.201563 0.366667 0.198437 0.370833 0.195312 0.370833 0.190625 0.377083 0.182812 0.379167 0.175000 0.381250 0.164062 0.383333 0.153125 0.385417 0.137500 0.385417 0.126562 0.387500 0.117188 0.389583 0.109375 0.391667 0.106250 0.393750 0.104688 0.404167 0.107813 0.416667 0.107813 0.431250 0.112500 0.454167 0.114062 0.477083 0.115625 0.487500 0.117188 0.491667 0.157812 0.495833 0.168750 0.495833 0.175000 0.491667 0.182812 0.493750 0.193750 0.491667 0.200000 0.487500 0.209375 0.485417 0.220312 0.483333 0.232813 0.483333 0.239063 0.479167 0.254688 0.477083 0.260937 0.475000 0.265625 0.472917 0.268750 0.470833 0.270313 0.458333 0.265625 0.435417 0.262500 0.404167 0.262500 0.391667 0.260937 0.387500 0.259375 0.385417 0.256250 0.383333 0.251563 0.381250 0.246875 0.379167 0.242188 0.379167 0.232813 0.375000 0.228125 0.372917 0.220312 0.364583 0.212500 0.364583
11 0.415625 0.756250 0.407813 0.758333 0.403125 0.760417 0.393750 0.766667 0.389062 0.770833 0.379688 0.783333 0.368750 0.806250 0.364063 0.814583 0.353125 0.827083 0.351562 0.829167 0.351562 0.831250 0.348438 0.837500 0.343750 0.843750 0.340625 0.852083 0.335938 0.864583 0.334375 0.870833 0.332813 0.879167 0.331250 0.891667 0.331250 0.902083 0.332813 0.904167 0.332813 0.916667 0.334375 0.925000 0.335938 0.931250 0.337500 0.935417 0.340625 0.939583 0.342187 0.943750 0.342187 0.954167 0.340625 0.977083 0.342187 0.985417 0.348438 0.997917 0.400000 0.997917 0.406250 0.987500 0.410938 0.985417 0.418750 0.985417 0.426563 0.981250 0.435937 0.975000 0.442188 0.968750 0.448437 0.960417 0.451562 0.954167 0.454688 0.947917 0.459375 0.937500 0.460938 0.933333 0.462500 0.929167 0.464062 0.922917 0.465625 0.912500 0.465625 0.877083 0.467187 0.870833 0.473438 0.856250 0.475000 0.850000 0.476562 0.837500 0.476562 0.825000 0.475000 0.812500 0.473438 0.806250 0.471875 0.800000 0.465625 0.783333 0.462500 0.777083 0.457813 0.770833 0.451562 0.764583 0.446875 0.760417 0.442188 0.758333 0.435937 0.756250 0.415625 0.756250
17 0.484375 0.397917 0.482812 0.402083 0.482812 0.406250 0.481250 0.410417 0.475000 0.420833 0.476562 0.427083 0.482812 0.435417 0.481250 0.439583 0.476562 0.450000 0.468750 0.466667 0.465625 0.472917 0.454688 0.487500 0.453125 0.481250 0.453125 0.466667 0.450000 0.464583 0.446875 0.466667 0.443750 0.468750 0.442188 0.470833 0.434375 0.483333 0.432812 0.487500 0.431250 0.495833 0.429688 0.500000 0.425000 0.506250 0.421875 0.506250 0.418750 0.502083 0.412500 0.491667 0.410938 0.487500 0.409375 0.483333 0.410938 0.456250 0.410938 0.450000 0.407813 0.441667 0.400000 0.443750 0.398438 0.450000 0.395313 0.454167 0.384375 0.454167 0.378125 0.456250 0.375000 0.460417 0.375000 0.470833 0.376563 0.487500 0.379688 0.500000 0.381250 0.518750 0.375000 0.525000 0.373437 0.527083 0.371875 0.531250 0.373437 0.535417 0.382812 0.547917 0.384375 0.552083 0.384375 0.556250 0.378125 0.564583 0.373437 0.568750 0.359375 0.579167 0.356250 0.581250 0.353125 0.583333 0.348438 0.585417 0.342187 0.589583 0.345313 0.591667 0.356250 0.593750 0.357812 0.610417 0.356250 0.614583 0.353125 0.618750 0.343750 0.627083 0.334375 0.639583 0.334375 0.643750 0.337500 0.647917 0.340625 0.645833 0.351562 0.633333 0.356250 0.631250 0.360938 0.625000 0.364063 0.622917 0.371875 0.627083 0.384375 0.627083 0.387500 0.629167 0.392188 0.635417 0.396875 0.637500 0.404687 0.645833 0.407813 0.650000 0.407813 0.652083 0.412500 0.658333 0.415625 0.668750 0.420312 0.675000 0.425000 0.689583 0.428125 0.693750 0.432812 0.693750 0.435937 0.689583 0.435937 0.683333 0.431250 0.668750 0.425000 0.654167 0.420312 0.639583 0.420312 0.631250 0.423438 0.627083 0.428125 0.625000 0.437500 0.625000 0.440625 0.627083 0.443750 0.629167 0.448437 0.633333 0.453125 0.639583 0.467187 0.658333 0.468750 0.660417 0.468750 0.662500 0.471875 0.666667 0.475000 0.668750 0.481250 0.668750 0.484375 0.666667 0.485938 0.654167 0.479687 0.639583 0.475000 0.633333 0.462500 0.622917 0.457813 0.616667 0.454688 0.608333 0.450000 0.600000 0.457813 0.587500 0.457813 0.572917 0.456250 0.568750 0.454688 0.564583 0.446875 0.556250 0.443750 0.552083 0.442188 0.545833 0.443750 0.541667 0.451562 0.527083 0.465625 0.497917 0.470313 0.483333 0.481250 0.462500 0.481250 0.458333 0.484375 0.452083 0.490625 0.441667 0.501563 0.439583 0.504687 0.437500 0.506250 0.435417 0.507812 0.431250 0.510938 0.420833 0.510938 0.416667 0.507812 0.408333 0.507812 0.402083 0.506250 0.397917 0.490625 0.395833 0.484375 0.397917
25 0.746875 0.362500 0.746875 0.368750 0.745313 0.370833 0.743750 0.454167 0.743750 0.583333 0.740625 0.654167 0.740625 0.745833 0.739062 0.797917 0.737500 0.829167 0.735938 0.854167 0.732812 0.870833 0.732812 0.902083 0.735938 0.906250 0.759375 0.908333 0.784375 0.908333 0.809375 0.912500 0.850000 0.912500 0.867188 0.916667 0.903125 0.916667 0.903125 0.881250 0.900000 0.870833 0.898438 0.858333 0.898438 0.770833 0.901563 0.731250 0.901563 0.687500 0.904687 0.647917 0.903125 0.568750 0.903125 0.495833 0.907813 0.468750 0.909375 0.435417 0.909375 0.406250 0.910937 0.404167 0.910937 0.377083 0.907813 0.375000 0.890625 0.372917 0.865625 0.372917 0.859375 0.377083 0.845313 0.379167 0.831250 0.381250 0.814063 0.381250 0.803125 0.379167 0.795312 0.377083 0.787500 0.372917 0.779687 0.366667 0.773438 0.364583 0.762500 0.362500 0.746875 0.362500
1 0.234375 0.520833 0.220312 0.522917 0.212500 0.525000 0.203125 0.529167 0.187500 0.537500 0.173437 0.537500 0.162500 0.541667 0.146875 0.543750 0.146875 0.558333 0.148438 0.562500 0.160938 0.579167 0.162500 0.585417 0.164062 0.593750 0.165625 0.606250 0.168750 0.633333 0.181250 0.743750 0.189062 0.818750 0.189062 0.831250 0.185938 0.837500 0.185938 0.862500 0.187500 0.866667 0.195312 0.868750 0.203125 0.862500 0.207813 0.862500 0.215625 0.856250 0.239063 0.856250 0.253125 0.854167 0.264062 0.852083 0.276562 0.850000 0.284375 0.847917 0.287500 0.843750 0.287500 0.833333 0.285938 0.825000 0.279687 0.816667 0.278125 0.816667 0.271875 0.808333 0.271875 0.793750 0.268750 0.781250 0.268750 0.764583 0.265625 0.752083 0.265625 0.743750 0.267188 0.722917 0.262500 0.691667 0.259375 0.683333 0.257812 0.666667 0.257812 0.650000 0.254688 0.622917 0.253125 0.612500 0.250000 0.602083 0.248438 0.591667 0.246875 0.581250 0.246875 0.568750 0.250000 0.560417 0.248438 0.547917 0.251563 0.539583 0.250000 0.520833 0.234375 0.520833
1 0.681250 0.320833 0.675000 0.322917 0.670312 0.325000 0.665625 0.327083 0.662500 0.329167 0.660937 0.333333 0.659375 0.341667 0.659375 0.377083 0.656250 0.395833 0.656250 0.437500 0.653125 0.479167 0.653125 0.529167 0.651563 0.568750 0.650000 0.604167 0.646875 0.629167 0.646875 0.641667 0.650000 0.650000 0.665625 0.650000 0.667188 0.647917 0.684375 0.647917 0.696875 0.645833 0.703125 0.641667 0.715625 0.639583 0.721875 0.637500 0.725000 0.635417 0.728125 0.631250 0.728125 0.627083 0.723437 0.620833 0.721875 0.614583 0.720313 0.608333 0.717187 0.593750 0.717187 0.587500 0.715625 0.585417 0.715625 0.581250 0.718750 0.564583 0.720313 0.543750 0.721875 0.500000 0.723437 0.435417 0.721875 0.402083 0.721875 0.381250 0.726562 0.375000 0.734375 0.368750 0.739062 0.362500 0.740625 0.358333 0.742188 0.354167 0.743750 0.347917 0.743750 0.341667 0.746875 0.333333 0.745313 0.327083 0.739062 0.325000 0.725000 0.322917 0.712500 0.320833 0.681250 0.320833
1 0.528125 0.206250 0.521875 0.208333 0.515625 0.212500 0.496875 0.225000 0.487500 0.239583 0.478125 0.250000 0.473438 0.245833 0.470313 0.245833 0.470313 0.254167 0.471875 0.260417 0.473438 0.266667 0.476562 0.270833 0.476562 0.275000 0.481250 0.283333 0.481250 0.287500 0.484375 0.291667 0.489063 0.312500 0.489063 0.320833 0.492188 0.333333 0.495312 0.345833 0.496875 0.352083 0.500000 0.356250 0.501563 0.362500 0.503125 0.368750 0.504687 0.383333 0.506250 0.391667 0.509375 0.397917 0.509375 0.404167 0.514062 0.422917 0.520312 0.439583 0.528125 0.475000 0.534375 0.489583 0.535937 0.500000 0.540625 0.510417 0.542188 0.516667 0.542188 0.529167 0.540625 0.535417 0.540625 0.550000 0.539062 0.552083 0.539062 0.564583 0.540625 0.568750 0.548438 0.568750 0.553125 0.566667 0.557813 0.564583 0.570312 0.558333 0.582812 0.550000 0.604688 0.541667 0.614062 0.535417 0.617188 0.531250 0.617188 0.525000 0.614062 0.518750 0.604688 0.506250 0.603125 0.502083 0.595313 0.475000 0.595313 0.468750 0.589063 0.452083 0.587500 0.445833 0.585938 0.433333 0.582812 0.420833 0.568750 0.372917 0.568750 0.366667 0.565625 0.360417 0.564063 0.347917 0.560937 0.341667 0.559375 0.335417 0.557813 0.322917 0.553125 0.310417 0.548438 0.283333 0.539062 0.254167 0.537500 0.243750 0.535937 0.231250 0.537500 0.216667 0.537500 0.212500 0.535937 0.208333 0.532813 0.206250 0.528125 0.206250
7 0.325000 0.072917 0.315625 0.079167 0.309375 0.085417 0.301563 0.095833 0.300000 0.095833 0.293750 0.104167 0.292187 0.108333 0.292187 0.112500 0.289062 0.116667 0.287500 0.120833 0.285938 0.129167 0.284375 0.139583 0.282813 0.168750 0.282813 0.177083 0.284375 0.179167 0.284375 0.189583 0.287500 0.204167 0.290625 0.212500 0.293750 0.222917 0.296875 0.229167 0.312500 0.250000 0.332813 0.268750 0.337500 0.270833 0.346875 0.281250 0.350000 0.285417 0.350000 0.287500 0.354687 0.293750 0.359375 0.293750 0.362500 0.295833 0.365625 0.300000 0.368750 0.302083 0.373437 0.304167 0.378125 0.306250 0.403125 0.306250 0.407813 0.304167 0.412500 0.300000 0.418750 0.293750 0.434375 0.272917 0.437500 0.266667 0.439063 0.260417 0.440625 0.254167 0.442188 0.245833 0.442188 0.227083 0.440625 0.218750 0.439063 0.210417 0.435937 0.206250 0.428125 0.183333 0.421875 0.164583 0.420312 0.158333 0.420312 0.152083 0.418750 0.145833 0.409375 0.120833 0.406250 0.114583 0.400000 0.104167 0.396875 0.100000 0.395313 0.100000 0.390625 0.093750 0.384375 0.089583 0.376563 0.083333 0.371875 0.081250 0.362500 0.077083 0.354687 0.075000 0.346875 0.072917 0.325000 0.072917
15 0.832812 0.170833 0.820312 0.172917 0.812500 0.175000 0.806250 0.177083 0.801562 0.179167 0.798438 0.181250 0.790625 0.187500 0.784375 0.193750 0.779687 0.200000 0.779687 0.202083 0.773438 0.210417 0.767188 0.225000 0.762500 0.237500 0.762500 0.243750 0.759375 0.254167 0.751563 0.272917 0.751563 0.300000 0.753125 0.310417 0.754687 0.318750 0.759375 0.331250 0.762500 0.337500 0.765625 0.343750 0.770312 0.352083 0.778125 0.362500 0.787500 0.368750 0.792188 0.370833 0.796875 0.372917 0.803125 0.375000 0.815625 0.377083 0.831250 0.377083 0.842187 0.372917 0.856250 0.372917 0.864062 0.370833 0.870313 0.368750 0.876563 0.366667 0.892188 0.345833 0.896875 0.337500 0.901563 0.329167 0.906250 0.316667 0.910937 0.306250 0.912500 0.300000 0.914062 0.293750 0.915625 0.272917 0.915625 0.268750 0.914062 0.254167 0.912500 0.243750 0.910937 0.235417 0.904687 0.218750 0.901563 0.212500 0.885938 0.191667 0.881250 0.187500 0.873437 0.181250 0.870313 0.179167 0.867188 0.177083 0.862500 0.175000 0.856250 0.172917 0.843750 0.170833 0.832812 0.170833
12 0.660937 0.089583 0.653125 0.091667 0.648438 0.093750 0.643750 0.095833 0.635938 0.100000 0.632812 0.102083 0.628125 0.106250 0.623437 0.110417 0.610938 0.127083 0.606250 0.135417 0.600000 0.152083 0.598437 0.162500 0.593750 0.172917 0.593750 0.200000 0.595313 0.210417 0.596875 0.218750 0.598437 0.225000 0.603125 0.237500 0.606250 0.243750 0.610938 0.252083 0.615625 0.258333 0.617188 0.258333 0.623437 0.266667 0.628125 0.270833 0.632812 0.275000 0.642188 0.281250 0.646875 0.283333 0.653125 0.285417 0.682813 0.285417 0.689063 0.283333 0.693750 0.281250 0.698438 0.279167 0.707812 0.272917 0.712500 0.268750 0.718750 0.260417 0.720313 0.260417 0.725000 0.254167 0.729688 0.245833 0.732812 0.239583 0.739062 0.222917 0.740625 0.216667 0.742188 0.208333 0.742188 0.177083 0.740625 0.164583 0.739062 0.156250 0.737500 0.150000 0.735938 0.143750 0.731250 0.131250 0.723437 0.118750 0.715625 0.108333 0.709375 0.102083 0.706250 0.100000 0.703125 0.097917 0.695312 0.093750 0.689063 0.091667 0.681250 0.089583 0.660937 0.089583
10 0.245312 0.233333 0.228125 0.237500 0.210938 0.241667 0.193750 0.245833 0.185938 0.250000 0.154688 0.256250 0.146875 0.258333 0.140625 0.262500 0.140625 0.277083 0.143750 0.300000 0.150000 0.329167 0.151562 0.352083 0.154688 0.362500 0.156250 0.362500 0.159375 0.364583 0.164062 0.362500 0.168750 0.364583 0.176563 0.372917 0.181250 0.372917 0.195312 0.370833 0.207813 0.364583 0.223438 0.364583 0.229687 0.370833 0.235937 0.370833 0.276562 0.370833 0.287500 0.370833 0.295312 0.368750 0.298438 0.364583 0.300000 0.364583 0.301563 0.362500 0.307812 0.352083 0.307812 0.345833 0.304688 0.329167 0.306250 0.310417 0.309375 0.312500 0.309375 0.304167 0.306250 0.306250 0.303125 0.302083 0.301563 0.297917 0.300000 0.287500 0.300000 0.277083 0.298438 0.272917 0.296875 0.268750 0.290625 0.260417 0.282813 0.254167 0.275000 0.243750 0.270313 0.239583 0.267188 0.239583 0.262500 0.233333 0.259375 0.231250 0.245312 0.233333
