10 0.623437 0.368750 0.620313 0.370833 0.609375 0.385417 0.596875 0.412500 0.576562 0.450000 0.565625 0.466667 0.562500 0.472917 0.559375 0.479167 0.557813 0.483333 0.556250 0.487500 0.556250 0.497917 0.557813 0.502083 0.560937 0.506250 0.562500 0.506250 0.567187 0.512500 0.571875 0.516667 0.582812 0.522917 0.593750 0.537500 0.598437 0.539583 0.603125 0.545833 0.607812 0.550000 0.610938 0.552083 0.620313 0.552083 0.626563 0.550000 0.631250 0.543750 0.632812 0.539583 0.635938 0.525000 0.642188 0.506250 0.645312 0.500000 0.648438 0.493750 0.660937 0.470833 0.668750 0.460417 0.673438 0.452083 0.679688 0.439583 0.684375 0.431250 0.685937 0.425000 0.684375 0.420833 0.682813 0.418750 0.681250 0.418750 0.667188 0.404167 0.651563 0.391667 0.635938 0.375000 0.631250 0.370833 0.626563 0.368750 0.623437 0.368750
7 0.253125 0.735417 0.246875 0.737500 0.240625 0.739583 0.235937 0.741667 0.228125 0.745833 0.225000 0.747917 0.210938 0.760417 0.196875 0.779167 0.193750 0.781250 0.187500 0.783333 0.178125 0.785417 0.171875 0.789583 0.168750 0.791667 0.159375 0.800000 0.151562 0.802083 0.145313 0.810417 0.137500 0.816667 0.131250 0.818750 0.128125 0.820833 0.112500 0.841667 0.109375 0.847917 0.103125 0.864583 0.095312 0.877083 0.093750 0.883333 0.092188 0.889583 0.090625 0.895833 0.081250 0.906250 0.079687 0.910417 0.078125 0.918750 0.075000 0.922917 0.073438 0.927083 0.070312 0.937500 0.068750 0.954167 0.068750 0.975000 0.070312 0.979167 0.071875 0.983333 0.081250 0.997917 0.203125 0.997917 0.212500 0.991667 0.217188 0.987500 0.223438 0.981250 0.235937 0.964583 0.239063 0.956250 0.245312 0.947917 0.251563 0.931250 0.257812 0.922917 0.260937 0.916667 0.262500 0.910417 0.267188 0.904167 0.268750 0.900000 0.268750 0.895833 0.270313 0.891667 0.273438 0.887500 0.273438 0.885417 0.275000 0.883333 0.284375 0.877083 0.289062 0.872917 0.292187 0.868750 0.301563 0.854167 0.303125 0.850000 0.304688 0.845833 0.306250 0.839583 0.307812 0.833333 0.309375 0.806250 0.309375 0.785417 0.307812 0.777083 0.306250 0.772917 0.304688 0.768750 0.298438 0.760417 0.284375 0.752083 0.279687 0.745833 0.275000 0.741667 0.271875 0.739583 0.268750 0.737500 0.264062 0.735417 0.253125 0.735417
7 0.570312 0.089583 0.564063 0.091667 0.559375 0.093750 0.554688 0.095833 0.542188 0.104167 0.537500 0.108333 0.531250 0.114583 0.523438 0.122917 0.520312 0.127083 0.515625 0.141667 0.509375 0.152083 0.507812 0.156250 0.504687 0.166667 0.504687 0.172917 0.501563 0.177083 0.501563 0.214583 0.504687 0.231250 0.510938 0.264583 0.512500 0.270833 0.514062 0.277083 0.520312 0.295833 0.534375 0.314583 0.537500 0.316667 0.540625 0.318750 0.545312 0.320833 0.550000 0.322917 0.559375 0.325000 0.568750 0.327083 0.573438 0.327083 0.584375 0.325000 0.589063 0.322917 0.593750 0.320833 0.596875 0.316667 0.600000 0.316667 0.607812 0.310417 0.614062 0.304167 0.625000 0.289583 0.629687 0.281250 0.634375 0.270833 0.635938 0.266667 0.637500 0.256250 0.642188 0.245833 0.642188 0.239583 0.646875 0.229167 0.648438 0.222917 0.650000 0.208333 0.654687 0.197917 0.656250 0.185417 0.656250 0.175000 0.654687 0.164583 0.653125 0.158333 0.648438 0.152083 0.642188 0.133333 0.634375 0.120833 0.626563 0.110417 0.618750 0.102083 0.606250 0.093750 0.600000 0.091667 0.593750 0.089583 0.570312 0.089583
7 0.129688 0.072917 0.121875 0.075000 0.117188 0.077083 0.112500 0.079167 0.107813 0.085417 0.096875 0.087500 0.087500 0.087500 0.082812 0.089583 0.079687 0.091667 0.075000 0.095833 0.068750 0.104167 0.064062 0.116667 0.062500 0.122917 0.062500 0.139583 0.064062 0.147917 0.070312 0.162500 0.070312 0.168750 0.068750 0.179167 0.070312 0.189583 0.075000 0.208333 0.081250 0.225000 0.085938 0.233333 0.093750 0.243750 0.100000 0.250000 0.114062 0.262500 0.121875 0.268750 0.128125 0.272917 0.137500 0.279167 0.148438 0.281250 0.153125 0.283333 0.157812 0.285417 0.160938 0.287500 0.164062 0.291667 0.168750 0.293750 0.176563 0.295833 0.179688 0.297917 0.182812 0.300000 0.196875 0.312500 0.200000 0.314583 0.203125 0.316667 0.207813 0.318750 0.214062 0.320833 0.221875 0.322917 0.245312 0.322917 0.251563 0.320833 0.254688 0.318750 0.257812 0.316667 0.262500 0.312500 0.267188 0.308333 0.270313 0.304167 0.276562 0.291667 0.287500 0.277083 0.289062 0.272917 0.290625 0.262500 0.290625 0.241667 0.289062 0.235417 0.285938 0.225000 0.278125 0.202083 0.273438 0.191667 0.262500 0.177083 0.257812 0.172917 0.251563 0.166667 0.248438 0.166667 0.243750 0.160417 0.231250 0.141667 0.225000 0.137500 0.215625 0.125000 0.209375 0.112500 0.203125 0.104167 0.196875 0.097917 0.192188 0.093750 0.178125 0.083333 0.168750 0.077083 0.162500 0.075000 0.150000 0.072917 0.129688 0.072917
6 0.643750 0.558333 0.625000 0.560417 0.615625 0.564583 0.603125 0.564583 0.592187 0.568750 0.581250 0.575000 0.585938 0.577083 0.590625 0.579167 0.614062 0.579167 0.621875 0.581250 0.625000 0.583333 0.626563 0.585417 0.628125 0.589583 0.629687 0.622917 0.628125 0.639583 0.626563 0.656250 0.625000 0.670833 0.623437 0.685417 0.621875 0.691667 0.618750 0.695833 0.606250 0.695833 0.592187 0.691667 0.562500 0.689583 0.545312 0.689583 0.514062 0.691667 0.509375 0.689583 0.501563 0.679167 0.498437 0.679167 0.495312 0.677083 0.492188 0.672917 0.492188 0.635417 0.495312 0.610417 0.495312 0.585417 0.475000 0.585417 0.454688 0.587500 0.437500 0.589583 0.428125 0.591667 0.420312 0.593750 0.412500 0.595833 0.401562 0.602083 0.395313 0.604167 0.389062 0.606250 0.375000 0.606250 0.346875 0.604167 0.334375 0.606250 0.329688 0.608333 0.325000 0.614583 0.323437 0.622917 0.323437 0.641667 0.325000 0.643750 0.329688 0.735417 0.331250 0.754167 0.332813 0.770833 0.334375 0.779167 0.335938 0.781250 0.337500 0.785417 0.340625 0.783333 0.343750 0.781250 0.348438 0.777083 0.353125 0.770833 0.360938 0.766667 0.365625 0.762500 0.370312 0.758333 0.376563 0.750000 0.387500 0.743750 0.400000 0.729167 0.410938 0.718750 0.418750 0.714583 0.423438 0.706250 0.426563 0.704167 0.431250 0.702083 0.437500 0.702083 0.440625 0.706250 0.443750 0.712500 0.443750 0.714583 0.451562 0.727083 0.454688 0.737500 0.457813 0.743750 0.462500 0.750000 0.465625 0.756250 0.473438 0.775000 0.484375 0.793750 0.490625 0.810417 0.498437 0.822917 0.503125 0.833333 0.504687 0.837500 0.504687 0.841667 0.500000 0.847917 0.484375 0.860417 0.468750 0.877083 0.464062 0.879167 0.459375 0.883333 0.448437 0.895833 0.421875 0.920833 0.407813 0.933333 0.403125 0.937500 0.398438 0.937500 0.393750 0.931250 0.390625 0.925000 0.387500 0.914583 0.382812 0.904167 0.375000 0.891667 0.375000 0.887500 0.370312 0.877083 0.360938 0.860417 0.354687 0.843750 0.350000 0.835417 0.345313 0.827083 0.340625 0.820833 0.339062 0.827083 0.339062 0.893750 0.340625 0.927083 0.342187 0.954167 0.345313 0.970833 0.345313 0.989583 0.348438 0.997917 0.478125 0.995833 0.492188 0.995833 0.495312 0.995833 0.509375 0.995833 0.512500 0.995833 0.525000 0.995833 0.540625 0.995833 0.546875 0.995833 0.548438 0.997917 0.557813 0.995833 0.692187 0.997917 0.693750 0.993750 0.693750 0.975000 0.692187 0.956250 0.687500 0.908333 0.682813 0.883333 0.681250 0.866667 0.681250 0.845833 0.673438 0.787500 0.668750 0.737500 0.668750 0.720833 0.667188 0.704167 0.664062 0.687500 0.662500 0.670833 0.660937 0.654167 0.660937 0.635417 0.656250 0.581250 0.654687 0.566667 0.653125 0.562500 0.651563 0.560417 0.648438 0.558333 0.643750 0.558333
6 0.312500 0.064583 0.309375 0.066667 0.303125 0.070833 0.295312 0.077083 0.290625 0.081250 0.285938 0.087500 0.273438 0.097917 0.260937 0.106250 0.256250 0.112500 0.246875 0.118750 0.242188 0.122917 0.234375 0.131250 0.232813 0.139583 0.250000 0.162500 0.256250 0.166667 0.262500 0.172917 0.275000 0.189583 0.284375 0.210417 0.287500 0.220833 0.290625 0.231250 0.292187 0.237500 0.293750 0.245833 0.293750 0.252083 0.292187 0.268750 0.287500 0.281250 0.273438 0.302083 0.265625 0.312500 0.257812 0.320833 0.254688 0.322917 0.250000 0.325000 0.243750 0.327083 0.225000 0.327083 0.217188 0.325000 0.210938 0.322917 0.204687 0.320833 0.196875 0.316667 0.187500 0.310417 0.182812 0.304167 0.179688 0.302083 0.176563 0.300000 0.168750 0.297917 0.157812 0.289583 0.148438 0.285417 0.139063 0.283333 0.134375 0.281250 0.112500 0.266667 0.103125 0.256250 0.096875 0.250000 0.093750 0.247917 0.090625 0.247917 0.087500 0.250000 0.073438 0.260417 0.065625 0.266667 0.050000 0.281250 0.039062 0.287500 0.034375 0.291667 0.029687 0.295833 0.025000 0.302083 0.025000 0.308333 0.026562 0.312500 0.028125 0.316667 0.034375 0.327083 0.045312 0.343750 0.051562 0.356250 0.060937 0.377083 0.071875 0.397917 0.082812 0.418750 0.090625 0.433333 0.101562 0.454167 0.107813 0.462500 0.121875 0.489583 0.132812 0.510417 0.134375 0.516667 0.139063 0.525000 0.148438 0.539583 0.153125 0.547917 0.154688 0.554167 0.164062 0.572917 0.170313 0.581250 0.201563 0.643750 0.206250 0.652083 0.214062 0.662500 0.218750 0.675000 0.223438 0.681250 0.228125 0.681250 0.231250 0.679167 0.234375 0.677083 0.248438 0.664583 0.259375 0.652083 0.275000 0.637500 0.284375 0.629167 0.303125 0.614583 0.318750 0.597917 0.323437 0.595833 0.329688 0.587500 0.334375 0.585417 0.339062 0.581250 0.346875 0.572917 0.353125 0.564583 0.353125 0.552083 0.351562 0.543750 0.346875 0.531250 0.343750 0.516667 0.343750 0.510417 0.345313 0.504167 0.351562 0.495833 0.356250 0.495833 0.360938 0.491667 0.371875 0.487500 0.395313 0.479167 0.434375 0.466667 0.442188 0.464583 0.450000 0.462500 0.464062 0.462500 0.473438 0.456250 0.478125 0.452083 0.482812 0.447917 0.503125 0.429167 0.507812 0.422917 0.507812 0.416667 0.506250 0.412500 0.504687 0.408333 0.492188 0.383333 0.473438 0.350000 0.468750 0.337500 0.464062 0.331250 0.462500 0.325000 0.453125 0.310417 0.451562 0.304167 0.432812 0.270833 0.417187 0.237500 0.407813 0.222917 0.406250 0.216667 0.395313 0.195833 0.381250 0.170833 0.359375 0.141667 0.350000 0.127083 0.335938 0.102083 0.323437 0.085417 0.318750 0.077083 0.317188 0.070833 0.312500 0.064583
6 0.926562 0.250000 0.903125 0.256250 0.896875 0.258333 0.885938 0.264583 0.878125 0.264583 0.871875 0.272917 0.868750 0.275000 0.865625 0.277083 0.854688 0.283333 0.839063 0.289583 0.831250 0.289583 0.828125 0.293750 0.820312 0.293750 0.800000 0.285417 0.785937 0.285417 0.782813 0.289583 0.779687 0.291667 0.775000 0.289583 0.771875 0.285417 0.768750 0.285417 0.746875 0.287500 0.734375 0.289583 0.709375 0.295833 0.684375 0.297917 0.673438 0.300000 0.662500 0.302083 0.653125 0.304167 0.650000 0.306250 0.648438 0.308333 0.646875 0.312500 0.646875 0.320833 0.648438 0.341667 0.650000 0.362500 0.651563 0.372917 0.653125 0.381250 0.654687 0.385417 0.662500 0.395833 0.665625 0.395833 0.675000 0.408333 0.681250 0.412500 0.689063 0.422917 0.689063 0.429167 0.685937 0.435417 0.676562 0.450000 0.675000 0.456250 0.665625 0.470833 0.664062 0.475000 0.664062 0.495833 0.665625 0.512500 0.670312 0.543750 0.671875 0.560417 0.673438 0.577083 0.673438 0.595833 0.675000 0.614583 0.676562 0.631250 0.678125 0.643750 0.679688 0.654167 0.682813 0.662500 0.689063 0.664583 0.695312 0.664583 0.710938 0.662500 0.728125 0.658333 0.748437 0.658333 0.764062 0.656250 0.778125 0.652083 0.842187 0.645833 0.856250 0.641667 0.871875 0.639583 0.889062 0.639583 0.921875 0.635417 0.937500 0.633333 0.948438 0.631250 0.959375 0.627083 0.973437 0.627083 0.976562 0.622917 0.976562 0.606250 0.975000 0.589583 0.973437 0.572917 0.970313 0.558333 0.968750 0.541667 0.968750 0.525000 0.967187 0.510417 0.965625 0.495833 0.962500 0.481250 0.960938 0.466667 0.959375 0.437500 0.953125 0.397917 0.953125 0.381250 0.951562 0.366667 0.950000 0.352083 0.946875 0.325000 0.942187 0.300000 0.942187 0.285417 0.940625 0.272917 0.939063 0.262500 0.937500 0.256250 0.935937 0.252083 0.926562 0.250000
10 0.503125 0.570833 0.501563 0.575000 0.501563 0.589583 0.496875 0.608333 0.495312 0.635417 0.495312 0.672917 0.498437 0.675000 0.504687 0.675000 0.507812 0.679167 0.509375 0.685417 0.512500 0.687500 0.539062 0.687500 0.570312 0.685417 0.590625 0.687500 0.606250 0.691667 0.618750 0.691667 0.618750 0.687500 0.620313 0.685417 0.621875 0.672917 0.623437 0.643750 0.626563 0.633333 0.625000 0.616667 0.625000 0.610417 0.626563 0.591667 0.625000 0.587500 0.621875 0.585417 0.615625 0.583333 0.590625 0.583333 0.576562 0.577083 0.568750 0.575000 0.550000 0.572917 0.529687 0.570833 0.503125 0.570833
7 0.789062 0.712500 0.784375 0.714583 0.781250 0.716667 0.778125 0.718750 0.773438 0.725000 0.768750 0.733333 0.759375 0.752083 0.751563 0.762500 0.750000 0.766667 0.748437 0.772917 0.748437 0.787500 0.750000 0.797917 0.754687 0.816667 0.756250 0.820833 0.764062 0.839583 0.767188 0.845833 0.778125 0.862500 0.781250 0.866667 0.782813 0.866667 0.789062 0.872917 0.817187 0.910417 0.826562 0.918750 0.848437 0.947917 0.857812 0.956250 0.867188 0.964583 0.871875 0.968750 0.878125 0.970833 0.882812 0.972917 0.912500 0.972917 0.921875 0.968750 0.931250 0.962500 0.939063 0.960417 0.942187 0.958333 0.950000 0.960417 0.957812 0.956250 0.960938 0.952083 0.964063 0.952083 0.970313 0.945833 0.975000 0.939583 0.976562 0.935417 0.978125 0.931250 0.979688 0.920833 0.979688 0.897917 0.978125 0.891667 0.975000 0.885417 0.975000 0.881250 0.973437 0.877083 0.975000 0.860417 0.973437 0.854167 0.970313 0.843750 0.964063 0.827083 0.960938 0.820833 0.957812 0.814583 0.951562 0.804167 0.940625 0.789583 0.935937 0.785417 0.931250 0.781250 0.918750 0.772917 0.915625 0.772917 0.903125 0.762500 0.896875 0.760417 0.890625 0.754167 0.887500 0.752083 0.879687 0.750000 0.873437 0.745833 0.860938 0.735417 0.851562 0.729167 0.843750 0.725000 0.835938 0.722917 0.828125 0.716667 0.820312 0.714583 0.810937 0.712500 0.789062 0.712500
10 0.453125 0.466667 0.445312 0.468750 0.425000 0.477083 0.364063 0.495833 0.359375 0.497917 0.354687 0.500000 0.348438 0.504167 0.348438 0.508333 0.346875 0.510417 0.346875 0.514583 0.348438 0.520833 0.353125 0.541667 0.356250 0.547917 0.357812 0.558333 0.357812 0.572917 0.359375 0.581250 0.360938 0.589583 0.364063 0.597917 0.368750 0.597917 0.370312 0.595833 0.375000 0.595833 0.376563 0.600000 0.379688 0.602083 0.385937 0.602083 0.392188 0.600000 0.407813 0.591667 0.414062 0.589583 0.434375 0.585417 0.453125 0.579167 0.464062 0.575000 0.471875 0.570833 0.478125 0.562500 0.478125 0.550000 0.476562 0.537500 0.475000 0.527083 0.473438 0.518750 0.468750 0.495833 0.464062 0.481250 0.464062 0.475000 0.460938 0.466667 0.453125 0.466667
7 0.937500 0.039583 0.929688 0.041667 0.925000 0.043750 0.917188 0.050000 0.893750 0.050000 0.889062 0.052083 0.884375 0.058333 0.879687 0.060417 0.873437 0.062500 0.870313 0.064583 0.867188 0.066667 0.857812 0.079167 0.854688 0.079167 0.851562 0.081250 0.845313 0.089583 0.832812 0.116667 0.826562 0.125000 0.821875 0.129167 0.807813 0.137500 0.800000 0.143750 0.778125 0.172917 0.773438 0.185417 0.770312 0.195833 0.768750 0.202083 0.767188 0.210417 0.767188 0.233333 0.768750 0.239583 0.775000 0.254167 0.775000 0.258333 0.776563 0.262500 0.778125 0.266667 0.779687 0.268750 0.785937 0.277083 0.787500 0.279167 0.790625 0.281250 0.793750 0.283333 0.801562 0.287500 0.806250 0.289583 0.815625 0.291667 0.826562 0.291667 0.834375 0.289583 0.840625 0.287500 0.845313 0.285417 0.850000 0.283333 0.862500 0.277083 0.865625 0.275000 0.870313 0.270833 0.878125 0.260417 0.881250 0.258333 0.884375 0.256250 0.890625 0.256250 0.896875 0.250000 0.900000 0.247917 0.904687 0.245833 0.915625 0.245833 0.920312 0.243750 0.928125 0.239583 0.931250 0.235417 0.934375 0.235417 0.939063 0.227083 0.950000 0.218750 0.965625 0.197917 0.971875 0.185417 0.975000 0.179167 0.975000 0.175000 0.978125 0.168750 0.981250 0.162500 0.985938 0.156250 0.989062 0.150000 0.992188 0.143750 0.993750 0.137500 0.995313 0.129167 0.996875 0.120833 0.996875 0.100000 0.995313 0.087500 0.993750 0.081250 0.992188 0.077083 0.985938 0.062500 0.982812 0.058333 0.978125 0.056250 0.970313 0.047917 0.967187 0.045833 0.964063 0.043750 0.959375 0.041667 0.954688 0.039583 0.937500 0.039583
