0 0.328125 0.595833 0.321875 0.597917 0.317188 0.600000 0.312500 0.602083 0.306250 0.608333 0.303125 0.608333 0.300000 0.612500 0.300000 0.722917 0.301563 0.793750 0.304688 0.822917 0.304688 0.852083 0.306250 0.862500 0.309375 0.866667 0.314063 0.868750 0.321875 0.879167 0.326562 0.883333 0.329688 0.885417 0.343750 0.883333 0.350000 0.883333 0.364063 0.887500 0.381250 0.887500 0.387500 0.885417 0.392188 0.883333 0.395313 0.881250 0.401562 0.872917 0.412500 0.866667 0.417187 0.862500 0.428125 0.845833 0.432812 0.839583 0.434375 0.839583 0.440625 0.831250 0.446875 0.825000 0.450000 0.825000 0.454688 0.818750 0.454688 0.814583 0.453125 0.810417 0.451562 0.808333 0.448437 0.806250 0.443750 0.806250 0.439063 0.800000 0.439063 0.791667 0.440625 0.770833 0.439063 0.768750 0.439063 0.750000 0.440625 0.722917 0.439063 0.708333 0.435937 0.697917 0.435937 0.685417 0.434375 0.679167 0.432812 0.675000 0.428125 0.666667 0.426563 0.662500 0.426563 0.652083 0.425000 0.647917 0.421875 0.643750 0.420312 0.643750 0.417187 0.637500 0.415625 0.635417 0.410938 0.631250 0.409375 0.631250 0.407813 0.627083 0.403125 0.625000 0.395313 0.616667 0.381250 0.606250 0.378125 0.604167 0.375000 0.602083 0.370312 0.600000 0.365625 0.597917 0.357812 0.595833 0.328125 0.595833
11 0.151562 0.258333 0.143750 0.260417 0.139063 0.262500 0.131250 0.266667 0.128125 0.270833 0.125000 0.272917 0.125000 0.275000 0.117188 0.277083 0.112500 0.272917 0.087500 0.272917 0.078125 0.279167 0.070312 0.289583 0.065625 0.302083 0.065625 0.329167 0.070312 0.341667 0.079687 0.354167 0.087500 0.360417 0.095312 0.362500 0.101562 0.370833 0.101562 0.377083 0.109375 0.400000 0.120313 0.414583 0.125000 0.418750 0.129688 0.422917 0.132812 0.425000 0.135937 0.427083 0.150000 0.433333 0.157812 0.435417 0.190625 0.435417 0.196875 0.437500 0.207813 0.443750 0.217188 0.445833 0.231250 0.445833 0.239063 0.443750 0.243750 0.441667 0.248438 0.439583 0.251563 0.437500 0.259375 0.429167 0.260937 0.429167 0.262500 0.427083 0.270313 0.414583 0.275000 0.404167 0.276562 0.397917 0.278125 0.391667 0.278125 0.358333 0.276562 0.352083 0.275000 0.345833 0.273438 0.341667 0.271875 0.337500 0.267188 0.329167 0.259375 0.318750 0.254688 0.314583 0.251563 0.312500 0.248438 0.312500 0.243750 0.308333 0.239063 0.304167 0.229687 0.293750 0.225000 0.289583 0.221875 0.287500 0.215625 0.285417 0.212500 0.283333 0.200000 0.270833 0.190625 0.264583 0.185938 0.262500 0.181250 0.260417 0.175000 0.258333 0.151562 0.258333
0 0.209375 0.125000 0.204687 0.127083 0.200000 0.133333 0.198437 0.137500 0.198437 0.152083 0.204687 0.172917 0.206250 0.181250 0.207813 0.189583 0.209375 0.204167 0.209375 0.220833 0.210938 0.231250 0.212500 0.237500 0.214062 0.243750 0.215625 0.247917 0.217188 0.252083 0.220312 0.258333 0.225000 0.266667 0.234375 0.279167 0.240625 0.285417 0.245312 0.289583 0.250000 0.293750 0.256250 0.295833 0.271875 0.308333 0.290625 0.316667 0.298438 0.318750 0.307812 0.320833 0.346875 0.320833 0.356250 0.318750 0.364063 0.316667 0.370312 0.314583 0.376563 0.312500 0.390625 0.306250 0.398438 0.302083 0.406250 0.297917 0.439063 0.277083 0.445312 0.268750 0.448437 0.258333 0.451562 0.252083 0.454688 0.245833 0.465625 0.231250 0.476562 0.220833 0.479687 0.218750 0.482812 0.216667 0.490625 0.212500 0.501563 0.208333 0.506250 0.208333 0.509375 0.206250 0.515625 0.195833 0.518750 0.189583 0.525000 0.172917 0.526563 0.166667 0.528125 0.160417 0.529687 0.152083 0.529687 0.143750 0.528125 0.139583 0.526563 0.135417 0.521875 0.133333 0.518750 0.131250 0.501563 0.133333 0.495312 0.135417 0.489063 0.137500 0.478125 0.143750 0.467187 0.150000 0.457813 0.156250 0.450000 0.162500 0.442188 0.170833 0.423438 0.185417 0.412500 0.191667 0.400000 0.204167 0.392188 0.210417 0.389062 0.212500 0.385937 0.214583 0.381250 0.216667 0.376563 0.218750 0.371875 0.218750 0.362500 0.225000 0.356250 0.227083 0.343750 0.231250 0.334375 0.233333 0.304688 0.233333 0.296875 0.231250 0.292187 0.229167 0.287500 0.227083 0.278125 0.220833 0.267188 0.212500 0.248438 0.195833 0.239063 0.185417 0.237500 0.183333 0.229687 0.170833 0.225000 0.158333 0.221875 0.147917 0.218750 0.131250 0.215625 0.127083 0.212500 0.125000 0.209375 0.125000
13 0.503125 0.212500 0.495312 0.214583 0.489063 0.216667 0.476562 0.225000 0.471875 0.229167 0.464062 0.237500 0.457813 0.245833 0.453125 0.254167 0.446875 0.270833 0.445312 0.277083 0.443750 0.285417 0.443750 0.325000 0.445312 0.333333 0.448437 0.343750 0.450000 0.347917 0.454688 0.358333 0.464062 0.372917 0.465625 0.375000 0.473438 0.383333 0.485938 0.391667 0.490625 0.393750 0.495312 0.395833 0.503125 0.397917 0.521875 0.397917 0.529687 0.395833 0.534375 0.393750 0.543750 0.387500 0.551562 0.381250 0.559375 0.372917 0.567187 0.362500 0.568750 0.356250 0.573438 0.350000 0.575000 0.345833 0.579688 0.327083 0.581250 0.314583 0.581250 0.293750 0.579688 0.283333 0.578125 0.277083 0.576562 0.270833 0.573438 0.260417 0.570312 0.254167 0.567187 0.247917 0.554688 0.231250 0.550000 0.227083 0.542188 0.220833 0.539062 0.218750 0.534375 0.216667 0.528125 0.214583 0.520312 0.212500 0.503125 0.212500
4 0.796875 0.366667 0.787500 0.372917 0.779687 0.381250 0.770312 0.393750 0.767188 0.402083 0.760938 0.418750 0.759375 0.425000 0.757812 0.433333 0.756250 0.445833 0.756250 0.460417 0.757812 0.477083 0.760938 0.485417 0.767188 0.502083 0.768750 0.506250 0.770312 0.508333 0.771875 0.508333 0.773438 0.510417 0.782813 0.525000 0.784375 0.529167 0.785937 0.533333 0.785937 0.568750 0.784375 0.585417 0.779687 0.610417 0.778125 0.625000 0.776563 0.643750 0.771875 0.700000 0.770312 0.725000 0.768750 0.754167 0.768750 0.829167 0.770312 0.843750 0.771875 0.854167 0.773438 0.860417 0.776563 0.864583 0.790625 0.862500 0.792188 0.856250 0.793750 0.843750 0.795312 0.814583 0.796875 0.785417 0.798438 0.735417 0.800000 0.662500 0.800000 0.531250 0.801562 0.527083 0.803125 0.522917 0.818750 0.502083 0.823438 0.493750 0.826562 0.487500 0.828125 0.483333 0.829688 0.479167 0.834375 0.460417 0.835938 0.450000 0.835938 0.422917 0.834375 0.404167 0.832812 0.393750 0.831250 0.389583 0.826562 0.381250 0.821875 0.372917 0.820312 0.370833 0.817187 0.368750 0.814063 0.366667 0.796875 0.366667
1 0.598437 0.120833 0.596875 0.127083 0.596875 0.150000 0.595313 0.168750 0.593750 0.181250 0.590625 0.204167 0.585938 0.222917 0.587500 0.231250 0.593750 0.231250 0.601562 0.227083 0.609375 0.225000 0.618750 0.222917 0.626563 0.227083 0.642188 0.235417 0.659375 0.241667 0.665625 0.243750 0.671875 0.245833 0.682813 0.245833 0.692187 0.247917 0.698438 0.252083 0.704688 0.252083 0.720313 0.260417 0.732812 0.262500 0.748437 0.270833 0.754687 0.272917 0.764062 0.272917 0.770312 0.275000 0.775000 0.277083 0.782813 0.283333 0.787500 0.285417 0.821875 0.300000 0.835938 0.297917 0.829688 0.291667 0.828125 0.283333 0.837500 0.272917 0.842187 0.266667 0.845313 0.260417 0.848437 0.245833 0.856250 0.227083 0.856250 0.210417 0.853125 0.208333 0.846875 0.208333 0.845313 0.206250 0.839063 0.206250 0.826562 0.202083 0.807813 0.195833 0.790625 0.189583 0.779687 0.185417 0.759375 0.175000 0.742188 0.170833 0.731250 0.164583 0.720313 0.160417 0.714063 0.158333 0.701562 0.156250 0.690625 0.150000 0.684375 0.147917 0.678125 0.147917 0.667188 0.143750 0.656250 0.137500 0.634375 0.131250 0.629687 0.129167 0.618750 0.120833 0.612500 0.118750 0.598437 0.120833
0 0.459375 0.575000 0.456250 0.577083 0.451562 0.583333 0.446875 0.591667 0.445312 0.595833 0.442188 0.608333 0.437500 0.627083 0.435937 0.635417 0.435937 0.652083 0.434375 0.654167 0.434375 0.668750 0.439063 0.683333 0.440625 0.691667 0.442188 0.702083 0.443750 0.714583 0.442188 0.741667 0.442188 0.752083 0.443750 0.760417 0.445312 0.766667 0.446875 0.770833 0.448437 0.775000 0.457813 0.787500 0.465625 0.795833 0.470313 0.797917 0.482812 0.797917 0.485938 0.795833 0.489063 0.789583 0.490625 0.785417 0.492188 0.781250 0.492188 0.766667 0.490625 0.754167 0.489063 0.741667 0.487500 0.729167 0.484375 0.704167 0.485938 0.633333 0.485938 0.600000 0.484375 0.593750 0.482812 0.589583 0.479687 0.583333 0.476562 0.579167 0.473438 0.577083 0.470313 0.575000 0.459375 0.575000
19 0.165625 0.497917 0.162500 0.502083 0.160938 0.510417 0.159375 0.527083 0.159375 0.543750 0.157812 0.558333 0.154688 0.568750 0.153125 0.583333 0.153125 0.600000 0.148438 0.639583 0.142187 0.691667 0.137500 0.716667 0.135937 0.743750 0.131250 0.768750 0.131250 0.777083 0.132812 0.781250 0.137500 0.787500 0.140625 0.789583 0.145313 0.791667 0.151562 0.793750 0.164062 0.793750 0.171875 0.797917 0.215625 0.797917 0.223438 0.795833 0.228125 0.793750 0.231250 0.791667 0.234375 0.787500 0.235937 0.781250 0.237500 0.770833 0.239063 0.758333 0.240625 0.743750 0.240625 0.729167 0.242188 0.714583 0.246875 0.677083 0.251563 0.656250 0.251563 0.643750 0.254688 0.633333 0.259375 0.593750 0.260937 0.579167 0.260937 0.562500 0.262500 0.547917 0.265625 0.537500 0.267188 0.522917 0.265625 0.514583 0.262500 0.512500 0.253125 0.510417 0.242188 0.508333 0.231250 0.506250 0.212500 0.506250 0.198437 0.504167 0.185938 0.502083 0.176563 0.497917 0.165625 0.497917
6 0.832812 0.472917 0.831250 0.481250 0.826562 0.491667 0.818750 0.506250 0.812500 0.512500 0.810937 0.514583 0.804688 0.525000 0.803125 0.529167 0.801562 0.533333 0.801562 0.689583 0.800000 0.750000 0.796875 0.795833 0.796875 0.837500 0.800000 0.839583 0.850000 0.839583 0.853125 0.837500 0.856250 0.833333 0.857812 0.829167 0.859375 0.822917 0.859375 0.812500 0.857812 0.783333 0.856250 0.762500 0.851562 0.722917 0.850000 0.702083 0.848437 0.679167 0.848437 0.654167 0.846875 0.629167 0.843750 0.606250 0.843750 0.581250 0.840625 0.558333 0.840625 0.527083 0.839063 0.500000 0.837500 0.497917 0.837500 0.472917 0.835938 0.468750 0.832812 0.472917
6 0.667188 0.397917 0.664062 0.400000 0.662500 0.427083 0.664062 0.429167 0.664062 0.456250 0.665625 0.487500 0.668750 0.508333 0.668750 0.535417 0.670312 0.554167 0.671875 0.560417 0.675000 0.566667 0.681250 0.577083 0.687500 0.591667 0.692187 0.604167 0.695312 0.614583 0.696875 0.620833 0.698438 0.627083 0.700000 0.635417 0.701562 0.643750 0.703125 0.654167 0.704688 0.668750 0.704688 0.710417 0.703125 0.725000 0.701562 0.735417 0.700000 0.743750 0.698438 0.752083 0.690625 0.779167 0.690625 0.806250 0.692187 0.825000 0.693750 0.841667 0.696875 0.850000 0.710938 0.850000 0.721875 0.847917 0.734375 0.843750 0.734375 0.839583 0.732812 0.837500 0.729688 0.818750 0.729688 0.804167 0.725000 0.779167 0.723437 0.764583 0.721875 0.750000 0.720313 0.733333 0.718750 0.708333 0.718750 0.681250 0.715625 0.654167 0.714063 0.620833 0.714063 0.566667 0.712500 0.533333 0.710938 0.525000 0.709375 0.520833 0.695312 0.500000 0.690625 0.489583 0.689063 0.483333 0.687500 0.475000 0.685937 0.460417 0.684375 0.397917 0.667188 0.397917
6 0.745313 0.387500 0.732812 0.389583 0.731250 0.391667 0.728125 0.391667 0.728125 0.412500 0.729688 0.429167 0.732812 0.445833 0.734375 0.466667 0.734375 0.489583 0.732812 0.497917 0.728125 0.514583 0.728125 0.535417 0.729688 0.550000 0.735938 0.587500 0.737500 0.612500 0.739062 0.625000 0.743750 0.647917 0.746875 0.679167 0.751563 0.720833 0.753125 0.737500 0.754687 0.754167 0.756250 0.775000 0.757812 0.795833 0.757812 0.820833 0.760938 0.841667 0.767188 0.839583 0.767188 0.825000 0.765625 0.781250 0.767188 0.733333 0.768750 0.710417 0.773438 0.654167 0.775000 0.635417 0.776563 0.620833 0.778125 0.606250 0.782813 0.579167 0.782813 0.531250 0.781250 0.527083 0.776563 0.518750 0.764062 0.502083 0.756250 0.479167 0.754687 0.468750 0.754687 0.439583 0.756250 0.429167 0.757812 0.422917 0.759375 0.416667 0.762500 0.406250 0.764062 0.402083 0.768750 0.393750 0.768750 0.387500 0.745313 0.387500
3 0.720313 0.356250 0.720313 0.360417 0.718750 0.362500 0.714063 0.375000 0.709375 0.360417 0.707812 0.368750 0.709375 0.377083 0.704688 0.381250 0.701562 0.360417 0.698438 0.360417 0.698438 0.370833 0.696875 0.372917 0.695312 0.377083 0.689063 0.362500 0.687500 0.366667 0.687500 0.372917 0.689063 0.393750 0.687500 0.441667 0.689063 0.470833 0.690625 0.481250 0.692187 0.487500 0.693750 0.491667 0.695312 0.495833 0.698438 0.502083 0.706250 0.512500 0.710938 0.520833 0.712500 0.525000 0.714063 0.529167 0.715625 0.543750 0.715625 0.602083 0.717187 0.650000 0.720313 0.672917 0.720313 0.700000 0.721875 0.727083 0.723437 0.745833 0.725000 0.760417 0.726562 0.777083 0.731250 0.800000 0.732812 0.825000 0.734375 0.833333 0.735938 0.841667 0.737500 0.845833 0.739062 0.850000 0.750000 0.852083 0.756250 0.847917 0.756250 0.843750 0.757812 0.839583 0.756250 0.808333 0.754687 0.785417 0.753125 0.762500 0.751563 0.743750 0.748437 0.714583 0.740625 0.641667 0.739062 0.629167 0.735938 0.616667 0.734375 0.604167 0.734375 0.591667 0.732812 0.579167 0.726562 0.543750 0.726562 0.510417 0.732812 0.487500 0.732812 0.477083 0.731250 0.454167 0.729688 0.435417 0.726562 0.418750 0.725000 0.389583 0.723437 0.356250 0.720313 0.356250
0 0.537500 0.533333 0.529687 0.537500 0.526563 0.539583 0.521875 0.543750 0.514062 0.554167 0.510938 0.560417 0.507812 0.568750 0.503125 0.581250 0.498437 0.595833 0.496875 0.602083 0.495312 0.608333 0.493750 0.622917 0.490625 0.629167 0.489063 0.637500 0.487500 0.647917 0.487500 0.716667 0.489063 0.725000 0.490625 0.729167 0.492188 0.733333 0.500000 0.743750 0.515625 0.743750 0.520312 0.741667 0.525000 0.735417 0.529687 0.727083 0.531250 0.722917 0.532813 0.710417 0.532813 0.683333 0.534375 0.670833 0.535937 0.660417 0.537500 0.652083 0.540625 0.645833 0.540625 0.637500 0.543750 0.622917 0.548438 0.608333 0.556250 0.587500 0.559375 0.577083 0.560937 0.568750 0.560937 0.552083 0.556250 0.539583 0.551562 0.533333 0.537500 0.533333
0 0.607812 0.493750 0.603125 0.495833 0.600000 0.500000 0.600000 0.504167 0.601562 0.514583 0.598437 0.518750 0.573438 0.518750 0.570312 0.522917 0.568750 0.529167 0.568750 0.535417 0.567187 0.537500 0.567187 0.541667 0.568750 0.543750 0.570312 0.552083 0.570312 0.564583 0.575000 0.579167 0.573438 0.585417 0.567187 0.602083 0.565625 0.614583 0.560937 0.625000 0.559375 0.637500 0.556250 0.650000 0.554688 0.654167 0.548438 0.662500 0.546875 0.666667 0.546875 0.683333 0.539062 0.693750 0.535937 0.700000 0.534375 0.716667 0.534375 0.735417 0.526563 0.745833 0.525000 0.750000 0.520312 0.768750 0.520312 0.785417 0.521875 0.791667 0.529687 0.802083 0.534375 0.806250 0.545312 0.814583 0.550000 0.816667 0.567187 0.818750 0.573438 0.816667 0.576562 0.814583 0.587500 0.802083 0.592187 0.800000 0.607812 0.802083 0.612500 0.800000 0.615625 0.797917 0.628125 0.781250 0.631250 0.779167 0.634375 0.779167 0.640625 0.772917 0.643750 0.766667 0.646875 0.758333 0.651563 0.745833 0.653125 0.737500 0.657813 0.702083 0.657813 0.664583 0.656250 0.658333 0.651563 0.647917 0.650000 0.637500 0.645312 0.627083 0.643750 0.620833 0.643750 0.602083 0.643750 0.572917 0.640625 0.562500 0.640625 0.527083 0.637500 0.518750 0.637500 0.510417 0.635938 0.506250 0.632812 0.502083 0.628125 0.497917 0.625000 0.495833 0.617188 0.493750 0.607812 0.493750
