6 0.382812 0.968750 0.376563 0.975000 0.373437 0.979167 0.370312 0.983333 0.368750 0.987500 0.368750 0.993750 0.371875 0.997917 0.376563 0.991667 0.379688 0.991667 0.384375 0.985417 0.385937 0.977083 0.385937 0.968750 0.382812 0.968750
6 0.101562 0.535417 0.098437 0.537500 0.096875 0.541667 0.095312 0.550000 0.093750 0.558333 0.090625 0.577083 0.090625 0.587500 0.087500 0.604167 0.081250 0.631250 0.075000 0.668750 0.065625 0.733333 0.057813 0.779167 0.046875 0.831250 0.039062 0.877083 0.035937 0.897917 0.032813 0.929167 0.029687 0.937500 0.026562 0.956250 0.026562 0.970833 0.023438 0.981250 0.023438 0.993750 0.025000 0.997917 0.159375 0.997917 0.164062 0.993750 0.179688 0.972917 0.201563 0.941667 0.220312 0.912500 0.243750 0.881250 0.257812 0.858333 0.275000 0.833333 0.304688 0.793750 0.321875 0.766667 0.326562 0.760417 0.328125 0.760417 0.332813 0.754167 0.350000 0.727083 0.353125 0.722917 0.354687 0.720833 0.356250 0.718750 0.359375 0.716667 0.364063 0.714583 0.368750 0.714583 0.371875 0.716667 0.375000 0.718750 0.381250 0.727083 0.381250 0.729167 0.387500 0.737500 0.407813 0.764583 0.412500 0.770833 0.417187 0.768750 0.415625 0.758333 0.418750 0.745833 0.418750 0.731250 0.420312 0.722917 0.423438 0.716667 0.425000 0.704167 0.425000 0.697917 0.421875 0.700000 0.417187 0.700000 0.410938 0.704167 0.406250 0.702083 0.406250 0.691667 0.392188 0.691667 0.385937 0.689583 0.381250 0.687500 0.378125 0.685417 0.376563 0.668750 0.378125 0.658333 0.381250 0.647917 0.382812 0.635417 0.384375 0.622917 0.384375 0.610417 0.381250 0.610417 0.379688 0.612500 0.375000 0.612500 0.373437 0.614583 0.370312 0.614583 0.367188 0.612500 0.364063 0.608333 0.362500 0.600000 0.359375 0.595833 0.351562 0.595833 0.334375 0.589583 0.309375 0.585417 0.295312 0.579167 0.287500 0.577083 0.279687 0.575000 0.268750 0.577083 0.267188 0.581250 0.267188 0.585417 0.260937 0.600000 0.257812 0.614583 0.253125 0.629167 0.246875 0.641667 0.240625 0.650000 0.235937 0.652083 0.220312 0.658333 0.210938 0.660417 0.201563 0.658333 0.198437 0.656250 0.195312 0.654167 0.185938 0.641667 0.182812 0.635417 0.181250 0.629167 0.181250 0.614583 0.182812 0.606250 0.184375 0.600000 0.185938 0.593750 0.193750 0.577083 0.196875 0.566667 0.196875 0.562500 0.198437 0.558333 0.195312 0.554167 0.187500 0.552083 0.168750 0.547917 0.142187 0.543750 0.126562 0.537500 0.115625 0.535417 0.101562 0.535417
16 0.725000 0.387500 0.721875 0.389583 0.718750 0.391667 0.700000 0.408333 0.675000 0.427083 0.660937 0.435417 0.653125 0.441667 0.645312 0.450000 0.637500 0.454167 0.628125 0.464583 0.625000 0.464583 0.620313 0.468750 0.615625 0.475000 0.610938 0.479167 0.595313 0.489583 0.582812 0.502083 0.575000 0.506250 0.570312 0.510417 0.565625 0.516667 0.565625 0.529167 0.567187 0.535417 0.568750 0.539583 0.570312 0.543750 0.575000 0.550000 0.579688 0.564583 0.584375 0.570833 0.585938 0.575000 0.587500 0.579167 0.592187 0.595833 0.600000 0.616667 0.601562 0.620833 0.603125 0.622917 0.609375 0.629167 0.614062 0.631250 0.620313 0.629167 0.623437 0.627083 0.626563 0.625000 0.642188 0.610417 0.651563 0.604167 0.660937 0.600000 0.670312 0.593750 0.678125 0.587500 0.682813 0.583333 0.687500 0.577083 0.692187 0.572917 0.696875 0.568750 0.707812 0.562500 0.718750 0.552083 0.732812 0.543750 0.751563 0.527083 0.754687 0.520833 0.760938 0.516667 0.770312 0.510417 0.778125 0.502083 0.779687 0.502083 0.781250 0.485417 0.785937 0.481250 0.787500 0.475000 0.785937 0.470833 0.784375 0.466667 0.781250 0.460417 0.778125 0.454167 0.770312 0.443750 0.754687 0.425000 0.748437 0.414583 0.746875 0.408333 0.737500 0.395833 0.731250 0.389583 0.728125 0.387500 0.725000 0.387500
6 0.875000 0.002083 0.878125 0.006250 0.881250 0.018750 0.881250 0.025000 0.882812 0.031250 0.887500 0.043750 0.896875 0.058333 0.906250 0.077083 0.917188 0.100000 0.921875 0.110417 0.928125 0.125000 0.942187 0.158333 0.954688 0.193750 0.962500 0.208333 0.968750 0.222917 0.979688 0.256250 0.984375 0.264583 0.984375 0.268750 0.985938 0.272917 0.990625 0.281250 0.992188 0.285417 0.993750 0.293750 0.998437 0.302083 0.998437 0.410417 0.979688 0.429167 0.968750 0.439583 0.929688 0.470833 0.915625 0.481250 0.890625 0.495833 0.875000 0.508333 0.859375 0.516667 0.856250 0.520833 0.853125 0.520833 0.850000 0.522917 0.846875 0.527083 0.843750 0.529167 0.840625 0.531250 0.828125 0.537500 0.821875 0.541667 0.807813 0.552083 0.782813 0.570833 0.771875 0.581250 0.764062 0.587500 0.760938 0.589583 0.757812 0.589583 0.750000 0.585417 0.746875 0.579167 0.740625 0.564583 0.739062 0.560417 0.737500 0.556250 0.737500 0.552083 0.737500 0.545833 0.737500 0.543750 0.739062 0.541667 0.740625 0.541667 0.745313 0.537500 0.750000 0.531250 0.756250 0.525000 0.760938 0.522917 0.768750 0.514583 0.776563 0.510417 0.784375 0.500000 0.785937 0.495833 0.785937 0.489583 0.787500 0.485417 0.790625 0.481250 0.790625 0.475000 0.785937 0.462500 0.782813 0.456250 0.767188 0.437500 0.759375 0.427083 0.751563 0.410417 0.743750 0.397917 0.742188 0.395833 0.732812 0.385417 0.729688 0.383333 0.751563 0.318750 0.767188 0.318750 0.773438 0.316667 0.781250 0.312500 0.793750 0.295833 0.795312 0.291667 0.795312 0.277083 0.793750 0.272917 0.790625 0.266667 0.787500 0.262500 0.781250 0.258333 0.764062 0.258333 0.760938 0.260417 0.753125 0.266667 0.750000 0.270833 0.748437 0.270833 0.746875 0.272917 0.742188 0.281250 0.740625 0.285417 0.740625 0.306250 0.742188 0.310417 0.745313 0.314583 0.751563 0.318750 0.729688 0.383333 0.725000 0.383333 0.720313 0.385417 0.707812 0.395833 0.703125 0.395833 0.701562 0.400000 0.695312 0.400000 0.696875 0.377083 0.695312 0.364583 0.692187 0.362500 0.687500 0.360417 0.679688 0.358333 0.670312 0.358333 0.660937 0.354167 0.653125 0.354167 0.650000 0.352083 0.648438 0.350000 0.646875 0.343750 0.643750 0.339583 0.639062 0.325000 0.632812 0.314583 0.626563 0.295833 0.614062 0.270833 0.607812 0.252083 0.601562 0.241667 0.593750 0.222917 0.592187 0.218750 0.590625 0.212500 0.590625 0.208333 0.592187 0.204167 0.596875 0.200000 0.609375 0.189583 0.617188 0.185417 0.621875 0.179167 0.639062 0.166667 0.650000 0.158333 0.656250 0.156250 0.659375 0.154167 0.673438 0.143750 0.690625 0.127083 0.698438 0.122917 0.718750 0.104167 0.746875 0.081250 0.754687 0.075000 0.762500 0.068750 0.773438 0.060417 0.784375 0.052083 0.818750 0.027083 0.840625 0.012500 0.850000 0.006250 0.854688 0.004167 0.864062 0.002083 0.875000 0.002083
6 0.387500 0.635417 0.384375 0.637500 0.384375 0.650000 0.382812 0.652083 0.381250 0.668750 0.381250 0.675000 0.382812 0.679167 0.384375 0.681250 0.387500 0.683333 0.395313 0.685417 0.403125 0.685417 0.404687 0.681250 0.406250 0.672917 0.406250 0.664583 0.404687 0.658333 0.396875 0.647917 0.392188 0.645833 0.389062 0.641667 0.387500 0.635417
6 0.435937 0.310417 0.443750 0.314583 0.460938 0.316667 0.468750 0.318750 0.475000 0.320833 0.479687 0.322917 0.482812 0.327083 0.485938 0.337500 0.490625 0.356250 0.492188 0.368750 0.493750 0.375000 0.495312 0.381250 0.496875 0.385417 0.498437 0.387500 0.501563 0.389583 0.507812 0.387500 0.512500 0.385417 0.517188 0.381250 0.535937 0.375000 0.540625 0.372917 0.554688 0.366667 0.559375 0.362500 0.582812 0.352083 0.592187 0.347917 0.604688 0.347917 0.625000 0.352083 0.634375 0.356250 0.645312 0.356250 0.664062 0.362500 0.673438 0.362500 0.682813 0.364583 0.690625 0.366667 0.693750 0.370833 0.692187 0.385417 0.690625 0.397917 0.689063 0.408333 0.682813 0.416667 0.675000 0.422917 0.660937 0.431250 0.653125 0.437500 0.632812 0.454167 0.625000 0.460417 0.620313 0.466667 0.603125 0.481250 0.575000 0.504167 0.573438 0.504167 0.565625 0.510417 0.553125 0.489583 0.551562 0.483333 0.548438 0.479167 0.545312 0.477083 0.510938 0.475000 0.501563 0.475000 0.498437 0.479167 0.496875 0.485417 0.496875 0.600000 0.498437 0.612500 0.500000 0.622917 0.503125 0.627083 0.507812 0.629167 0.535937 0.629167 0.551562 0.627083 0.553125 0.489583 0.565625 0.510417 0.564063 0.512500 0.562500 0.516667 0.562500 0.531250 0.568750 0.547917 0.573438 0.558333 0.578125 0.568750 0.582812 0.575000 0.584375 0.579167 0.589063 0.595833 0.590625 0.600000 0.598437 0.616667 0.598437 0.620833 0.604688 0.629167 0.609375 0.633333 0.620313 0.633333 0.623437 0.631250 0.634375 0.620833 0.653125 0.608333 0.659375 0.604167 0.664062 0.604167 0.664062 0.620833 0.660937 0.652083 0.657813 0.679167 0.656250 0.689583 0.654687 0.697917 0.653125 0.702083 0.650000 0.702083 0.645312 0.697917 0.639062 0.695833 0.634375 0.695833 0.631250 0.697917 0.625000 0.706250 0.626563 0.725000 0.626563 0.733333 0.621875 0.733333 0.609375 0.731250 0.589063 0.725000 0.578125 0.725000 0.550000 0.716667 0.531250 0.712500 0.510938 0.708333 0.490625 0.704167 0.446875 0.695833 0.437500 0.695833 0.434375 0.693750 0.432812 0.677083 0.429688 0.670833 0.431250 0.660417 0.432812 0.660417 0.435937 0.656250 0.442188 0.654167 0.446875 0.650000 0.456250 0.637500 0.459375 0.631250 0.460938 0.620833 0.460938 0.595833 0.464062 0.587500 0.464062 0.564583 0.456250 0.525000 0.454688 0.512500 0.453125 0.489583 0.451562 0.479167 0.446875 0.460417 0.442188 0.429167 0.439063 0.395833 0.434375 0.377083 0.432812 0.356250 0.431250 0.345833 0.429688 0.339583 0.423438 0.331250 0.423438 0.314583 0.426563 0.310417 0.435937 0.310417
23 0.770312 0.260417 0.764062 0.262500 0.759375 0.266667 0.751563 0.272917 0.743750 0.283333 0.742188 0.287500 0.742188 0.300000 0.745313 0.308333 0.748437 0.312500 0.751563 0.314583 0.768750 0.314583 0.773438 0.312500 0.782813 0.306250 0.790625 0.295833 0.792188 0.291667 0.793750 0.283333 0.792188 0.275000 0.790625 0.270833 0.785937 0.264583 0.782813 0.262500 0.779687 0.260417 0.770312 0.260417
23 0.559375 0.872917 0.553125 0.877083 0.550000 0.881250 0.548438 0.887500 0.548438 0.902083 0.550000 0.935417 0.551562 0.943750 0.553125 0.947917 0.554688 0.952083 0.559375 0.958333 0.562500 0.960417 0.575000 0.960417 0.579688 0.958333 0.584375 0.952083 0.585938 0.947917 0.587500 0.943750 0.587500 0.925000 0.585938 0.916667 0.582812 0.908333 0.582812 0.895833 0.579688 0.885417 0.576562 0.881250 0.576562 0.879167 0.575000 0.877083 0.571875 0.875000 0.568750 0.872917 0.559375 0.872917
23 0.632812 0.700000 0.629687 0.702083 0.626563 0.710417 0.626563 0.716667 0.628125 0.722917 0.631250 0.729167 0.632812 0.735417 0.632812 0.745833 0.643750 0.745833 0.650000 0.741667 0.657813 0.741667 0.662500 0.739583 0.671875 0.733333 0.675000 0.729167 0.673438 0.725000 0.668750 0.720833 0.650000 0.708333 0.643750 0.700000 0.632812 0.700000
22 0.189062 0.160417 0.185938 0.164583 0.167187 0.164583 0.164062 0.168750 0.162500 0.168750 0.160938 0.170833 0.159375 0.175000 0.159375 0.195833 0.160938 0.200000 0.162500 0.202083 0.165625 0.204167 0.173437 0.210417 0.181250 0.216667 0.192188 0.222917 0.200000 0.231250 0.210938 0.237500 0.220312 0.237500 0.223438 0.235417 0.226562 0.231250 0.228125 0.227083 0.229687 0.220833 0.228125 0.214583 0.226562 0.210417 0.225000 0.206250 0.214062 0.191667 0.210938 0.183333 0.201563 0.168750 0.195312 0.160417 0.189062 0.160417
22 0.812500 0.858333 0.809375 0.860417 0.804688 0.866667 0.803125 0.870833 0.803125 0.883333 0.806250 0.889583 0.809375 0.893750 0.839063 0.933333 0.850000 0.947917 0.853125 0.950000 0.865625 0.950000 0.868750 0.947917 0.870313 0.941667 0.873437 0.935417 0.875000 0.929167 0.875000 0.925000 0.873437 0.920833 0.871875 0.916667 0.865625 0.908333 0.854688 0.895833 0.843750 0.885417 0.828125 0.864583 0.821875 0.858333 0.812500 0.858333
20 0.362500 0.718750 0.359375 0.720833 0.353125 0.727083 0.351562 0.729167 0.337500 0.752083 0.329688 0.760417 0.307812 0.791667 0.285938 0.822917 0.265625 0.852083 0.245312 0.881250 0.226562 0.908333 0.212500 0.931250 0.195312 0.956250 0.184375 0.968750 0.171875 0.987500 0.168750 0.993750 0.168750 0.997917 0.351562 0.997917 0.357812 0.991667 0.379688 0.960417 0.382812 0.956250 0.404687 0.929167 0.412500 0.916667 0.417187 0.908333 0.420312 0.900000 0.428125 0.889583 0.432812 0.879167 0.440625 0.870833 0.442188 0.868750 0.448437 0.856250 0.456250 0.845833 0.457813 0.841667 0.457813 0.835417 0.456250 0.831250 0.450000 0.820833 0.448437 0.818750 0.439063 0.806250 0.437500 0.804167 0.404687 0.764583 0.373437 0.722917 0.370312 0.720833 0.367188 0.718750 0.362500 0.718750
16 0.412500 0.337500 0.404687 0.339583 0.398438 0.343750 0.373437 0.350000 0.360938 0.350000 0.340625 0.354167 0.331250 0.358333 0.331250 0.364583 0.332813 0.366667 0.335938 0.389583 0.335938 0.404167 0.339062 0.412500 0.339062 0.422917 0.343750 0.441667 0.343750 0.454167 0.346875 0.466667 0.346875 0.479167 0.351562 0.502083 0.351562 0.514583 0.354687 0.525000 0.354687 0.535417 0.359375 0.554167 0.360938 0.575000 0.365625 0.589583 0.365625 0.604167 0.367188 0.608333 0.370312 0.612500 0.375000 0.612500 0.381250 0.608333 0.387500 0.610417 0.387500 0.618750 0.384375 0.635417 0.389062 0.641667 0.393750 0.645833 0.396875 0.645833 0.400000 0.647917 0.401562 0.650000 0.403125 0.654167 0.406250 0.662500 0.404687 0.681250 0.404687 0.685417 0.409375 0.695833 0.412500 0.697917 0.423438 0.695833 0.428125 0.693750 0.431250 0.689583 0.431250 0.685417 0.429688 0.675000 0.428125 0.672917 0.428125 0.666667 0.429688 0.662500 0.431250 0.658333 0.432812 0.656250 0.435937 0.654167 0.439063 0.654167 0.442188 0.652083 0.446875 0.647917 0.454688 0.637500 0.456250 0.633333 0.457813 0.627083 0.459375 0.616667 0.457813 0.597917 0.460938 0.583333 0.462500 0.566667 0.462500 0.558333 0.460938 0.550000 0.456250 0.533333 0.454688 0.520833 0.454688 0.506250 0.453125 0.500000 0.450000 0.493750 0.448437 0.485417 0.446875 0.477083 0.446875 0.462500 0.442188 0.447917 0.440625 0.439583 0.439063 0.429167 0.439063 0.416667 0.435937 0.404167 0.435937 0.387500 0.431250 0.377083 0.429688 0.364583 0.429688 0.354167 0.428125 0.345833 0.425000 0.337500 0.412500 0.337500
2 0.500000 0.481250 0.498437 0.489583 0.498437 0.602083 0.500000 0.614583 0.501563 0.620833 0.503125 0.625000 0.507812 0.625000 0.509375 0.627083 0.514062 0.627083 0.551562 0.622917 0.551562 0.500000 0.548438 0.481250 0.528125 0.479167 0.504687 0.477083 0.500000 0.481250
19 0.796875 0.643750 0.792188 0.645833 0.787500 0.647917 0.779687 0.656250 0.768750 0.668750 0.765625 0.675000 0.764062 0.679167 0.762500 0.683333 0.760938 0.689583 0.760938 0.718750 0.762500 0.727083 0.764062 0.735417 0.768750 0.747917 0.771875 0.754167 0.784375 0.770833 0.793750 0.781250 0.803125 0.789583 0.812500 0.800000 0.828125 0.820833 0.832812 0.825000 0.837500 0.829167 0.840625 0.831250 0.845313 0.833333 0.850000 0.835417 0.857812 0.837500 0.884375 0.837500 0.898438 0.831250 0.901563 0.829167 0.904687 0.827083 0.910937 0.820833 0.925000 0.802083 0.928125 0.795833 0.928125 0.791667 0.931250 0.787500 0.932813 0.781250 0.934375 0.775000 0.934375 0.741667 0.932813 0.735417 0.931250 0.729167 0.928125 0.718750 0.925000 0.712500 0.921875 0.706250 0.912500 0.691667 0.907813 0.685417 0.903125 0.681250 0.900000 0.679167 0.896875 0.677083 0.893750 0.677083 0.890625 0.675000 0.887500 0.670833 0.884375 0.668750 0.881250 0.666667 0.876563 0.664583 0.871875 0.662500 0.865625 0.660417 0.859375 0.660417 0.843750 0.652083 0.837500 0.650000 0.831250 0.647917 0.812500 0.643750 0.796875 0.643750
21 0.643750 0.797917 0.639062 0.800000 0.635938 0.802083 0.631250 0.808333 0.629687 0.812500 0.628125 0.816667 0.628125 0.822917 0.626563 0.825000 0.626563 0.829167 0.628125 0.839583 0.629687 0.845833 0.635938 0.862500 0.640625 0.872917 0.648438 0.885417 0.654687 0.900000 0.659375 0.914583 0.662500 0.920833 0.665625 0.927083 0.671875 0.935417 0.671875 0.937500 0.676562 0.943750 0.679688 0.945833 0.685937 0.947917 0.695312 0.947917 0.698438 0.945833 0.701562 0.943750 0.709375 0.933333 0.710938 0.929167 0.712500 0.925000 0.712500 0.912500 0.710938 0.904167 0.706250 0.891667 0.700000 0.877083 0.689063 0.852083 0.678125 0.829167 0.673438 0.820833 0.659375 0.802083 0.656250 0.800000 0.650000 0.797917 0.643750 0.797917
21 0.243750 0.475000 0.239063 0.477083 0.235937 0.479167 0.231250 0.483333 0.223438 0.493750 0.220312 0.502083 0.215625 0.514583 0.206250 0.541667 0.203125 0.552083 0.201563 0.562500 0.196875 0.577083 0.189062 0.595833 0.185938 0.606250 0.184375 0.614583 0.184375 0.629167 0.185938 0.635417 0.189062 0.641667 0.195312 0.650000 0.198437 0.652083 0.201563 0.654167 0.207813 0.656250 0.215625 0.656250 0.220312 0.654167 0.229687 0.647917 0.235937 0.647917 0.239063 0.645833 0.246875 0.635417 0.251563 0.625000 0.254688 0.614583 0.267188 0.570833 0.271875 0.562500 0.273438 0.558333 0.282813 0.529167 0.284375 0.522917 0.285938 0.516667 0.285938 0.504167 0.284375 0.497917 0.282813 0.493750 0.275000 0.483333 0.271875 0.481250 0.268750 0.479167 0.264062 0.477083 0.257812 0.475000 0.243750 0.475000
