13 0.607812 0.687500 0.598437 0.689583 0.585938 0.697917 0.578125 0.706250 0.575000 0.710417 0.575000 0.712500 0.570312 0.718750 0.567187 0.729167 0.565625 0.735417 0.564063 0.745833 0.564063 0.758333 0.565625 0.768750 0.567187 0.775000 0.568750 0.779167 0.570312 0.783333 0.578125 0.797917 0.585938 0.806250 0.585938 0.808333 0.587500 0.810417 0.590625 0.812500 0.593750 0.814583 0.601562 0.818750 0.606250 0.820833 0.626563 0.820833 0.631250 0.818750 0.635938 0.816667 0.639062 0.814583 0.645312 0.808333 0.651563 0.800000 0.656250 0.791667 0.660937 0.779167 0.662500 0.772917 0.662500 0.737500 0.660937 0.731250 0.656250 0.718750 0.651563 0.710417 0.646875 0.704167 0.642188 0.700000 0.637500 0.695833 0.628125 0.689583 0.618750 0.687500 0.607812 0.687500
1 0.482812 0.606250 0.478125 0.608333 0.475000 0.610417 0.467187 0.616667 0.454688 0.627083 0.450000 0.631250 0.440625 0.641667 0.432812 0.645833 0.415625 0.660417 0.410938 0.664583 0.406250 0.670833 0.406250 0.677083 0.407813 0.681250 0.415625 0.691667 0.421875 0.695833 0.437500 0.704167 0.442188 0.708333 0.448437 0.716667 0.454688 0.731250 0.470313 0.758333 0.493750 0.789583 0.503125 0.804167 0.510938 0.820833 0.525000 0.841667 0.529687 0.850000 0.534375 0.862500 0.535937 0.868750 0.537500 0.877083 0.542188 0.879167 0.548438 0.881250 0.553125 0.879167 0.564063 0.868750 0.575000 0.856250 0.579688 0.852083 0.584375 0.850000 0.589063 0.845833 0.593750 0.839583 0.595313 0.839583 0.598437 0.835417 0.600000 0.831250 0.600000 0.825000 0.596875 0.820833 0.589063 0.816667 0.576562 0.800000 0.568750 0.785417 0.565625 0.779167 0.562500 0.768750 0.550000 0.745833 0.535937 0.722917 0.521875 0.695833 0.518750 0.689583 0.507812 0.668750 0.504687 0.662500 0.503125 0.656250 0.495312 0.643750 0.493750 0.637500 0.493750 0.627083 0.492188 0.616667 0.489063 0.610417 0.485938 0.606250 0.482812 0.606250
1 0.671875 0.452083 0.668750 0.456250 0.665625 0.456250 0.662500 0.460417 0.656250 0.470833 0.653125 0.472917 0.650000 0.475000 0.640625 0.475000 0.628125 0.481250 0.612500 0.481250 0.603125 0.483333 0.595313 0.485417 0.587500 0.487500 0.581250 0.493750 0.570312 0.497917 0.564063 0.500000 0.557813 0.502083 0.546875 0.504167 0.534375 0.504167 0.528125 0.502083 0.509375 0.491667 0.495312 0.491667 0.492188 0.493750 0.489063 0.495833 0.481250 0.506250 0.481250 0.510417 0.490625 0.522917 0.492188 0.529167 0.496875 0.543750 0.496875 0.558333 0.495312 0.566667 0.498437 0.579167 0.500000 0.589583 0.501563 0.608333 0.501563 0.627083 0.503125 0.645833 0.504687 0.650000 0.507812 0.654167 0.507812 0.656250 0.512500 0.658333 0.515625 0.656250 0.518750 0.652083 0.521875 0.647917 0.521875 0.643750 0.526563 0.635417 0.531250 0.629167 0.534375 0.629167 0.535937 0.631250 0.539062 0.631250 0.546875 0.620833 0.550000 0.618750 0.562500 0.612500 0.567187 0.610417 0.573438 0.608333 0.585938 0.608333 0.595313 0.606250 0.604688 0.600000 0.610938 0.597917 0.618750 0.597917 0.628125 0.591667 0.637500 0.591667 0.653125 0.585417 0.670312 0.581250 0.678125 0.579167 0.682813 0.585417 0.687500 0.587500 0.693750 0.587500 0.696875 0.585417 0.698438 0.575000 0.693750 0.547917 0.685937 0.518750 0.684375 0.510417 0.684375 0.491667 0.682813 0.475000 0.681250 0.464583 0.679688 0.456250 0.676562 0.452083 0.671875 0.452083
13 0.795312 0.281250 0.784375 0.287500 0.778125 0.289583 0.773438 0.289583 0.751563 0.287500 0.737500 0.293750 0.729688 0.297917 0.726562 0.300000 0.723437 0.302083 0.714063 0.312500 0.704688 0.325000 0.698438 0.339583 0.696875 0.343750 0.695312 0.347917 0.693750 0.356250 0.692187 0.364583 0.692187 0.397917 0.693750 0.408333 0.696875 0.418750 0.701562 0.429167 0.704688 0.435417 0.718750 0.454167 0.725000 0.460417 0.737500 0.468750 0.742188 0.470833 0.746875 0.472917 0.762500 0.475000 0.771875 0.475000 0.782813 0.472917 0.787500 0.470833 0.795312 0.466667 0.798438 0.464583 0.801562 0.462500 0.807813 0.454167 0.814063 0.450000 0.818750 0.443750 0.821875 0.435417 0.825000 0.429167 0.828125 0.425000 0.835938 0.416667 0.843750 0.410417 0.854688 0.395833 0.857812 0.389583 0.859375 0.385417 0.860938 0.381250 0.862500 0.375000 0.864062 0.364583 0.864062 0.345833 0.862500 0.333333 0.860938 0.325000 0.859375 0.320833 0.857812 0.316667 0.854688 0.310417 0.842187 0.293750 0.837500 0.289583 0.834375 0.287500 0.831250 0.285417 0.826562 0.285417 0.821875 0.281250 0.795312 0.281250
6 0.635938 0.204167 0.671875 0.218750 0.684375 0.220833 0.689063 0.225000 0.695312 0.227083 0.718750 0.233333 0.729688 0.239583 0.753125 0.245833 0.759375 0.247917 0.764062 0.252083 0.770312 0.254167 0.806250 0.266667 0.814063 0.266667 0.818750 0.270833 0.825000 0.272917 0.825000 0.279167 0.812500 0.279167 0.810937 0.277083 0.800000 0.277083 0.792188 0.279167 0.778125 0.285417 0.767188 0.285417 0.765625 0.283333 0.756250 0.283333 0.748437 0.285417 0.742188 0.287500 0.737500 0.289583 0.728125 0.295833 0.721875 0.300000 0.714063 0.308333 0.701562 0.325000 0.696875 0.335417 0.692187 0.350000 0.690625 0.358333 0.689063 0.370833 0.689063 0.389583 0.690625 0.402083 0.692187 0.410417 0.693750 0.416667 0.698438 0.429167 0.701562 0.435417 0.721875 0.462500 0.729688 0.468750 0.732812 0.470833 0.735938 0.472917 0.740625 0.475000 0.746875 0.477083 0.757812 0.477083 0.759375 0.479167 0.768750 0.479167 0.782813 0.477083 0.787500 0.475000 0.792188 0.472917 0.801562 0.466667 0.806250 0.462500 0.812500 0.456250 0.823438 0.441667 0.825000 0.435417 0.837500 0.418750 0.843750 0.414583 0.856250 0.397917 0.859375 0.391667 0.864062 0.379167 0.865625 0.372917 0.865625 0.335417 0.864062 0.329167 0.862500 0.322917 0.860938 0.318750 0.859375 0.314583 0.854688 0.306250 0.842187 0.289583 0.829688 0.281250 0.825000 0.279167 0.825000 0.272917 0.862500 0.285417 0.870313 0.287500 0.878125 0.287500 0.885938 0.289583 0.893750 0.293750 0.901563 0.293750 0.923438 0.302083 0.939063 0.304167 0.953125 0.308333 0.957812 0.310417 0.959375 0.320833 0.957812 0.331250 0.940625 0.414583 0.937500 0.429167 0.931250 0.450000 0.926562 0.470833 0.923438 0.493750 0.921875 0.502083 0.915625 0.520833 0.912500 0.533333 0.904687 0.581250 0.889062 0.647917 0.885938 0.662500 0.885938 0.670833 0.882812 0.677083 0.882812 0.683333 0.879687 0.689583 0.878125 0.695833 0.875000 0.716667 0.868750 0.735417 0.867188 0.747917 0.865625 0.754167 0.862500 0.760417 0.862500 0.764583 0.846875 0.766667 0.837500 0.764583 0.821875 0.758333 0.817187 0.754167 0.806250 0.752083 0.801562 0.750000 0.796875 0.745833 0.792188 0.743750 0.781250 0.739583 0.770312 0.735417 0.759375 0.733333 0.748437 0.729167 0.732812 0.720833 0.717187 0.714583 0.695312 0.708333 0.673438 0.700000 0.657813 0.691667 0.648438 0.687500 0.640625 0.687500 0.629687 0.683333 0.603125 0.670833 0.576562 0.660417 0.565625 0.658333 0.560937 0.656250 0.556250 0.654167 0.543750 0.643750 0.539062 0.643750 0.539062 0.635417 0.543750 0.627083 0.545312 0.625000 0.548438 0.622917 0.559375 0.620833 0.568750 0.614583 0.579688 0.610417 0.585938 0.608333 0.606250 0.602083 0.618750 0.602083 0.626563 0.595833 0.631250 0.593750 0.646875 0.587500 0.659375 0.585417 0.675000 0.583333 0.678125 0.583333 0.681250 0.585417 0.684375 0.589583 0.687500 0.591667 0.690625 0.591667 0.692187 0.589583 0.696875 0.589583 0.700000 0.587500 0.701562 0.581250 0.700000 0.579167 0.698438 0.562500 0.693750 0.535417 0.689063 0.518750 0.687500 0.508333 0.685937 0.495833 0.685937 0.477083 0.684375 0.464583 0.682813 0.458333 0.681250 0.452083 0.671875 0.450000 0.668750 0.452083 0.665625 0.454167 0.662500 0.458333 0.657813 0.460417 0.656250 0.464583 0.653125 0.468750 0.643750 0.472917 0.634375 0.475000 0.625000 0.477083 0.614062 0.479167 0.600000 0.481250 0.595313 0.481250 0.596875 0.468750 0.603125 0.458333 0.607812 0.443750 0.609375 0.435417 0.610938 0.422917 0.610938 0.418750 0.609375 0.404167 0.607812 0.395833 0.606250 0.389583 0.600000 0.372917 0.592187 0.360417 0.592187 0.350000 0.596875 0.335417 0.596875 0.327083 0.600000 0.318750 0.601562 0.310417 0.603125 0.291667 0.606250 0.283333 0.606250 0.275000 0.607812 0.268750 0.610938 0.262500 0.612500 0.254167 0.614062 0.239583 0.618750 0.218750 0.621875 0.208333 0.625000 0.204167 0.635938 0.204167
1 0.489063 0.033333 0.482812 0.037500 0.481250 0.041667 0.473438 0.062500 0.473438 0.070833 0.471875 0.077083 0.470313 0.083333 0.460938 0.108333 0.454688 0.118750 0.450000 0.131250 0.435937 0.166667 0.425000 0.195833 0.420312 0.216667 0.418750 0.220833 0.417187 0.225000 0.412500 0.235417 0.409375 0.241667 0.404687 0.247917 0.401562 0.254167 0.398438 0.260417 0.398438 0.264583 0.389062 0.285417 0.375000 0.304167 0.371875 0.310417 0.370312 0.314583 0.367188 0.325000 0.368750 0.331250 0.371875 0.333333 0.382812 0.337500 0.393750 0.345833 0.401562 0.350000 0.406250 0.352083 0.410938 0.354167 0.421875 0.358333 0.428125 0.360417 0.440625 0.360417 0.443750 0.356250 0.443750 0.335417 0.445312 0.329167 0.448437 0.318750 0.453125 0.304167 0.454688 0.300000 0.462500 0.281250 0.470313 0.266667 0.471875 0.262500 0.471875 0.258333 0.475000 0.254167 0.475000 0.250000 0.476562 0.245833 0.482812 0.233333 0.485938 0.220833 0.487500 0.216667 0.495312 0.202083 0.500000 0.189583 0.501563 0.185417 0.506250 0.168750 0.510938 0.156250 0.514062 0.152083 0.520312 0.131250 0.525000 0.125000 0.537500 0.122917 0.540625 0.120833 0.545312 0.116667 0.550000 0.110417 0.554688 0.100000 0.559375 0.087500 0.559375 0.083333 0.556250 0.079167 0.551562 0.075000 0.542188 0.066667 0.523438 0.050000 0.509375 0.039583 0.506250 0.037500 0.501563 0.035417 0.495312 0.035417 0.493750 0.033333 0.489063 0.033333
6 0.364063 0.162500 0.368750 0.168750 0.376563 0.185417 0.385937 0.210417 0.392188 0.225000 0.398438 0.235417 0.398438 0.239583 0.401562 0.245833 0.396875 0.258333 0.390625 0.268750 0.385937 0.283333 0.373437 0.300000 0.370312 0.306250 0.370312 0.310417 0.367188 0.314583 0.365625 0.318750 0.364063 0.325000 0.364063 0.329167 0.368750 0.335417 0.371875 0.337500 0.382812 0.341667 0.393750 0.350000 0.406250 0.356250 0.410938 0.358333 0.421875 0.362500 0.429688 0.364583 0.439063 0.364583 0.442188 0.362500 0.446875 0.356250 0.450000 0.356250 0.453125 0.360417 0.453125 0.362500 0.457813 0.368750 0.462500 0.379167 0.465625 0.389583 0.470313 0.400000 0.479687 0.416667 0.484375 0.427083 0.489063 0.437500 0.495312 0.452083 0.500000 0.464583 0.498437 0.477083 0.493750 0.479167 0.490625 0.483333 0.481250 0.489583 0.468750 0.489583 0.454688 0.485417 0.442188 0.485417 0.431250 0.487500 0.425000 0.489583 0.420312 0.491667 0.415625 0.493750 0.412500 0.495833 0.404687 0.502083 0.400000 0.506250 0.393750 0.512500 0.384375 0.525000 0.378125 0.535417 0.375000 0.541667 0.370312 0.552083 0.368750 0.558333 0.364063 0.577083 0.362500 0.585417 0.360938 0.585417 0.357812 0.589583 0.343750 0.597917 0.328125 0.612500 0.309375 0.625000 0.290625 0.641667 0.271875 0.656250 0.268750 0.658333 0.265625 0.660417 0.257812 0.660417 0.254688 0.656250 0.251563 0.650000 0.248438 0.643750 0.242188 0.629167 0.237500 0.614583 0.231250 0.600000 0.225000 0.589583 0.218750 0.575000 0.212500 0.560417 0.201563 0.531250 0.215625 0.522917 0.220312 0.533333 0.231250 0.547917 0.246875 0.562500 0.251563 0.566667 0.256250 0.570833 0.268750 0.579167 0.275000 0.581250 0.287500 0.583333 0.292187 0.583333 0.303125 0.581250 0.307812 0.579167 0.312500 0.577083 0.325000 0.568750 0.332813 0.560417 0.334375 0.558333 0.342187 0.545833 0.345313 0.539583 0.346875 0.535417 0.351562 0.516667 0.351562 0.504167 0.353125 0.502083 0.353125 0.491667 0.351562 0.489583 0.351562 0.477083 0.350000 0.470833 0.348438 0.464583 0.346875 0.460417 0.345313 0.456250 0.342187 0.450000 0.325000 0.427083 0.317188 0.420833 0.309375 0.416667 0.304688 0.414583 0.298438 0.412500 0.279687 0.412500 0.273438 0.414583 0.268750 0.416667 0.260937 0.420833 0.251563 0.431250 0.245312 0.435417 0.239063 0.437500 0.235937 0.439583 0.229687 0.447917 0.228125 0.447917 0.223438 0.454167 0.218750 0.462500 0.217188 0.466667 0.215625 0.470833 0.214062 0.477083 0.212500 0.483333 0.212500 0.510417 0.214062 0.516667 0.215625 0.522917 0.201563 0.531250 0.196875 0.520833 0.192188 0.510417 0.178125 0.483333 0.167187 0.458333 0.167187 0.454167 0.162500 0.447917 0.148438 0.418750 0.132812 0.381250 0.128125 0.370833 0.123438 0.364583 0.121875 0.360417 0.120313 0.356250 0.120313 0.350000 0.126562 0.341667 0.131250 0.337500 0.143750 0.327083 0.146875 0.327083 0.173437 0.308333 0.193750 0.293750 0.210938 0.281250 0.235937 0.262500 0.250000 0.252083 0.257812 0.243750 0.276562 0.231250 0.284375 0.225000 0.292187 0.216667 0.300000 0.210417 0.307812 0.206250 0.318750 0.197917 0.323437 0.191667 0.331250 0.185417 0.354687 0.166667 0.357812 0.164583 0.360938 0.162500 0.364063 0.162500
6 0.898438 0.845833 0.900000 0.881250 0.900000 0.850000 0.898438 0.845833
6 0.860938 0.831250 0.859375 0.837500 0.864062 0.845833 0.864062 0.837500 0.862500 0.835417 0.860938 0.831250
6 0.864062 0.772917 0.857812 0.777083 0.851562 0.777083 0.856250 0.777083 0.860938 0.783333 0.865625 0.779167 0.864062 0.772917
6 0.890625 0.733333 0.892188 0.770833 0.892188 0.739583 0.890625 0.737500 0.890625 0.733333
6 0.879687 0.729167 0.878125 0.729167 0.881250 0.733333 0.885938 0.729167 0.882812 0.727083 0.879687 0.729167
6 0.440625 0.729167 0.437500 0.735417 0.439063 0.741667 0.451562 0.752083 0.454688 0.752083 0.462500 0.758333 0.467187 0.762500 0.465625 0.756250 0.464062 0.752083 0.459375 0.743750 0.451562 0.733333 0.450000 0.727083 0.446875 0.722917 0.440625 0.729167
6 0.881250 0.706250 0.879687 0.716667 0.882812 0.718750 0.884375 0.722917 0.887500 0.714583 0.887500 0.706250 0.881250 0.706250
6 0.642188 0.691667 0.639062 0.693750 0.642188 0.695833 0.646875 0.700000 0.654687 0.710417 0.659375 0.720833 0.664062 0.733333 0.665625 0.739583 0.665625 0.770833 0.664062 0.777083 0.662500 0.783333 0.660937 0.787500 0.659375 0.791667 0.654687 0.800000 0.646875 0.810417 0.640625 0.816667 0.637500 0.818750 0.634375 0.820833 0.628125 0.822917 0.621875 0.825000 0.604688 0.827083 0.603125 0.833333 0.593750 0.843750 0.589063 0.850000 0.589063 0.854167 0.593750 0.860417 0.598437 0.864583 0.609375 0.872917 0.623437 0.881250 0.628125 0.885417 0.632812 0.891667 0.637500 0.895833 0.640625 0.895833 0.651563 0.904167 0.654687 0.908333 0.665625 0.916667 0.668750 0.916667 0.673438 0.920833 0.678125 0.927083 0.682813 0.931250 0.685937 0.933333 0.689063 0.935417 0.692187 0.935417 0.695312 0.937500 0.703125 0.945833 0.710938 0.952083 0.714063 0.952083 0.717187 0.956250 0.720313 0.958333 0.723437 0.958333 0.726562 0.954167 0.731250 0.943750 0.740625 0.920833 0.742188 0.916667 0.743750 0.908333 0.750000 0.895833 0.751563 0.885417 0.756250 0.870833 0.757812 0.866667 0.760938 0.860417 0.765625 0.856250 0.764062 0.850000 0.765625 0.845833 0.767188 0.841667 0.771875 0.833333 0.771875 0.827083 0.779687 0.814583 0.781250 0.802083 0.782813 0.797917 0.785937 0.793750 0.787500 0.789583 0.787500 0.785417 0.789062 0.781250 0.792188 0.777083 0.795312 0.772917 0.798438 0.760417 0.796875 0.750000 0.792188 0.747917 0.787500 0.745833 0.776563 0.741667 0.765625 0.739583 0.754687 0.735417 0.739062 0.727083 0.728125 0.725000 0.717187 0.718750 0.700000 0.714583 0.684375 0.706250 0.678125 0.706250 0.667188 0.702083 0.656250 0.695833 0.650000 0.693750 0.642188 0.691667
6 0.528125 0.647917 0.525000 0.652083 0.521875 0.662500 0.515625 0.670833 0.515625 0.677083 0.518750 0.683333 0.523438 0.689583 0.525000 0.695833 0.529687 0.702083 0.540625 0.727083 0.545312 0.731250 0.548438 0.739583 0.553125 0.747917 0.559375 0.756250 0.562500 0.747917 0.562500 0.737500 0.564063 0.731250 0.565625 0.725000 0.567187 0.720833 0.570312 0.714583 0.584375 0.695833 0.590625 0.691667 0.595313 0.687500 0.607812 0.685417 0.612500 0.683333 0.609375 0.679167 0.606250 0.677083 0.600000 0.675000 0.575000 0.664583 0.564063 0.662500 0.559375 0.660417 0.554688 0.658333 0.546875 0.652083 0.540625 0.650000 0.534375 0.647917 0.528125 0.647917
14 0.445312 0.489583 0.431250 0.491667 0.425000 0.493750 0.420312 0.495833 0.407813 0.504167 0.400000 0.510417 0.393750 0.518750 0.392188 0.518750 0.387500 0.525000 0.387500 0.527083 0.381250 0.535417 0.373437 0.552083 0.370312 0.562500 0.368750 0.568750 0.367188 0.579167 0.367188 0.620833 0.368750 0.631250 0.370312 0.637500 0.371875 0.643750 0.373437 0.647917 0.375000 0.652083 0.379688 0.662500 0.382812 0.668750 0.387500 0.675000 0.387500 0.677083 0.390625 0.681250 0.398438 0.689583 0.404687 0.693750 0.410938 0.704167 0.407813 0.710417 0.403125 0.731250 0.401562 0.741667 0.401562 0.754167 0.403125 0.758333 0.404687 0.760417 0.407813 0.762500 0.412500 0.762500 0.415625 0.760417 0.418750 0.756250 0.420312 0.752083 0.426563 0.731250 0.426563 0.725000 0.428125 0.718750 0.429688 0.714583 0.432812 0.710417 0.435937 0.710417 0.432812 0.706250 0.425000 0.700000 0.414062 0.693750 0.407813 0.685417 0.404687 0.679167 0.403125 0.672917 0.404687 0.668750 0.406250 0.666667 0.412500 0.660417 0.420312 0.656250 0.437500 0.641667 0.471875 0.610417 0.475000 0.608333 0.478125 0.606250 0.482812 0.604167 0.485938 0.604167 0.489063 0.606250 0.490625 0.608333 0.492188 0.612500 0.495312 0.620833 0.495312 0.631250 0.496875 0.641667 0.501563 0.654167 0.504687 0.660417 0.507812 0.666667 0.510938 0.670833 0.514062 0.670833 0.518750 0.662500 0.523438 0.654167 0.523438 0.650000 0.518750 0.650000 0.515625 0.654167 0.514062 0.658333 0.509375 0.656250 0.504687 0.650000 0.503125 0.643750 0.501563 0.637500 0.500000 0.622917 0.500000 0.608333 0.498437 0.593750 0.495312 0.585417 0.495312 0.577083 0.492188 0.568750 0.493750 0.554167 0.493750 0.543750 0.489063 0.529167 0.487500 0.522917 0.482812 0.514583 0.479687 0.512500 0.478125 0.495833 0.473438 0.493750 0.467187 0.491667 0.448437 0.489583 0.445312 0.489583
13 0.537500 0.341667 0.531250 0.343750 0.526563 0.345833 0.517188 0.352083 0.512500 0.356250 0.501563 0.370833 0.496875 0.379167 0.492188 0.391667 0.490625 0.397917 0.489063 0.406250 0.489063 0.431250 0.492188 0.439583 0.496875 0.452083 0.506250 0.475000 0.514062 0.485417 0.526563 0.493750 0.532813 0.495833 0.556250 0.495833 0.565625 0.493750 0.570312 0.491667 0.575000 0.489583 0.582812 0.483333 0.595313 0.466667 0.598437 0.460417 0.604688 0.443750 0.606250 0.435417 0.606250 0.402083 0.604688 0.395833 0.603125 0.389583 0.598437 0.377083 0.595313 0.370833 0.584375 0.356250 0.578125 0.350000 0.567187 0.343750 0.560937 0.341667 0.537500 0.341667
13 0.278125 0.416667 0.268750 0.420833 0.264062 0.422917 0.259375 0.427083 0.254688 0.433333 0.251563 0.435417 0.248438 0.437500 0.242188 0.439583 0.235937 0.443750 0.231250 0.447917 0.223438 0.458333 0.220312 0.464583 0.215625 0.477083 0.214062 0.485417 0.214062 0.506250 0.215625 0.514583 0.217188 0.520833 0.218750 0.525000 0.221875 0.531250 0.225000 0.537500 0.228125 0.541667 0.229687 0.541667 0.234375 0.547917 0.242188 0.552083 0.246875 0.558333 0.250000 0.558333 0.253125 0.562500 0.253125 0.564583 0.254688 0.566667 0.257812 0.568750 0.264062 0.572917 0.271875 0.577083 0.278125 0.579167 0.298438 0.579167 0.306250 0.577083 0.310937 0.575000 0.323437 0.566667 0.332813 0.556250 0.334375 0.554167 0.340625 0.543750 0.346875 0.527083 0.348438 0.520833 0.350000 0.512500 0.350000 0.481250 0.348438 0.472917 0.345313 0.462500 0.337500 0.445833 0.328125 0.433333 0.323437 0.429167 0.314063 0.422917 0.306250 0.418750 0.300000 0.416667 0.278125 0.416667
