23 0.837500 0.204167 0.832812 0.206250 0.829688 0.208333 0.820312 0.218750 0.810937 0.225000 0.806250 0.229167 0.801562 0.233333 0.798438 0.237500 0.795312 0.243750 0.793750 0.247917 0.793750 0.260417 0.803125 0.272917 0.812500 0.272917 0.820312 0.268750 0.832812 0.262500 0.842187 0.256250 0.848437 0.250000 0.856250 0.239583 0.857812 0.235417 0.859375 0.229167 0.859375 0.225000 0.857812 0.218750 0.856250 0.214583 0.851562 0.208333 0.848437 0.206250 0.843750 0.204167 0.837500 0.204167
2 0.635938 0.443750 0.632812 0.445833 0.631250 0.456250 0.626563 0.479167 0.621875 0.493750 0.623437 0.502083 0.629687 0.504167 0.632812 0.508333 0.637500 0.510417 0.648438 0.514583 0.659375 0.516667 0.670312 0.520833 0.706250 0.535417 0.710938 0.537500 0.720313 0.543750 0.725000 0.545833 0.734375 0.547917 0.739062 0.547917 0.740625 0.543750 0.743750 0.531250 0.745313 0.518750 0.746875 0.512500 0.750000 0.506250 0.751563 0.500000 0.751563 0.487500 0.746875 0.485417 0.729688 0.479167 0.700000 0.462500 0.690625 0.458333 0.676562 0.452083 0.656250 0.443750 0.635938 0.443750
19 0.464062 0.495833 0.457813 0.497917 0.453125 0.502083 0.446875 0.502083 0.443750 0.504167 0.440625 0.506250 0.429688 0.518750 0.428125 0.518750 0.425000 0.522917 0.425000 0.525000 0.420312 0.531250 0.417187 0.537500 0.415625 0.541667 0.414062 0.545833 0.412500 0.552083 0.410938 0.560417 0.410938 0.589583 0.412500 0.597917 0.414062 0.604167 0.418750 0.614583 0.418750 0.620833 0.423438 0.629167 0.429688 0.637500 0.435937 0.643750 0.440625 0.647917 0.443750 0.650000 0.446875 0.652083 0.451562 0.654167 0.459375 0.656250 0.476562 0.656250 0.484375 0.654167 0.495312 0.647917 0.500000 0.643750 0.517188 0.620833 0.525000 0.608333 0.526563 0.600000 0.528125 0.587500 0.528125 0.564583 0.523438 0.547917 0.518750 0.535417 0.515625 0.529167 0.504687 0.512500 0.501563 0.508333 0.492188 0.502083 0.476562 0.495833 0.464062 0.495833
16 0.673438 0.600000 0.665625 0.604167 0.662500 0.606250 0.657813 0.610417 0.653125 0.618750 0.651563 0.620833 0.632812 0.643750 0.625000 0.652083 0.618750 0.656250 0.614062 0.662500 0.612500 0.662500 0.609375 0.666667 0.607812 0.670833 0.606250 0.675000 0.606250 0.685417 0.607812 0.691667 0.610938 0.697917 0.615625 0.706250 0.621875 0.714583 0.625000 0.720833 0.625000 0.725000 0.631250 0.735417 0.646875 0.756250 0.659375 0.768750 0.662500 0.772917 0.676562 0.793750 0.682813 0.804167 0.693750 0.825000 0.701562 0.835417 0.704688 0.843750 0.710938 0.854167 0.731250 0.881250 0.734375 0.883333 0.742188 0.883333 0.743750 0.881250 0.750000 0.881250 0.754687 0.885417 0.756250 0.879167 0.759375 0.875000 0.759375 0.870833 0.760938 0.866667 0.767188 0.858333 0.775000 0.852083 0.785937 0.837500 0.792188 0.825000 0.793750 0.822917 0.803125 0.812500 0.807813 0.804167 0.807813 0.791667 0.806250 0.787500 0.796875 0.772917 0.778125 0.747917 0.771875 0.735417 0.757812 0.716667 0.751563 0.704167 0.740625 0.687500 0.712500 0.650000 0.696875 0.625000 0.679688 0.602083 0.676562 0.600000 0.673438 0.600000
23 0.239063 0.737500 0.234375 0.739583 0.229687 0.741667 0.226562 0.743750 0.223438 0.745833 0.215625 0.754167 0.207813 0.756250 0.204687 0.758333 0.200000 0.764583 0.198437 0.768750 0.196875 0.777083 0.196875 0.783333 0.198437 0.789583 0.206250 0.800000 0.210938 0.802083 0.218750 0.802083 0.223438 0.800000 0.226562 0.797917 0.237500 0.783333 0.250000 0.775000 0.254688 0.770833 0.259375 0.764583 0.260937 0.760417 0.260937 0.745833 0.254688 0.737500 0.251563 0.735417 0.239063 0.737500
6 0.859375 0.091667 0.859375 0.100000 0.860938 0.102083 0.860938 0.183333 0.862500 0.225000 0.860938 0.227083 0.860938 0.220833 0.859375 0.214583 0.853125 0.206250 0.845313 0.202083 0.837500 0.202083 0.832812 0.204167 0.829688 0.206250 0.826562 0.208333 0.821875 0.214583 0.809375 0.222917 0.804688 0.229167 0.800000 0.231250 0.796875 0.235417 0.795312 0.241667 0.792188 0.243750 0.792188 0.260417 0.793750 0.264583 0.798438 0.270833 0.801562 0.275000 0.807813 0.275000 0.815625 0.272917 0.820312 0.270833 0.825000 0.268750 0.828125 0.264583 0.831250 0.264583 0.834375 0.260417 0.843750 0.254167 0.846875 0.254167 0.850000 0.252083 0.851562 0.250000 0.857812 0.239583 0.859375 0.235417 0.860938 0.227083 0.862500 0.225000 0.865625 0.229167 0.865625 0.239583 0.865625 0.260417 0.867188 0.275000 0.870313 0.302083 0.875000 0.325000 0.879687 0.364583 0.879687 0.383333 0.876563 0.383333 0.871875 0.381250 0.868750 0.379167 0.862500 0.372917 0.853125 0.364583 0.845313 0.354167 0.834375 0.345833 0.829688 0.341667 0.826562 0.337500 0.826562 0.335417 0.818750 0.331250 0.809375 0.320833 0.792188 0.308333 0.787500 0.304167 0.776563 0.289583 0.768750 0.283333 0.765625 0.281250 0.762500 0.279167 0.757812 0.277083 0.750000 0.277083 0.739062 0.270833 0.731250 0.268750 0.714063 0.268750 0.707812 0.270833 0.704688 0.272917 0.696875 0.281250 0.689063 0.291667 0.684375 0.289583 0.679688 0.281250 0.673438 0.275000 0.668750 0.275000 0.653125 0.295833 0.653125 0.304167 0.657813 0.310417 0.662500 0.314583 0.667188 0.316667 0.671875 0.320833 0.676562 0.327083 0.678125 0.327083 0.681250 0.331250 0.682813 0.337500 0.682813 0.343750 0.684375 0.347917 0.685937 0.352083 0.689063 0.358333 0.698438 0.370833 0.700000 0.375000 0.700000 0.393750 0.703125 0.397917 0.704688 0.397917 0.709375 0.404167 0.715625 0.408333 0.723437 0.420833 0.720313 0.422917 0.714063 0.425000 0.706250 0.427083 0.679688 0.433333 0.664062 0.437500 0.640625 0.437500 0.634375 0.439583 0.628125 0.445833 0.623437 0.447917 0.615625 0.450000 0.581250 0.456250 0.564063 0.460417 0.554688 0.464583 0.548438 0.466667 0.543750 0.462500 0.542188 0.456250 0.540625 0.447917 0.539062 0.435417 0.532813 0.362500 0.529687 0.347917 0.528125 0.333333 0.523438 0.287500 0.518750 0.243750 0.517188 0.212500 0.512500 0.183333 0.512500 0.166667 0.514062 0.162500 0.515625 0.158333 0.518750 0.154167 0.523438 0.152083 0.540625 0.152083 0.554688 0.150000 0.575000 0.143750 0.589063 0.143750 0.604688 0.137500 0.625000 0.133333 0.657813 0.127083 0.681250 0.122917 0.707812 0.120833 0.720313 0.118750 0.731250 0.116667 0.756250 0.108333 0.765625 0.106250 0.775000 0.106250 0.784375 0.102083 0.796875 0.100000 0.820312 0.097917 0.832812 0.095833 0.843750 0.091667 0.859375 0.091667
16 0.712500 0.272917 0.707812 0.275000 0.704688 0.277083 0.692187 0.291667 0.689063 0.293750 0.685937 0.291667 0.681250 0.287500 0.679688 0.283333 0.675000 0.279167 0.670312 0.277083 0.667188 0.279167 0.657813 0.291667 0.654687 0.297917 0.654687 0.302083 0.659375 0.308333 0.675000 0.320833 0.679688 0.325000 0.682813 0.329167 0.684375 0.333333 0.684375 0.339583 0.687500 0.350000 0.690625 0.356250 0.703125 0.372917 0.703125 0.393750 0.707812 0.397917 0.714063 0.402083 0.725000 0.414583 0.735938 0.420833 0.740625 0.425000 0.751563 0.435417 0.757812 0.441667 0.765625 0.452083 0.773438 0.460417 0.778125 0.464583 0.782813 0.466667 0.787500 0.472917 0.792188 0.475000 0.800000 0.485417 0.804688 0.487500 0.812500 0.495833 0.818750 0.502083 0.826562 0.512500 0.840625 0.527083 0.848437 0.535417 0.851562 0.537500 0.864062 0.537500 0.868750 0.531250 0.871875 0.522917 0.885938 0.504167 0.893750 0.491667 0.904687 0.472917 0.910937 0.462500 0.912500 0.456250 0.920312 0.445833 0.923438 0.439583 0.923438 0.433333 0.920312 0.429167 0.912500 0.420833 0.907813 0.416667 0.903125 0.412500 0.898438 0.410417 0.893750 0.406250 0.887500 0.400000 0.881250 0.391667 0.875000 0.385417 0.871875 0.385417 0.867188 0.381250 0.862500 0.377083 0.851562 0.366667 0.845313 0.358333 0.829688 0.345833 0.814063 0.329167 0.809375 0.325000 0.796875 0.316667 0.792188 0.312500 0.787500 0.308333 0.781250 0.302083 0.773438 0.291667 0.768750 0.289583 0.764062 0.283333 0.759375 0.281250 0.750000 0.281250 0.745313 0.279167 0.740625 0.275000 0.734375 0.272917 0.712500 0.272917
20 0.407813 0.035417 0.404687 0.037500 0.398438 0.045833 0.395313 0.054167 0.385937 0.079167 0.381250 0.095833 0.367188 0.129167 0.362500 0.141667 0.354687 0.162500 0.339062 0.206250 0.335938 0.220833 0.331250 0.233333 0.328125 0.241667 0.320312 0.258333 0.318750 0.262500 0.317188 0.266667 0.317188 0.270833 0.315625 0.275000 0.310937 0.283333 0.309375 0.287500 0.306250 0.297917 0.304688 0.308333 0.300000 0.320833 0.289062 0.347917 0.284375 0.362500 0.282813 0.368750 0.282813 0.379167 0.284375 0.383333 0.285938 0.385417 0.290625 0.387500 0.293750 0.391667 0.323437 0.410417 0.340625 0.425000 0.343750 0.425000 0.346875 0.429167 0.359375 0.435417 0.371875 0.445833 0.379688 0.450000 0.384375 0.452083 0.389062 0.454167 0.400000 0.454167 0.406250 0.445833 0.407813 0.441667 0.407813 0.437500 0.410938 0.433333 0.410938 0.429167 0.412500 0.425000 0.415625 0.420833 0.417187 0.416667 0.418750 0.412500 0.429688 0.377083 0.432812 0.368750 0.437500 0.360417 0.439063 0.356250 0.446875 0.333333 0.446875 0.327083 0.450000 0.318750 0.454688 0.310417 0.454688 0.306250 0.470313 0.270833 0.476562 0.254167 0.482812 0.231250 0.490625 0.210417 0.501563 0.189583 0.507812 0.172917 0.509375 0.162500 0.520312 0.135417 0.521875 0.129167 0.521875 0.118750 0.518750 0.110417 0.515625 0.106250 0.514062 0.106250 0.509375 0.100000 0.493750 0.089583 0.490625 0.089583 0.487500 0.087500 0.473438 0.077083 0.465625 0.068750 0.462500 0.066667 0.426563 0.045833 0.420312 0.039583 0.417187 0.037500 0.412500 0.037500 0.410938 0.035417 0.407813 0.035417
21 0.217188 0.845833 0.210938 0.847917 0.206250 0.850000 0.203125 0.852083 0.193750 0.864583 0.187500 0.868750 0.181250 0.875000 0.175000 0.883333 0.173437 0.887500 0.171875 0.893750 0.171875 0.912500 0.173437 0.918750 0.176563 0.927083 0.179688 0.931250 0.182812 0.933333 0.185938 0.935417 0.190625 0.937500 0.200000 0.939583 0.260937 0.939583 0.287500 0.939583 0.295312 0.937500 0.298438 0.935417 0.301563 0.933333 0.306250 0.929167 0.315625 0.916667 0.317188 0.910417 0.321875 0.904167 0.325000 0.897917 0.326562 0.893750 0.328125 0.887500 0.329688 0.877083 0.328125 0.868750 0.326562 0.864583 0.325000 0.860417 0.321875 0.854167 0.317188 0.850000 0.314063 0.847917 0.306250 0.845833 0.217188 0.845833
6 0.728125 0.422917 0.720313 0.425000 0.695312 0.431250 0.679688 0.435417 0.671875 0.437500 0.670312 0.439583 0.667188 0.439583 0.671875 0.447917 0.676562 0.450000 0.681250 0.450000 0.685937 0.454167 0.690625 0.456250 0.695312 0.456250 0.700000 0.458333 0.707812 0.464583 0.725000 0.472917 0.743750 0.479167 0.751563 0.483333 0.754687 0.487500 0.754687 0.497917 0.751563 0.510417 0.743750 0.543750 0.742188 0.547917 0.739062 0.552083 0.731250 0.552083 0.720313 0.547917 0.692187 0.533333 0.676562 0.527083 0.656250 0.518750 0.650000 0.518750 0.634375 0.512500 0.625000 0.506250 0.621875 0.504167 0.620313 0.489583 0.621875 0.481250 0.625000 0.472917 0.626563 0.464583 0.628125 0.454167 0.626563 0.450000 0.623437 0.450000 0.614062 0.452083 0.595313 0.456250 0.568750 0.462500 0.559375 0.464583 0.553125 0.466667 0.550000 0.468750 0.548438 0.470833 0.546875 0.475000 0.548438 0.489583 0.551562 0.518750 0.553125 0.531250 0.557813 0.554167 0.559375 0.577083 0.564063 0.600000 0.565625 0.622917 0.570312 0.654167 0.590625 0.791667 0.593750 0.802083 0.595313 0.812500 0.596875 0.835417 0.603125 0.877083 0.604688 0.885417 0.606250 0.889583 0.614062 0.891667 0.621875 0.889583 0.646875 0.881250 0.656250 0.879167 0.665625 0.879167 0.690625 0.872917 0.698438 0.868750 0.706250 0.868750 0.707812 0.866667 0.710938 0.866667 0.710938 0.860417 0.709375 0.856250 0.703125 0.847917 0.700000 0.839583 0.695312 0.831250 0.682813 0.812500 0.679688 0.804167 0.667188 0.785417 0.653125 0.768750 0.651563 0.766667 0.648438 0.760417 0.628125 0.735417 0.621875 0.725000 0.617188 0.712500 0.614062 0.706250 0.609375 0.700000 0.604688 0.691667 0.604688 0.685417 0.603125 0.683333 0.603125 0.679167 0.604688 0.677083 0.604688 0.670833 0.606250 0.666667 0.612500 0.658333 0.618750 0.652083 0.625000 0.647917 0.637500 0.633333 0.659375 0.604167 0.671875 0.595833 0.679688 0.595833 0.693750 0.614583 0.695312 0.616667 0.706250 0.635417 0.721875 0.658333 0.745313 0.689583 0.756250 0.706250 0.764062 0.720833 0.775000 0.737500 0.781250 0.743750 0.782813 0.745833 0.784375 0.752083 0.801562 0.775000 0.809375 0.787500 0.810937 0.791667 0.810937 0.804167 0.809375 0.808333 0.803125 0.818750 0.792188 0.833333 0.787500 0.841667 0.789062 0.847917 0.795312 0.847917 0.812500 0.845833 0.837500 0.839583 0.850000 0.837500 0.864062 0.837500 0.878125 0.835417 0.901563 0.829167 0.915625 0.829167 0.929688 0.827083 0.940625 0.825000 0.946875 0.822917 0.950000 0.818750 0.950000 0.810417 0.948438 0.808333 0.948438 0.797917 0.945312 0.779167 0.940625 0.760417 0.931250 0.704167 0.929688 0.693750 0.926562 0.660417 0.925000 0.650000 0.923438 0.639583 0.918750 0.620833 0.906250 0.535417 0.903125 0.527083 0.903125 0.518750 0.901563 0.510417 0.900000 0.504167 0.895312 0.495833 0.881250 0.514583 0.871875 0.529167 0.871875 0.531250 0.864062 0.541667 0.854688 0.541667 0.851562 0.539583 0.848437 0.537500 0.843750 0.533333 0.835938 0.525000 0.828125 0.514583 0.814063 0.502083 0.806250 0.491667 0.793750 0.481250 0.785937 0.470833 0.776563 0.462500 0.767188 0.456250 0.754687 0.441667 0.743750 0.431250 0.739062 0.427083 0.735938 0.425000 0.731250 0.422917 0.728125 0.422917
21 0.257812 0.158333 0.246875 0.160417 0.239063 0.162500 0.232813 0.164583 0.228125 0.166667 0.223438 0.168750 0.215625 0.175000 0.203125 0.179167 0.195312 0.183333 0.185938 0.189583 0.182812 0.193750 0.181250 0.193750 0.179688 0.195833 0.179688 0.197917 0.176563 0.202083 0.175000 0.208333 0.175000 0.222917 0.176563 0.229167 0.185938 0.241667 0.189062 0.243750 0.192188 0.245833 0.203125 0.250000 0.223438 0.250000 0.232813 0.247917 0.239063 0.245833 0.250000 0.241667 0.268750 0.233333 0.271875 0.231250 0.275000 0.229167 0.279687 0.225000 0.287500 0.214583 0.290625 0.208333 0.292187 0.204167 0.292187 0.187500 0.287500 0.175000 0.279687 0.164583 0.276562 0.162500 0.273438 0.160417 0.267188 0.158333 0.257812 0.158333
22 0.698438 0.883333 0.695312 0.885417 0.692187 0.889583 0.690625 0.893750 0.689063 0.902083 0.690625 0.910417 0.692187 0.920833 0.695312 0.929167 0.695312 0.939583 0.696875 0.945833 0.700000 0.952083 0.704688 0.958333 0.712500 0.958333 0.718750 0.966667 0.723437 0.970833 0.726562 0.972917 0.739062 0.972917 0.742188 0.970833 0.746875 0.964583 0.748437 0.958333 0.748437 0.950000 0.746875 0.943750 0.745313 0.939583 0.734375 0.925000 0.728125 0.912500 0.718750 0.900000 0.712500 0.887500 0.710938 0.885417 0.707812 0.883333 0.698438 0.883333
6 0.195312 0.447917 0.242188 0.452083 0.298438 0.452083 0.342187 0.454167 0.381250 0.456250 0.389062 0.460417 0.400000 0.460417 0.423438 0.458333 0.426563 0.462500 0.426563 0.491667 0.425000 0.518750 0.417187 0.531250 0.412500 0.541667 0.410938 0.547917 0.409375 0.554167 0.407813 0.564583 0.407813 0.585417 0.409375 0.595833 0.410938 0.602083 0.412500 0.608333 0.414062 0.612500 0.421875 0.627083 0.423438 0.631250 0.423438 0.693750 0.421875 0.725000 0.415625 0.733333 0.384375 0.760417 0.382812 0.760417 0.375000 0.768750 0.373437 0.768750 0.371875 0.779167 0.373437 0.783333 0.375000 0.787500 0.379688 0.793750 0.385937 0.810417 0.395313 0.827083 0.395313 0.831250 0.328125 0.833333 0.235937 0.831250 0.223438 0.802083 0.226562 0.800000 0.229687 0.795833 0.231250 0.795833 0.232813 0.793750 0.232813 0.791667 0.234375 0.789583 0.239063 0.785417 0.248438 0.779167 0.253125 0.775000 0.257812 0.770833 0.260937 0.766667 0.264062 0.760417 0.264062 0.750000 0.262500 0.743750 0.256250 0.735417 0.253125 0.733333 0.240625 0.733333 0.235937 0.735417 0.231250 0.737500 0.228125 0.739583 0.225000 0.741667 0.218750 0.747917 0.215625 0.750000 0.209375 0.752083 0.206250 0.754167 0.196875 0.766667 0.195312 0.772917 0.195312 0.785417 0.196875 0.789583 0.198437 0.793750 0.203125 0.800000 0.206250 0.802083 0.209375 0.804167 0.220312 0.804167 0.223438 0.802083 0.235937 0.831250 0.160938 0.829167 0.146875 0.827083 0.143750 0.822917 0.143750 0.770833 0.146875 0.735417 0.148438 0.691667 0.150000 0.647917 0.151562 0.587500 0.151562 0.497917 0.153125 0.466667 0.154688 0.450000 0.195312 0.447917
23 0.500000 0.445833 0.498437 0.450000 0.498437 0.454167 0.504687 0.470833 0.514062 0.483333 0.518750 0.487500 0.521875 0.489583 0.528125 0.489583 0.529687 0.485417 0.529687 0.477083 0.525000 0.464583 0.521875 0.458333 0.518750 0.454167 0.514062 0.450000 0.509375 0.445833 0.506250 0.445833 0.500000 0.445833
22 0.812500 0.875000 0.807813 0.877083 0.801562 0.885417 0.801562 0.900000 0.803125 0.904167 0.820312 0.927083 0.831250 0.937500 0.835938 0.943750 0.839063 0.954167 0.845313 0.962500 0.848437 0.964583 0.859375 0.964583 0.862500 0.962500 0.865625 0.960417 0.867188 0.958333 0.868750 0.954167 0.870313 0.950000 0.870313 0.935417 0.868750 0.931250 0.862500 0.922917 0.856250 0.918750 0.850000 0.910417 0.850000 0.908333 0.842187 0.897917 0.834375 0.893750 0.825000 0.881250 0.820312 0.877083 0.815625 0.875000 0.812500 0.875000
